0.995200
0.554900
1.080300
0.568600
1.093200
0.521100
0.536400
1.561800
1.067800
0.534500
0.536100
0.534100
1.080600
2.568200
0.704200
1.047700
0.996300
1.139700
0.525000
1.063900
1.086200
0.547100
0.535100
0.548900
0.544500
1.107700
0.532100
0.530200
1.616000
1.075500
0.526800
0.739900
0.539300
0.531200
1.087500
0.541800
0.551900
0.539800
2.000700
0.531600
1.073200
1.647700
1.043100
1.001100
1.077000
0.998700
0.533100
0.000000
1.082200
0.527100
0.532600
0.539400
0.605000
1.091000
0.525900
0.525600
0.783900
0.534500
0.601400
0.525300
0.526300
1.266900
0.531900
0.527900
0.543600
0.557500
1.211800
0.532300
0.539400
1.000200
0.532000
0.531900
0.678300
0.578400
6.033000
1.077500
0.546200
0.551100
0.533500
0.527900
0.527900
0.524800
0.551800
0.553000
0.542600
1.080800
0.999100
1.053800
0.536000
0.556900
0.535200
0.568000
0.527200
0.529800
0.542900
0.578300
0.541400
1.115300
1.070500
0.539500
1.071100
0.541000
1.082500
0.544800
1.138200
0.533100
0.544600
1.076300
3.526600
0.995000
1.164400
0.548800
1.070500
2.087100
0.535500
0.531000
0.999200
1.041300
0.530800
0.528300
3.001200
0.540800
0.528600
0.530600
0.998100
0.526700
0.533400
1.053400
1.342500
0.529700
0.537100
0.530700
1.662900
0.017200
0.567500
0.527700
1.093000
0.567300
0.532100
0.532400
1.127300
1.674900
1.001500
1.043800
1.073000
1.000800
0.531200
0.529200
0.523800
0.574900
1.074800
0.537600
0.541100
0.540600
1.051700
1.339100
0.545200
1.061000
0.541400
1.056400
0.526100
0.999100
0.550600
1.066300
1.072100
0.537900
1.067700
1.670600
0.531700
1.642700
0.545300
0.534700
0.522400
1.001100
0.542800
1.060000
1.076300
0.999700
0.535600
1.115900
1.229400
1.060800
0.524200
2.000500
0.535500
0.527700
0.997500
0.532500
0.998000
0.543500
0.000000
0.552000
0.531600
1.697900
0.000000
0.999500
0.530900
1.576300
1.091300
0.506700
0.551200
1.081600
1.000800
4.593700
0.807900
0.796500
7.341900
0.000000
1.016100
13.548500
30.697800
6.617100
2.000800
1.002400
1.000400
1.268700
0.521000
0.527000
1.068200
1.064100
0.927800
0.531400
0.542900
1.081300
2.776700
0.506300
0.533200
0.686700
1.096100
0.539700
0.536800
0.529100
1.163200
1.075800
1.084500
0.999400
1.076800
0.532000
0.535600
1.640900
0.997900
0.533600
0.547400
0.540300
0.998100
0.533400
0.537000
1.152500
0.528000
0.546200
0.539000
0.540400
0.517900
1.056000
1.067500
1.732600
0.554400
0.532600
0.536100
1.424100
0.562100
0.520700
0.531700
1.100300
0.533700
0.534200
0.538000
1.811000
0.535700
0.536100
0.997300
0.538200
0.542900
0.533800
0.554800
0.527300
1.070000
0.538200
0.535400
0.552000
1.847500
0.999300
1.580700
1.092900
1.003300
1.079200
0.539700
0.556300
1.170900
0.998200
0.545500
0.534000
2.003000
0.528200
0.648300
0.546100
0.811200
0.522100
0.507100
0.516300
0.996900
1.998200
0.531800
1.001200
0.538500
0.615000
2.642100
1.116800
0.540800
0.561000
1.089500
0.532700
0.018000
0.544300
2.324000
0.551400
0.507600
0.571000
0.531100
0.530600
1.098700
0.550100
1.069500
1.087300
0.554300
1.004200
0.647200
0.535700
0.528200
0.999800
1.670700
0.563400
0.999700
0.542100
1.426200
2.936500
0.536400
0.551100
1.342000
1.999900
0.999800
0.541400
1.077600
1.182700
1.081400
0.534800
1.061600
0.538300
0.998500
0.551700
1.096300
1.062000
0.000000
1.087700
0.537000
0.544200
0.527800
0.537500
0.000000
1.589800
0.533300
0.536300
0.528900
0.557600
0.536500
0.525000
0.552600
0.533800
0.530900
0.537000
1.969800
0.524100
0.998100
0.522700
1.595800
0.535800
0.541600
0.567700
0.528700
0.534800
0.531400
1.703400
0.532700
0.532700
0.517900
0.536300
0.549300
0.538900
0.519900
1.666100
0.530100
0.537800
0.525100
1.760000
1.073700
0.694400
0.537800
0.524300
0.520000
0.536700
4.182600
4.783900
0.999700
2.676300
1.996200
1.126200
0.554500
1.070700
0.345800
0.554800
1.166500
0.539100
0.538000
0.990800
0.000000
1.032500
0.537100
0.542400
0.524300
1.170500
1.178600
0.552400
0.538100
0.555300
1.997800
0.533400
0.567700
0.534300
0.537300
1.001300
0.528100
0.540900
1.179800
1.110200
0.539100
0.552700
0.544700
0.547400
0.997400
0.534700
0.531600
0.526400
0.535500
1.201800
0.530000
0.540300
1.230400
0.600700
0.553000
0.546600
0.539900
0.534800
0.537800
1.650600
0.534500
0.533700
0.540000
0.972400
1.000900
0.520000
1.076700
0.998800
1.001000
0.850300
0.532800
2.540300
0.528900
0.535800
0.532800
0.568400
0.571000
0.521600
0.539900
1.471700
2.157200
0.533400
1.049000
0.530600
0.538500
0.527200
0.527800
0.537300
0.530600
0.554900
1.117300
0.526900
0.539300
0.558900
0.520500
0.532200
1.126800
0.534200
0.539500
0.542100
0.538600
0.560400
1.002700
0.532300
0.527300
0.529400
0.044600
0.529100
0.000000
0.542000
0.000000
1.063500
0.531800
0.523300
1.065400
0.530100
0.530600
0.545900
0.527000
0.540800
0.545700
1.007000
0.534100
0.537900
1.599200
2.000700
0.543900
0.533300
1.458300
0.527700
0.543600
0.547600
1.761300
0.532700
0.019800
0.550300
0.543400
0.526500
1.114600
1.715900
0.536600
0.544300
1.166800
0.541300
0.841400
0.522000
1.422900
0.635100
19.518700
35.461800
2.098300
2.086000
1.000400
1.007000
0.998400
0.540900
0.541900
1.086800
0.548500
0.615100
0.529800
0.537400
0.532400
0.997600
0.525500
0.536800
0.536100
1.880100
1.108900
0.532300
0.533000
0.517300
0.528400
0.528200
1.248200
0.544700
0.543200
1.078500
1.088100
0.536700
0.539600
0.538200
0.587500
0.000000
0.527700
0.526500
0.000000
1.098400
2.405700
0.521700
0.533100
1.059400
0.532100
0.531200
0.527400
0.545100
0.526300
0.538300
0.543500
1.066200
0.535400
0.536100
0.999100
1.088000
0.540000
0.521100
1.081400
0.537400
0.522400
1.165900
0.527700
0.541200
0.533700
1.218200
0.523600
0.567200
0.533900
1.071300
1.093200
0.531600
1.074300
0.528300
0.556800
0.543300
0.534100
0.533100
0.537500
0.542600
0.556000
0.524900
0.542700
0.554500
1.000600
0.000000
1.604900
0.547300
0.619800
0.000000
0.530000
0.527500
1.112500
0.549200
0.734300
0.542600
1.076400
0.532400
0.000000
2.595500
0.528600
1.071900
0.549000
1.076000
0.543500
0.015600
1.087400
0.537300
0.528900
0.539100
1.113800
0.531500
0.546500
0.540700
1.030500
0.531300
1.087700
0.537600
0.998200
0.537800
0.533900
0.520400
0.541700
0.532400
0.533000
0.567600
0.541100
0.537000
0.527900
0.550700
0.551200
0.737100
0.000000
0.584000
0.999000
0.533400
0.000000
0.541100
0.000000
0.528900
0.542000
0.542000
1.620000
0.542300
0.535800
0.542100
1.001400
0.532800
0.533500
0.535300
1.276100
1.002000
0.531600
0.526100
0.587000
1.070800
0.543700
0.711000
0.541300
0.566000
0.536200
1.127300
0.533300
0.536100
0.536100
0.601900
0.000000
0.539900
1.002400
0.534100
0.528900
0.534800
0.520900
0.536900
0.606500
0.536900
0.532400
3.052500
0.532200
0.528100
0.541000
1.061200
0.544700
0.535300
1.061100
0.546600
0.522200
0.268600
1.080600
0.528200
0.537500
0.539700
0.518500
0.534100
0.523900
1.073400
1.070300
0.999200
0.999800
1.295900
0.546300
1.069700
0.532000
1.116000
0.547800
0.551200
0.532600
0.537100
0.031600
0.529600
2.160100
0.559900
1.063700
1.067800
0.534100
0.530700
0.543700
0.543400
1.729800
0.538600
0.528000
0.543200
1.499600
0.526700
0.529700
0.532500
2.994200
0.519100
1.002700
0.590300
0.000000
0.547600
0.555100
1.400100
1.458900
12.347300
16.759300
0.538900
0.685000
0.000000
0.549900
0.529800
0.527400
0.524700
1.253500
0.533500
0.544300
0.528900
0.549000
0.534400
0.529400
0.546900
0.557800
0.537100
0.041400
0.531900
1.075100
2.002300
0.537400
0.535900
0.567800
0.524100
0.538700
0.524400
0.521200
1.207100
0.533900
0.542400
1.075300
0.573000
0.027400
1.076600
0.522900
1.483300
0.533300
0.574700
0.555400
2.912100
0.533900
0.536200
0.532000
0.539800
0.539200
0.537600
1.122100
1.137400
1.224800
1.001800
0.532100
0.540700
0.998300
0.997300
0.535500
0.536500
1.002500
0.532900
0.527300
0.518700
0.543000
0.533100
0.553600
0.521200
1.765300
0.535600
0.552800
0.532100
0.531200
0.523200
0.000000
0.522900
0.538100
0.691300
0.518500
1.841400
0.994900
0.570100
0.533000
1.138200
0.570000
0.523200
1.000500
0.533000
0.997400
0.526800
0.539500
1.268600
0.537200
0.524300
0.547100
0.553600
0.544100
0.521600
1.064500
0.544900
0.880000
0.539400
0.522000
0.544300
0.545800
0.546300
0.529200
0.542900
0.559200
0.524700
0.531000
0.887600
0.529100
0.631100
0.541100
0.525800
0.996900
0.532700
0.526700
1.223700
0.544400
0.537700
0.543100
0.991700
0.535400
0.530900
0.535600
1.002300
0.537000
1.092100
1.077100
0.536200
1.036800
0.519800
0.537400
0.534800
0.997800
0.543400
0.522400
0.530800
0.537400
0.000000
4.869300
0.569000
0.525100
1.054600
1.417900
0.519300
0.508700
0.533700
0.532200
0.529700
1.077300
0.538100
0.554200
0.000000
0.538000
4.548900
0.546000
0.000000
0.546500
2.002400
0.541000
0.547900
0.535400
16.056800
1.068600
0.541400
0.537000
1.000200
0.526200
0.518700
0.543100
0.011400
0.531900
0.522000
0.554200
0.530000
0.544200
0.535900
0.543600
0.540300
0.542100
0.541300
1.615100
0.537900
0.000000
0.555900
0.539700
0.546700
0.528800
2.137500
0.533600
0.539400
0.563300
0.537900
0.539700
0.018600
0.677600
2.803900
2.111300
0.997400
0.996800
0.533800
0.998800
1.002200
1.123200
1.090300
0.531300
0.535600
0.522200
1.675800
0.561000
0.549600
0.997400
0.548400
0.532600
0.542800
1.061300
1.180200
0.884900
0.528500
0.539200
0.553600
1.106900
0.542800
0.550000
1.370700
0.533100
0.533100
0.647700
0.524900
6.999500
0.999700
1.422800
2.098800
1.236800
2.354700
1.353900
2.362000
1.999200
1.003700
2.004900
12.076900
0.560500
0.531200
0.535800
1.098900
1.070800
1.732300
1.000900
0.531700
1.084000
0.527100
0.533400
0.543100
1.560100
0.558100
0.531800
0.000000
0.596800
0.532600
0.523300
0.533200
1.399300
0.533200
0.039600
1.092200
0.540400
2.752700
0.534800
0.529700
0.561300
0.538900
0.560800
0.539500
1.524000
0.532900
0.519900
0.561300
0.000000
0.541400
0.552200
0.539400
0.994200
0.532600
0.536600
0.913000
0.013700
0.534100
0.531700
1.041800
0.938000
0.024000
1.099400
0.530900
0.538700
1.103300
0.529100
0.534500
0.553000
0.526200
0.000000
0.736400
0.534300
0.520000
0.542600
1.062300
0.526300
0.542700
0.535200
1.075100
0.529500
0.524300
1.090900
0.535200
0.584900
0.536100
0.524000
0.536100
1.071900
1.102400
0.549700
0.538900
0.535600
1.097800
0.534400
0.543000
1.073500
0.516600
0.528800
0.534200
0.537200
0.536100
0.000000
1.204800
1.986700
0.856500
0.000000
0.535900
0.814900
0.537700
0.544200
0.525900
0.534600
0.539800
1.115500
0.528300
0.551200
0.552000
0.546300
0.530400
0.536500
0.537400
0.545100
0.531500
0.532300
2.187400
0.567200
0.541400
0.538300
0.526800
0.543000
0.558100
0.534300
0.542200
0.546700
1.030200
0.833400
0.534600
0.529700
0.527300
1.049600
0.538300
1.594300
0.521800
1.428600
0.000000
0.529100
1.158600
0.562300
0.579600
0.555200
1.299400
0.537700
2.457900
0.992600
1.641900
1.053000
0.999600
0.541200
10.262100
1.212400
1.210500
0.998300
0.532000
0.540300
0.548400
0.546500
0.521400
0.553200
1.096300
0.570200
0.921700
0.600800
0.544400
0.526200
0.520200
0.529200
1.954000
1.077000
0.547500
1.068200
1.066100
0.540600
0.528600
0.543600
1.844900
0.550400
1.073300
0.556700
0.728600
0.537500
0.537800
0.534200
1.091100
0.551400
0.557700
0.552900
0.532100
0.533200
1.195300
0.548500
3.056500
0.563900
0.518400
0.537600
0.541500
0.533000
0.536000
0.997400
0.535600
0.539000
0.601400
2.229700
0.533300
0.537600
0.551400
1.075700
0.560900
0.526600
1.092800
0.527900
0.530100
0.535700
0.531100
0.528800
1.076500
0.540700
1.045100
0.557500
0.526700
0.575700
0.943300
0.682500
0.527900
1.453100
0.528200
0.543100
0.761700
2.585800
0.536800
0.519300
0.533100
2.305900
0.534700
0.517000
0.540600
0.555000
0.542300
0.540400
0.531500
0.534500
1.058300
1.089400
0.541300
0.529200
0.545000
0.537000
0.670000
0.539900
0.550300
1.048900
1.667200
0.537600
0.545200
1.081700
0.585500
0.542100
0.537100
1.085400
1.373300
0.539200
0.535600
0.549200
0.534200
0.520800
0.526800
1.009000
0.539500
1.062300
0.536800
0.615700
0.548100
1.001100
0.000000
0.533900
0.517300
24.059700
0.588000
0.000000
1.656900
0.524900
0.535500
1.259700
1.224200
1.756700
0.536400
0.532300
0.534300
4.999800
0.533900
1.037800
0.531400
0.534800
1.068900
0.532600
1.082500
0.540000
0.538300
0.535800
0.544000
0.000000
1.224200
0.552200
0.544000
0.509100
1.001600
0.534400
0.542100
0.999900
0.675500
0.535400
0.534200
1.002100
0.535000
0.529300
0.521000
0.011500
1.567100
0.551600
0.560700
6.999600
1.172200
6.271300
1.001800
1.127100
0.566700
1.313400
0.542400
2.068900
0.541700
0.536000
1.061900
0.534400
0.541400
0.542400
0.542700
1.090200
0.549900
0.532000
0.553200
0.685400
0.531800
0.558300
0.532300
1.003200
0.531900
0.533400
0.538600
0.525900
1.057700
0.547000
0.552800
1.083200
0.000000
0.538300
0.554000
0.538700
0.525800
0.539600
1.132200
0.524300
0.539600
0.540400
1.036200
1.082100
0.546900
0.544000
0.558800
0.536500
0.544200
1.147700
1.068100
21.328400
3.004800
1.071900
1.755300
3.084300
3.996900
1.075500
1.999000
1.700700
1.002700
0.528400
1.056600
0.525500
1.058500
0.526100
0.539200
1.053200
0.528600
0.535000
1.000900
1.153600
0.532000
1.057600
0.564900
0.534100
0.534800
0.534400
1.002000
1.084300
0.529600
0.538000
0.553600
0.526500
0.532100
0.542500
1.633300
0.544500
0.549200
0.536000
1.998400
0.541400
0.534500
0.537300
3.656800
0.530900
0.521100
0.535600
0.536200
1.659900
0.534500
0.543300
0.540900
0.009900
0.529800
1.092400
0.549800
0.521000
0.573000
0.523600
1.049200
0.538100
1.588800
0.569900
0.545300
0.537600
0.539200
0.572100
0.626300
0.535300
0.534000
0.565200
0.555800
0.000000
0.000000
1.061300
0.560500
0.550000
0.994300
0.999300
1.209300
2.287600
0.538700
1.095500
2.199100
0.527700
0.552700
1.146700
1.097300
1.044200
0.542100
0.627800
0.543700
0.534100
0.528800
0.530400
0.547100
1.057400
0.555000
0.537400
2.007000
0.531400
1.129000
0.538000
1.068800
0.541800
0.535400
0.000000
1.031300
0.529000
0.528900
0.540400
1.124400
0.573900
0.531200
1.147700
1.598300
0.538200
0.537200
0.550100
0.521000
0.544400
0.543400
0.541800
0.540700
0.553300
1.091200
0.000000
0.525300
0.536600
0.591700
3.157500
0.549800
0.552400
0.545900
0.533300
0.521100
1.169000
4.197500
0.566700
1.080700
0.540100
0.997600
1.105900
1.048500
8.529400
1.846600
0.531600
1.002000
0.000000
0.699700
0.540000
1.077000
0.732300
0.540000
0.546200
0.538900
0.533300
0.583600
0.539500
0.542100
0.546400
1.064500
0.534900
0.575000
0.531000
0.568400
0.530100
0.518100
0.000000
1.212900
1.059000
1.000100
12.261600
0.751500
0.539200
1.064000
0.541000
0.537900
0.536700
0.538900
1.070600
1.041600
0.546200
0.544300
0.527200
0.527500
0.538500
1.077800
0.535900
0.534200
1.066600
0.976300
0.528500
0.547900
0.544600
1.001700
0.547400
0.531000
0.524900
0.542600
0.536400
0.552700
0.549000
0.537300
1.081100
0.649500
0.828700
0.017600
0.528800
0.527700
0.530800
0.541600
0.527400
1.075800
0.549100
0.538700
0.506500
0.025000
0.563600
1.081800
0.539100
0.545700
2.463000
2.210000
0.533300
0.538500
0.000000
0.532800
0.531300
0.555700
0.000000
0.525500
0.998000
1.088400
1.437500
0.532400
0.544700
0.536200
0.543800
0.535300
0.542200
0.545400
1.996900
0.000000
0.555500
0.529400
0.534000
0.531600
1.598500
0.542900
0.996800
0.547700
0.541200
1.099500
1.527100
0.599300
0.530900
0.535400
0.544000
0.573600
0.546000
0.540500
0.631300
0.538200
1.065800
1.073000
0.539900
0.533300
0.559600
0.544900
0.538000
0.542200
1.003300
0.694700
4.168500
4.055300
0.999500
0.671000
0.528800
0.527100
0.530000
0.516700
0.522900
1.065400
0.531500
1.185500
0.553400
1.058700
0.563500
1.105300
3.428700
0.523300
0.526800
1.092000
0.518000
0.530900
0.534600
1.372700
0.071700
0.520900
2.036000
4.033400
0.529400
0.508800
0.539600
0.544000
0.533600
0.534300
1.993700
0.544200
0.539600
0.544600
0.535700
1.090800
0.570400
1.097700
0.532800
0.555100
0.770600
0.000000
0.533400
1.072000
1.000900
1.049600
0.536500
0.521000
2.559900
2.008600
0.549400
0.546100
0.532200
1.651100
0.545000
0.537200
2.000800
0.539700
0.536400
0.538000
1.413500
0.543300
0.586000
0.561000
2.795500
1.061200
0.998700
0.580300
0.561600
0.540900
0.741400
0.545100
0.539500
0.553400
1.174800
0.545000
0.535500
1.049200
0.533100
0.531700
1.073200
1.165700
0.533000
1.062200
1.085100
0.535000
0.523700
0.897000
0.533800
0.000000
0.552100
1.072200
1.283500
0.032600
0.539400
0.528000
0.020800
0.533000
0.537700
3.001500
0.998700
2.306400
2.135100
1.212300
1.647000
1.004600
0.523000
0.534100
0.550000
0.536400
1.117300
1.077600
0.527900
0.524200
1.076800
1.520100
0.540300
0.543900
1.068900
1.627900
0.539600
0.528100
1.356100
2.088600
0.534100
0.531100
0.533400
0.527600
1.092200
2.522300
2.252400
0.526300
0.000000
2.139000
0.835700
2.032100
4.371500
0.891400
1.101200
6.083300
1.997000
1.064100
2.351200
1.054100
0.000000
1.812200
2.003500
0.536700
11.332100
5.676500
1.111100
0.596600
0.533400
0.542900
0.533800
0.530000
0.000000
0.534100
1.085600
0.545500
0.000000
1.074300
0.535600
0.000000
0.529200
0.110400
0.555300
0.533200
0.518800
1.101500
0.516800
0.535700
0.521000
1.063100
0.538100
1.052800
1.236800
0.529500
0.559800
0.406000
0.000000
1.056100
0.533900
2.449800
0.535900
1.135000
1.627200
1.054600
0.536500
0.864000
2.984700
0.531800
0.531300
0.999900
0.544500
0.535700
1.243600
0.736300
0.550500
0.545200
1.743100
0.531400
0.535900
0.541900
0.584700
0.528700
0.544100
1.081100
0.529400
0.544800
1.600100
0.000000
0.527300
0.536900
1.523200
0.533500
1.001800
0.604500
0.541300
0.027200
1.095900
0.528200
0.535800
0.531100
1.644500
0.529400
0.538900
0.517200
0.543800
1.077900
1.088000
0.534500
0.533600
1.104200
0.535800
0.534300
0.542800
0.536400
0.996300
0.534800
0.543400
0.543200
0.525300
1.004000
0.534800
0.575500
0.524200
1.070700
0.531900
0.528900
1.085200
0.540700
4.506600
0.543100
1.001900
0.545900
1.068800
0.544000
0.000000
0.536200
0.521400
0.528800
0.549400
0.543000
1.314700
0.531200
0.536000
1.179400
2.999900
1.121000
0.538300
0.553000
0.981800
0.517800
0.530800
0.542100
0.533600
0.541500
0.537600
0.527000
0.536600
0.021200
2.245200
0.532800
0.532800
0.536500
0.552800
0.569700
0.533300
0.549000
1.554500
0.565000
0.037200
0.543400
3.071800
0.536900
1.087900
0.559500
0.539800
0.521000
0.529500
1.003100
0.527900
0.533700
0.541400
0.659300
0.535600
0.635900
0.561700
0.530800
0.543900
2.966900
3.014000
0.531900
4.999600
1.086900
0.535100
0.534100
0.547600
0.542900
1.400800
0.527200
0.546100
1.133700
1.081100
0.568400
0.571400
1.059200
0.536800
0.532600
0.034500
0.529400
0.549000
0.526200
0.994700
0.542400
1.986300
1.745700
0.998600
0.565400
1.630100
0.565800
0.539100
1.726400
1.260200
0.552500
0.536100
0.582000
1.054200
0.000000
0.544400
1.096200
0.553900
0.536800
1.176300
0.000000
0.530800
0.542700
0.530300
0.531100
0.534500
0.540000
1.178300
0.540600
0.533400
0.000000
0.533000
0.529900
0.531000
0.653400
0.521200
1.091700
0.542600
0.544200
0.530600
0.559100
1.172800
0.540500
1.066700
1.112200
1.064900
1.117500
0.519800
0.540900
0.508300
0.524100
0.534200
0.535200
0.000000
0.535700
0.000000
0.526500
0.572800
1.785100
1.832500
0.999800
0.532900
0.528800
1.817500
0.543600
0.999700
1.086700
0.536000
0.525000
1.004300
1.083500
1.098300
1.067400
0.546000
1.311700
0.535200
0.551200
0.544800
1.326900
0.020700
1.002300
1.155900
0.525400
0.531700
1.077300
0.997400
1.159300
0.538900
0.000000
0.548600
1.088800
0.545100
0.534700
0.000000
0.615700
0.530400
0.535600
0.546500
1.130100
0.535500
1.041500
2.485700
1.000600
0.528100
0.543600
0.999800
0.548000
0.030300
0.531400
1.120900
0.533100
0.547000
0.525700
0.533800
1.057500
0.545600
1.086700
0.543500
0.528800
0.528400
0.741800
0.537600
0.538500
0.547200
0.753700
0.539500
1.088200
0.696400
1.845700
1.132500
0.999900
1.894100
0.998400
0.530800
1.049700
0.568500
0.534600
0.539600
0.555900
1.087500
1.272100
0.011000
0.537200
1.077900
2.619800
0.560900
0.545200
0.546600
1.139500
1.069000
1.085600
0.536000
0.537900
1.132000
0.556600
1.526200
0.540900
1.097200
0.527800
0.532300
0.544000
0.530700
0.546900
1.002200
0.537300
0.530400
0.540400
1.246000
0.527700
0.533500
0.530500
1.092300
0.637300
0.529900
0.536700
0.570300
1.089700
0.527800
0.535800
0.554400
0.533600
0.805300
0.529000
0.536200
1.072200
1.093600
1.288200
0.538400
0.656100
4.218600
1.968200
3.004300
1.067900
10.697800
6.731500
1.166000
1.097200
1.098300
0.532700
0.528400
0.536300
0.524800
0.526400
0.548900
0.520200
0.532000
0.536100
0.542500
0.524400
0.527800
1.045600
0.000000
2.230900
1.064500
0.536500
0.540100
0.538800
0.549900
1.064400
3.385800
2.541700
14.998700
2.028700
0.934800
0.736300
0.000000
0.533100
0.000000
0.032800
0.520300
0.534300
0.542800
0.540000
0.547200
0.582600
1.614600
0.545500
0.550500
0.543500
0.556400
0.998100
0.000000
1.085100
0.538400
0.534200
0.544000
0.539500
0.545400
0.545400
0.522900
0.536200
2.366600
0.547700
1.043600
1.050600
1.372600
0.538200
0.547800
0.562800
1.096700
0.535300
1.071600
0.537100
0.522800
0.521900
1.210100
0.525800
0.539700
1.280900
0.506700
0.560900
0.536400
0.546500
0.532600
0.532900
0.561600
0.509000
2.595100
0.539300
0.538400
1.073200
2.594200
0.532800
0.530900
0.544500
0.542300
0.508400
0.563600
0.534400
1.002000
0.533900
0.547500
0.542900
0.534500
0.532400
1.088700
0.565300
0.561900
0.533200
0.540400
0.547100
3.003500
2.115400
0.961000
0.534600
0.533900
0.528400
0.541700
1.342100
1.077900
0.540900
0.540000
0.528500
0.539100
0.518700
0.735300
0.529200
1.045500
1.071500
1.653800
0.538800
0.536900
0.555200
0.533100
1.000300
0.531700
0.542100
0.531800
1.131300
0.707500
0.557700
0.529300
1.128500
0.539900
0.525600
0.553500
1.117900
0.531700
0.542900
6.584800
1.734900
1.233400
1.859300
0.999800
0.542700
0.533200
0.528500
1.001900
0.568900
0.535200
0.533500
0.548600
0.532300
0.537800
0.531600
0.541500
0.533100
0.536400
1.361600
0.537500
1.000200
1.000100
0.548100
0.529600
0.546300
0.543000
0.531700
0.553600
0.542000
1.780300
0.533600
0.531900
1.108300
1.103600
1.219200
0.550800
0.548800
0.535900
0.528500
0.540500
0.539000
0.533400
0.526100
0.521900
0.037400
0.535600
1.087500
0.537200
0.529100
0.000000
0.547400
0.528400
0.024700
0.527100
0.537300
0.549900
0.527900
1.004100
0.029800
0.564000
0.536800
1.067300
1.084700
0.547600
0.539000
0.989300
1.000400
0.537300
0.540200
0.774900
1.093900
0.528500
0.536800
0.028900
1.156600
0.548000
1.069300
1.145100
0.536400
0.537000
0.536000
0.536200
0.528600
0.527400
0.527700
0.527800
0.537000
0.537000
0.643500
1.084600
1.061100
1.092900
0.534500
0.539000
0.525300
0.533800
0.559300
1.002100
0.531800
0.540200
0.532000
0.538500
0.532400
0.000000
0.536300
1.070400
0.537200
1.065700
0.539100
0.538600
0.526300
0.998300
0.539900
0.538400
0.544200
0.997100
1.077400
0.000000
1.056700
1.965600
0.533000
0.535600
2.606200
0.527400
1.941100
0.541500
0.531600
1.362500
1.071600
0.530700
0.520200
1.524700
1.088700
1.116500
1.041900
0.541500
0.528300
1.379100
0.573300
0.000000
0.534700
0.998100
0.536900
0.539100
0.925800
0.526600
0.535200
0.550300
1.074600
0.523600
0.543000
0.527000
0.531000
0.526800
0.545000
0.526400
0.540900
0.534400
0.529300
0.527500
0.539700
1.067400
1.072700
1.182400
0.520700
0.527400
0.542000
0.034900
0.506500
0.529700
0.574700
0.545100
0.542100
0.542500
1.074000
1.068000
0.535700
1.251700
0.531100
0.534000
0.545200
10.131500
1.524900
2.687400
1.491900
1.895900
0.580500
3.522200
0.997800
3.000300
1.188600
1.134000
1.000600
1.065600
0.519600
0.564900
0.563400
2.172200
0.527100
0.555500
1.047400
0.549400
0.519900
0.532000
1.628500
0.828400
0.529700
0.534300
0.544800
0.551500
0.535100
0.525000
1.004200
1.407300
0.526300
0.534800
0.536800
1.062300
1.057800
0.533700
0.556700
0.537700
0.000000
0.000000
0.529500
1.056100
0.527200
0.529800
0.527900
1.528000
0.522900
0.525100
0.537500
1.065500
0.536500
1.796600
0.534200
1.091700
0.547100
0.541800
0.543200
1.066200
0.530500
0.531500
0.535700
1.045200
1.076300
1.072800
1.091200
0.551000
0.532700
0.557200
2.066800
0.530400
0.026600
0.537400
1.524100
0.546100
0.543300
1.116600
0.524500
0.533900
0.534800
1.616700
1.398500
0.550000
0.837700
1.066200
0.534800
0.536100
0.535100
1.081300
0.546600
0.563000
0.530700
0.527000
0.539500
0.539400
2.149600
0.518400
0.544000
0.532900
0.637800
0.550500
1.092100
0.523800
1.276200
0.563200
0.543200
1.068500
0.846700
0.535800
0.543000
18.018000
1.183300
0.530600
0.539400
0.517700
0.543600
0.523600
0.530400
0.524000
0.543600
0.531900
0.530300
0.539000
0.584100
1.084900
0.540700
0.530500
1.076000
0.000000
0.008700
0.000000
0.540400
0.533800
0.553000
0.537400
1.289700
0.530600
0.537000
0.550500
1.578400
0.538300
0.545700
1.084900
0.551600
0.544800
0.547300
3.335100
0.533600
0.539600
0.528800
0.527500
0.523700
0.531800
0.525400
1.070600
0.529600
0.529500
0.543200
0.569300
1.063800
0.538300
1.201200
0.535000
0.545100
0.738200
0.508300
0.526000
1.375500
1.296700
0.565300
0.537900
1.570500
0.530700
0.540400
0.540300
1.090100
4.227200
0.531600
0.539000
0.000000
0.540400
0.539200
0.533500
1.700800
0.540800
0.533100
0.930300
0.544900
0.532600
0.546400
0.559700
0.611000
0.067500
0.536300
0.525200
0.545600
0.540100
1.617400
0.538000
0.523100
0.531400
0.544200
0.540200
0.999600
0.532400
0.558800
0.532000
0.537300
0.529500
3.803900
4.254700
2.050600
1.411700
0.000000
1.870700
0.526700
3.046600
0.534300
2.426800
0.999700
3.011400
0.785000
5.948400
1.001500
1.238500
1.081000
0.000000
0.535200
0.526800
0.529600
0.000000
1.184900
0.542300
0.540400
0.533100
0.541900
0.525400
1.098300
1.194000
0.930500
0.556100
0.538800
1.133600
0.525600
0.536400
1.067700
0.712900
0.537200
0.528600
0.540200
1.188300
0.532800
1.029500
1.059900
0.999200
0.539000
1.071100
0.538500
0.536000
0.535300
2.374600
0.035300
1.079400
0.535800
0.546100
0.567300
0.530800
0.525500
0.532300
0.547900
0.555300
0.542500
1.077100
1.104200
1.215000
0.546800
0.532400
2.794300
1.693800
1.001400
0.997500
0.530800
0.531700
1.060200
1.056400
1.002500
0.538200
0.999800
0.529700
0.547300
1.108300
0.543800
0.572000
0.520900
0.026500
0.531900
1.000700
1.525900
0.525800
0.533000
0.534600
1.234000
0.530100
0.539500
0.533900
2.449300
0.530700
0.530400
0.554600
0.596900
0.547700
0.537200
1.313500
0.035900
0.542200
0.530800
0.000000
0.519200
0.531500
0.549000
1.053400
0.537500
1.089900
0.539900
3.557300
14.000800
0.000000
0.538300
0.760300
0.537300
0.545500
1.151900
0.539600
0.542800
0.999100
2.340700
0.999900
1.062900
0.521100
2.522800
0.553100
0.535200
0.539400
0.538600
0.522500
1.076200
1.001300
1.054400
0.554000
0.531000
1.459200
1.079600
0.532600
0.525600
1.063600
0.538400
0.524400
0.655400
0.574500
1.105200
0.536900
1.098200
0.542900
0.533000
1.027900
0.538000
1.087700
0.536100
0.530900
0.533500
0.022800
0.529700
0.537800
0.815200
1.067500
0.537700
1.076300
1.076000
0.536600
0.520700
1.094400
1.107800
0.530400
0.541300
0.541200
1.079700
0.998400
1.001500
1.544500
1.474000
0.637500
1.995000
1.925700
1.129200
0.780500
0.536200
1.107800
0.684700
0.557200
0.537800
0.527800
1.430400
0.531100
0.533700
0.536800
0.581900
0.527400
0.541400
1.094200
1.290600
0.534100
0.527700
0.545400
0.549800
0.532200
0.547000
1.133000
0.533400
1.841100
1.346600
1.999300
1.067200
1.000700
0.610000
0.536000
0.560400
0.538600
1.802700
0.526300
1.081900
1.431800
1.076800
0.542700
0.534000
0.000000
0.528600
0.528700
0.538900
1.004200
0.575000
3.185500
1.665100
0.535700
0.537100
0.529200
0.542600
0.537500
0.534900
1.019900
1.068800
0.018100
0.546300
0.531700
3.070500
1.060000
0.543100
1.120700
0.715300
1.082000
0.534700
1.077900
0.544200
0.533400
1.000600
1.066500
0.533900
1.067100
0.527600
0.553900
0.544900
0.544400
0.544500
0.546200
1.054700
0.539200
0.572600
0.536200
0.552400
1.505800
0.534400
1.119400
0.540800
0.544100
25.954600
1.062200
1.002900
1.121400
0.531100
1.113300
1.002100
0.919400
0.533500
0.579100
0.566600
0.530100
0.567700
0.542100
1.113900
0.535700
0.544200
0.545600
0.036300
0.536100
0.544400
1.238500
1.991600
0.545800
0.995300
1.116000
0.507000
1.100800
1.074800
0.551700
0.555600
0.000000
0.529400
0.555600
0.566600
0.517600
0.529300
0.521600
0.546700
0.542800
1.761000
1.069200
5.279200
1.998000
1.856500
0.598100
0.539800
1.175600
0.539400
1.164300
0.540900
0.835100
1.069000
0.876800
0.523900
0.532400
1.495000
0.549900
1.066000
0.540800
0.540800
0.537700
0.558200
1.105500
0.537200
10.414500
1.607300
5.940000
0.539300
1.004000
1.233300
0.549500
0.533000
0.549400
1.167700
0.522600
0.528000
1.080000
0.520500
1.085900
0.709400
0.544000
0.541400
0.544200
0.550300
0.521200
0.537000
0.540600
0.530800
0.544200
0.548700
1.078500
0.554000
1.066500
0.525900
0.556700
0.538100
0.546600
0.546500
0.536000
0.532100
0.542500
1.060100
0.519000
0.017900
0.529700
1.181300
0.000000
1.076700
1.033600
0.744600
1.063800
1.001900
0.528500
0.542200
0.534900
0.541500
0.543100
2.002800
1.140800
0.996600
1.995800
0.527700
0.544600
0.521100
0.610700
0.527200
0.542000
0.519100
0.537100
0.536100
0.539300
1.149500
1.080100
0.618600
1.069700
0.531500
0.532100
0.543200
0.542700
0.507300
0.540400
0.523700
0.535500
1.055300
0.549000
0.540700
0.545500
0.534700
0.519600
0.568000
0.529000
1.041900
0.529500
0.529500
0.602500
0.526600
1.087900
0.535300
1.322500
1.458500
0.525400
1.092900
0.523100
0.520300
0.538500
1.099300
0.550600
1.098400
1.000400
0.534300
0.534100
0.527800
1.995300
0.540700
0.925400
0.533100
1.185800
0.000000
0.570100
0.528300
1.084400
0.532900
0.532600
0.579800
1.279100
0.534300
0.534900
0.552300
0.000000
0.537400
1.141500
0.534500
1.330900
0.535200
0.540100
0.540200
1.085600
1.069200
0.549400
0.551000
1.090700
0.521300
0.508900
0.543700
0.535900
0.537600
0.051200
0.528300
0.523400
0.535700
1.071500
1.091700
0.535700
0.544700
0.541800
1.155600
1.016300
2.999100
0.536600
1.987400
3.582100
0.000000
0.561000
0.926800
0.522900
0.000000
0.533100
0.996900
0.990800
1.069100
0.535900
1.089200
0.539700
1.061900
0.998100
0.561800
1.953100
0.542200
0.541900
0.536900
0.543000
1.741100
0.552700
0.563500
2.000700
1.227400
0.547300
0.534000
0.536600
1.214300
0.548400
0.540600
1.134800
0.546400
0.548600
1.072000
1.643500
0.531300
0.540900
1.055500
0.541400
0.538000
0.543000
1.074800
0.999300
0.999500
3.000600
20.818900
1.003000
5.353600
4.999700
2.183600
31.680800
0.546400
0.999400
0.535300
1.078600
0.999000
1.064600
0.531300
1.103900
1.436800
0.544300
1.112800
0.537900
1.000900
0.537600
0.547900
0.533200
0.549100
0.540600
5.001700
0.535600
0.538300
0.543700
1.900200
0.533100
1.042800
1.060700
1.060000
0.537900
1.168500
0.994700
0.532100
0.548500
0.545000
0.531400
0.535400
0.542200
0.580800
0.537100
2.521600
1.071500
0.541800
0.526400
0.542200
0.545000
2.663500
0.528800
0.548100
0.536100
0.532200
1.296300
0.533000
0.999400
1.057300
1.058200
1.066000
0.526700
0.543800
0.521500
0.528400
0.538800
0.000000
0.539800
1.005900
0.533800
0.536100
0.532900
0.547300
1.088800
0.536800
1.115600
0.541100
0.913000
0.541000
0.539900
0.549900
0.528900
0.539600
0.533900
1.005200
0.564300
0.544400
1.715000
0.573300
0.525600
0.542500
0.544700
1.066300
0.539300
0.546100
0.546200
0.539000
1.081200
0.535800
2.387300
0.567200
0.552500
0.538200
1.069700
0.535300
0.542000
0.529100
0.530700
0.888800
0.017400
0.782600
0.551900
0.529500
0.528900
3.340200
0.526100
0.547000
1.001400
3.813900
0.547700
0.540000
1.055900
4.240800
1.101900
0.540700
1.174800
2.428600
0.544600
0.014900
0.550000
0.542100
0.510000
0.547600
0.994800
0.540000
0.585400
0.539000
3.792300
0.534300
0.568900
0.536300
1.997600
0.998300
1.004100
1.424700
0.723600
1.000300
0.531800
0.584800
0.539900
1.066900
1.006600
0.538100
0.582700
0.538700
0.541300
1.100600
0.000000
0.534000
1.070800
1.236400
1.057400
0.534200
0.943100
1.090000
1.067800
1.067200
2.999900
0.597400
0.549400
0.998000
1.003700
0.999600
1.001300
0.990400
0.555000
0.527000
0.541200
0.537300
2.436600
1.000200
0.527300
0.046200
1.150300
0.519300
0.548600
0.559800
1.116400
0.525600
1.061500
0.525700
0.530300
0.544100
0.554100
0.526400
1.744500
0.574800
0.537600
0.528400
0.538500
1.096300
0.517500
0.550100
0.543400
0.927700
0.560200
0.528300
1.068500
1.055900
0.548100
0.857200
0.548200
0.569100
0.537600
0.521700
0.541500
0.549800
1.203500
0.540400
0.543100
0.527700
0.564300
1.109900
0.530300
0.558500
0.532300
0.521700
0.532200
1.091100
0.552100
0.526200
0.520300
0.534600
1.999900
0.537200
0.968700
0.521600
1.079500
0.533100
0.547500
0.660900
1.081800
0.538200
0.559400
1.103500
0.534000
0.553800
0.609700
0.540100
0.541500
0.529800
1.630900
0.000000
0.534900
0.534000
1.055900
1.065000
0.539600
0.531000
0.531500
0.540900
0.532300
0.542300
1.257700
0.000000
0.535000
0.526500
1.770900
0.525100
0.539900
0.530000
1.082100
0.523100
0.538700
0.536900
0.528400
0.531800
0.530500
1.077200
0.523600
0.635100
1.000100
1.185400
0.542500
0.534100
0.533700
0.536800
0.537800
0.556900
0.000000
0.527300
0.558500
0.995900
0.519700
1.086800
0.531300
1.123800
0.507100
1.102700
0.529400
0.536600
0.551600
1.055900
1.443400
0.533500
0.557800
0.528600
0.007800
1.262200
0.527400
1.233900
0.538600
0.536900
0.532400
2.036000
0.548800
0.532900
0.668900
1.064000
1.059600
0.527100
0.527000
1.093000
0.537700
1.108100
0.540400
1.000400
0.000000
1.236300
0.947000
4.998500
0.543000
0.547200
0.536300
0.545500
1.289900
3.246600
0.536700
0.998700
1.710300
1.059700
0.530600
1.077100
0.535500
0.556300
0.540700
0.551100
0.529300
1.477800
0.539400
1.061400
1.680700
1.080100
1.994300
1.158100
1.052900
1.093700
0.546500
0.534100
2.096500
1.018000
1.076400
1.000000
1.003400
1.090000
0.994800
0.547500
1.901000
0.557500
0.532800
0.543300
0.529700
0.648900
1.163900
0.542600
0.557200
1.230000
0.526500
1.000300
0.684700
1.405100
0.529600
0.533700
0.000000
1.052000
0.534800
0.533500
0.548800
1.323400
0.530100
0.538300
0.533200
2.000200
0.552400
1.002200
1.101000
0.686700
0.530700
0.533800
0.555600
0.549100
0.560800
0.539000
1.061300
1.317600
0.531300
0.532700
0.549100
1.069100
1.090600
0.530100
0.000000
0.835800
0.536600
0.538300
0.588300
1.255400
0.529700
0.552000
0.556200
1.421200
1.051200
0.531300
1.683900
0.533700
1.407000
0.529900
0.538300
0.520800
1.236700
0.540200
0.530200
0.532500
1.396900
1.108000
1.093000
0.994700
0.547000
0.531900
1.085500
0.545900
0.526400
0.539500
1.000500
0.522400
0.609000
0.534900
0.000000
0.590000
0.544400
1.055100
0.536100
0.542600
0.556500
3.556400
0.536600
0.530100
0.540400
0.530300
0.508200
0.537200
0.546600
0.630400
0.541200
0.529700
0.543700
1.368700
0.529300
0.539800
1.191900
1.794500
1.075200
1.059600
0.540900
0.545500
0.000000
1.088500
1.179900
0.555100
0.520700
0.537700
5.510400
0.506200
0.524500
1.089600
0.551800
0.541000
1.044200
0.538600
0.540300
1.045900
0.584500
0.573200
0.541800
0.536700
0.542900
0.549400
0.031800
0.545200
1.087000
0.534500
0.549100
0.527200
0.538900
0.008200
0.531900
2.115900
1.002700
0.521600
0.529300
0.558300
0.533700
0.000000
0.543900
2.591100
1.381000
1.001500
0.586400
0.702500
4.534800
3.113000
0.535200
1.961400
0.995400
1.640100
2.000200
1.098600
0.998100
2.001600
2.781100
1.103000
0.774800
2.118500
2.002500
1.002000
1.777800
5.004600
0.845000
1.052800
1.011600
0.000000
1.515400
0.627700
1.998800
1.085100
2.257900
0.000000
0.537600
0.577200
0.520400
0.530300
0.541500
1.079900
0.529600
0.523800
0.534200
0.527400
1.976500
0.528400
0.529800
0.528100
0.661900
0.525100
1.118700
0.721200
0.541800
0.530300
0.542700
1.082600
0.728600
0.532900
1.188800
1.249400
1.676400
1.685700
1.170400
2.258200
1.037500
0.532900
0.530800
0.553400
0.028500
0.009300
0.543100
0.000000
5.314300
0.996700
0.540900
0.717900
0.535300
0.599700
0.533800
3.191100
0.553100
1.062000
0.538300
0.538200
0.000000
1.093600
1.842200
0.533900
0.573500
0.538400
1.122500
0.545200
0.559500
0.521900
1.182200
0.529400
0.538500
0.546700
0.543100
0.529000
0.553800
1.084700
1.068000
0.529900
1.158700
2.266000
0.534900
0.533700
0.537900
1.049100
0.564700
0.527500
0.542100
0.533600
1.471800
1.001100
2.696200
8.000300
7.265500
1.094500
6.129400
0.534800
1.999500
1.925900
0.543500
0.633900
1.003900
1.001800
1.000300
1.105400
1.279600
6.211400
0.996800
0.544300
1.992000
0.520600
0.553200
1.138200
0.536100
0.533300
1.577400
2.390100
1.000700
0.000000
0.797000
4.243300
0.618100
0.999900
1.388800
0.528500
0.544700
1.054900
1.044200
1.057000
0.528800
0.507300
0.546300
2.006000
0.539200
0.540300
0.540500
2.815200
1.062700
0.542700
1.000900
0.976300
5.656400
0.553700
0.000000
0.533200
1.581900
0.521300
0.536800
0.000000
0.534100
0.629200
0.528500
0.847000
0.538100
1.039600
1.097600
1.399600
1.086000
1.071400
0.000000
1.677500
0.542000
0.527900
0.537700
1.589600
0.549500
0.539100
1.097100
1.186400
1.148400
0.534000
0.542900
0.562900
0.546400
0.541400
0.532700
1.086700
0.540300
0.506600
1.073200
0.535300
0.536100
0.541000
1.065200
0.519800
0.525500
1.077100
1.077000
0.523800
0.521600
0.999600
0.608600
1.435900
2.131100
2.002000
1.997600
1.083500
2.998300
0.999700
0.997600
1.616400
0.542200
0.537300
0.525000
0.833000
1.113000
0.534500
0.532600
1.080500
1.937600
0.543900
0.535900
0.551500
0.527600
1.090700
0.558800
0.543600
0.536200
0.539600
1.078600
0.526500
0.012700
0.535100
0.529200
0.518900
1.147100
0.539800
0.528200
0.532700
0.538700
0.559300
0.588300
0.019600
1.082800
0.525200
3.017700
1.084900
0.558800
0.562900
0.539300
0.523400
0.531900
0.565900
0.009400
0.524700
0.534700
0.538300
0.536600
0.551400
0.529500
0.530700
1.623400
0.553700
0.530700
0.547100
0.533000
0.527900
0.577000
0.540800
0.000000
0.540000
0.541200
0.543100
0.533200
1.093700
4.905700
1.065900
0.536300
0.538400
1.136300
0.523800
0.541200
0.552700
0.536500
0.535500
0.540100
1.067400
0.531600
0.538200
1.077700
1.084500
0.541900
0.537400
0.522200
0.999200
0.000000
0.534800
0.533200
0.591200
0.529000
0.541500
0.533300
1.301800
0.534200
0.544800
1.125200
0.531900
0.551900
0.529300
0.538200
0.537700
0.530100
0.538800
0.537900
2.217800
0.535800
1.098400
0.522700
1.078700
0.570700
0.533700
1.143300
1.284700
0.546400
3.996600
3.781400
0.999800
0.537100
0.546300
4.775800
0.526400
0.553600
1.067000
0.527000
0.531900
0.536500
0.552700
0.540500
0.533900
0.528500
1.116300
0.537500
0.524300
0.079300
1.638700
0.552000
0.527900
0.579400
0.527900
0.534400
0.522200
0.527500
0.532800
0.536800
0.532900
0.538100
1.062800
3.069100
0.520300
0.531200
1.585700
1.095500
1.001000
0.530100
0.542600
1.111800
0.530000
0.546100
0.538700
1.076000
0.538400
0.541500
0.537500
0.542600
3.572400
0.532000
0.528300
0.549900
0.000000
0.531600
0.549600
0.552300
0.025400
1.089400
0.539500
0.528800
0.530900
0.544100
0.533000
1.072100
0.526200
0.540300
0.524700
0.557900
0.536400
0.540900
0.533700
0.534500
0.525000
0.532000
0.012100
1.393000
0.018600
0.000000
1.076000
1.085400
1.317800
0.530600
0.526800
0.765700
1.062400
1.002800
0.533100
0.580700
0.537600
0.534300
1.097600
0.531000
0.548500
0.018700
0.531900
0.539600
1.133500
0.527700
0.527900
0.519800
0.580000
1.068900
0.530600
0.542200
0.521900
0.553400
0.520300
0.522900
0.998200
0.535900
0.998400
2.623200
1.100200
0.539000
1.001100
1.000900
0.530600
1.073400
0.538200
0.540000
0.538300
0.542200
1.988800
0.998500
0.536700
0.532700
1.995800
0.000000
0.535400
0.563400
0.544500
0.533600
0.686000
2.094000
0.526100
1.064000
0.545500
0.523000
1.081500
0.536400
1.953800
0.538900
0.541300
0.542700
15.955300
1.002500
0.520800
0.537800
0.535200
0.538200
1.044200
0.532200
0.545800
1.763700
0.530500
0.562500
0.538700
0.559400
0.535900
0.542200
0.540200
1.138500
0.530600
0.539300
0.522300
1.777400
0.548100
0.571500
0.761400
0.997800
1.639300
1.992700
1.045400
0.538900
0.000000
0.535400
1.067500
0.529000
0.997900
0.540900
0.540400
0.568800
1.072100
1.042500
1.064600
0.541000
0.530200
0.553300
1.188500
0.539400
0.532800
1.874300
18.551800
5.553600
0.562700
0.016600
0.536900
1.601600
0.548600
0.539100
0.532500
0.527200
0.534900
1.458300
0.544800
1.050600
1.089400
1.002200
0.527100
0.547700
0.550000
0.541600
0.540400
0.530700
1.145200
4.303200
0.540300
0.555300
0.534100
0.542600
0.552700
0.537700
0.538500
0.558800
1.065900
0.522100
1.005300
0.986800
0.530500
0.545400
0.560200
0.536900
0.527900
0.530000
0.526200
0.520900
0.531600
2.158600
0.533400
0.620300
0.532400
0.546700
1.200400
0.534200
0.532300
1.099200
0.525900
0.536800
0.534000
0.974800
0.528600
0.539200
0.545400
0.532900
0.538600
0.543500
0.544100
1.092600
0.545400
1.097600
0.524800
0.533800
0.545100
0.538900
0.539300
0.553500
1.998700
0.530900
0.539100
0.536700
1.117200
0.539700
1.067700
0.536900
0.556600
0.550800
0.545900
1.057500
1.154300
0.994400
0.532700
1.069500
1.210300
0.543800
0.743500
0.537300
1.269500
0.521500
1.192100
0.545400
1.255300
0.532400
0.535400
0.540600
0.535800
0.566000
0.531500
0.000000
1.512100
0.532300
0.996600
0.548400
1.061900
2.654700
0.533300
0.563600
1.151000
0.539900
0.536300
0.545200
1.100800
0.525100
0.535500
0.537100
1.103500
0.535500
1.642300
0.542100
4.750800
0.540500
1.062900
1.000600
0.522800
0.540600
0.536600
1.001400
0.534600
1.000000
0.536700
2.394900
0.533500
0.535300
0.553900
0.508500
0.536900
0.526300
1.101800
0.532600
0.534100
0.541900
1.031200
0.534200
0.562000
0.706800
9.955000
2.506100
24.045900
3.861400
0.583200
2.651700
1.044700
1.116100
0.520900
0.536700
0.575300
0.534700
2.602200
0.553200
0.533900
0.037400
0.533900
0.554000
0.532500
0.535500
0.543200
0.531400
0.536000
0.553300
0.543900
0.543600
0.556500
0.548500
0.545900
0.533900
0.018400
1.126500
1.035200
1.066300
0.532100
1.757900
0.539000
0.522900
0.525800
1.086000
0.527800
0.000000
0.527000
0.534900
1.040300
0.506700
0.519500
0.537100
0.553000
0.535100
0.538000
1.091600
0.000000
0.997000
1.599900
0.539600
0.558200
0.520900
1.075900
0.542000
0.533100
2.031200
0.540000
0.540700
0.745700
1.739800
0.525100
0.978200
0.602200
0.560400
0.533000
0.544700
0.540200
0.539100
1.374800
0.550300
0.532500
0.000000
0.543900
0.544800
0.546000
0.545400
4.596300
0.533200
0.549400
0.564300
0.541400
0.022700
0.540600
0.547100
0.533300
0.540200
1.127600
0.565800
0.543800
0.520700
1.070800
3.273200
0.527900
0.535100
1.102900
1.775300
0.547000
0.011600
0.550000
0.993400
1.249200
2.004600
1.003400
0.545700
0.541400
1.058100
2.709600
0.534300
0.533400
0.545100
0.208500
0.524500
0.544700
1.079900
0.529200
0.543200
0.549800
0.547700
0.543600
1.628800
0.555500
0.000000
0.544200
0.549300
0.997700
0.531800
0.998100
0.548400
3.196100
0.647100
0.537100
1.075800
0.709700
0.587400
0.999700
0.862000
0.535500
0.527200
0.557700
0.549700
0.525200
0.539400
0.533500
1.062400
0.532400
0.542000
0.540700
0.553700
0.541100
0.538800
0.573500
0.520700
0.550300
0.521500
0.524200
0.000000
0.549600
0.533900
1.074200
0.537200
0.523600
0.541100
1.607400
1.075800
0.546700
0.534900
0.552300
0.535200
1.076600
0.539700
0.567400
0.527600
1.181200
0.535000
0.545800
0.000000
0.542000
0.998700
2.479800
1.252300
0.538200
0.536400
0.540800
0.530100
0.519500
0.530400
1.066000
1.107200
1.061800
0.999800
0.538300
0.558600
1.064500
0.519100
0.728300
0.536900
0.538900
0.549400
2.024600
0.544500
0.536700
0.523700
0.000000
0.538900
0.625100
0.549100
1.452500
0.542500
0.528000
1.005300
0.534100
0.541300
1.058000
0.535900
0.529800
0.000000
0.573800
0.539300
0.531300
0.536000
0.531300
1.090600
0.548500
0.527100
1.073600
1.067700
0.549200
0.544300
1.119100
0.560800
0.538700
0.543100
0.535000
0.540700
0.546400
0.528200
0.542100
0.548900
0.541400
0.522300
1.062800
2.347100
0.536100
0.532300
0.546700
1.169000
0.544800
0.528300
1.431300
0.542200
0.550900
0.769000
2.429600
0.540900
0.535900
0.543700
0.543700
0.550900
0.532000
1.252800
0.539400
0.545800
0.537500
0.550400
6.213300
0.000000
0.549200
1.860600
0.543900
0.537000
0.534400
0.539600
0.526900
0.532200
0.540600
0.542300
1.089100
0.548800
0.548900
0.019500
0.545600
2.076200
0.532700
0.520200
0.538400
0.548600
0.535500
0.539200
1.080200
1.098100
0.538800
0.538400
0.546300
0.542700
0.531300
0.539600
0.000000
1.130700
0.533600
0.530700
1.068000
0.859600
0.526100
0.546100
0.547600
0.768500
0.532400
0.557100
1.000200
1.078700
1.001700
0.539300
1.469700
0.535200
0.534800
1.135300
1.659400
0.540100
0.547400
0.537200
2.000600
0.993800
0.537300
0.551500
1.626600
1.000200
0.537700
0.544000
0.546000
0.549700
0.553200
0.521700
0.541600
2.096000
0.000000
0.543600
0.537300
4.384900
0.531000
0.522600
2.088800
4.472100
1.172000
0.528600
0.530900
0.534500
0.581900
1.139200
0.535900
0.531500
1.061800
0.625100
1.142000
0.532100
0.531700
1.072200
1.071700
23.996000
8.244300
0.996500
0.552400
0.559000
1.916000
0.542800
0.540300
0.542300
1.067700
0.523200
0.547700
0.536100
0.541600
1.066900
0.998600
0.546900
1.001700
0.559600
0.539100
0.531200
0.540200
1.040400
0.553700
0.541100
0.560200
1.682000
1.082800
0.536900
2.371400
0.528200
4.640400
1.092800
0.811700
1.003000
1.117100
0.534300
0.534700
0.998600
0.544500
0.533200
0.548100
0.542500
0.506100
0.531600
1.189800
0.525700
0.537100
0.538700
0.534400
0.543400
3.020100
1.643700
2.002100
1.001300
0.537100
0.523100
0.552200
0.547900
0.585200
0.554600
1.111500
0.524800
0.529900
0.540300
0.905600
0.529700
0.536000
0.536000
1.147500
0.523000
0.537900
0.541400
0.563100
1.691400
0.532300
0.533600
0.544700
0.536000
0.537700
0.532200
0.988700
0.530800
0.539300
0.529800
0.530000
0.542800
0.508700
1.091700
1.069700
0.529200
0.542900
1.165500
0.533500
0.000000
1.411200
0.862000
31.999700
3.134900
2.123400
1.756600
1.627000
1.002100
0.556400
0.570300
0.551700
1.100100
0.532400
0.529900
0.538600
0.549300
0.549300
0.533700
0.547000
0.531700
3.052800
1.065600
0.000000
1.393000
1.057500
0.530200
0.547500
1.059700
0.520500
1.019700
0.543100
0.522700
0.527300
0.532300
0.542900
0.541900
0.533300
0.533000
0.000000
0.539100
0.654200
0.996000
0.529300
0.529500
0.538000
0.541800
1.155000
0.531100
0.543000
0.518000
0.541700
0.523600
0.022500
0.540700
1.092700
1.401900
0.546900
0.550700
1.083800
0.904000
0.532400
0.537200
0.533200
1.033700
0.526000
0.000000
0.531100
0.537900
0.537200
1.083800
0.535200
0.532600
0.536900
3.481200
0.542200
0.545400
0.529300
0.544300
0.524600
0.547900
2.434300
0.535800
0.527600
1.175600
1.146100
0.532200
0.533000
0.526900
0.533900
1.073900
0.543000
0.542800
0.527500
0.998900
0.532400
0.529900
1.074800
1.070700
0.539800
0.525900
0.538100
1.208800
0.538800
0.018500
0.541300
1.088500
0.532700
0.525600
0.529300
0.525200
0.547600
0.539400
0.539200
3.171800
0.525700
0.540600
0.528000
1.121100
0.530900
1.077700
0.518100
0.543800
0.554200
1.089700
0.519800
0.771000
0.529500
0.538800
1.403000
0.542600
0.534900
0.533100
0.521700
0.532200
0.520100
0.526900
0.542800
0.980500
0.537900
0.538700
0.531900
2.432400
0.546500
0.549500
1.049300
0.530000
0.527800
0.540400
0.535300
0.524400
0.538400
0.538900
0.534900
0.558500
0.999600
0.530900
1.199000
0.539900
1.072500
0.529300
0.517000
0.507700
0.590100
0.540300
0.535000
0.543800
0.530500
0.525900
1.067400
0.534200
1.065500
0.523300
0.539200
0.528200
1.108300
0.538700
0.000000
0.531400
1.568300
0.531400
1.070800
0.530600
0.992200
0.028800
1.044700
0.669400
0.554000
0.537400
0.543400
1.078400
0.999400
1.073300
0.546600
1.053800
0.999300
0.529200
0.524200
0.535900
0.994500
0.535000
0.525300
1.086200
2.665200
0.538600
0.588900
0.537500
1.096500
0.530200
0.535900
0.542600
0.541200
0.538600
0.525700
1.072900
1.118100
0.526600
0.535600
1.067200
0.537300
0.532000
0.538000
0.531500
0.555300
1.066300
1.478900
0.535200
0.526700
0.526100
1.214300
0.533800
0.527000
0.521500
1.192500
1.084200
0.530200
0.548200
1.110600
1.082900
0.536700
0.528800
1.155300
0.528000
0.012100
1.085200
1.511900
0.531000
0.536100
0.545100
0.544600
0.545600
0.522800
0.536300
1.397700
0.542500
0.542800
0.527500
0.527400
1.044300
0.526800
0.679200
0.532800
0.541600
0.538200
1.066900
0.528900
0.530700
0.539300
0.559000
0.532800
0.533600
1.107400
1.130200
0.534200
0.544400
0.533000
0.533200
0.518400
0.534000
0.544600
1.123500
0.528000
0.540800
0.538000
0.028500
0.532200
0.534500
0.997500
0.584800
0.530400
0.544500
0.625500
0.537600
0.546400
0.022300
0.508700
0.530700
1.192900
1.288800
0.999100
0.529700
0.569100
1.770100
0.533300
0.536600
0.537500
0.547200
0.534900
1.039500
1.071700
0.010500
35.226500
0.545900
0.998300
0.528600
0.562300
1.242000
0.547800
2.081200
0.542300
0.530700
0.546900
1.202500
0.534900
0.525000
0.593400
0.530100
0.018100
1.819700
0.524500
0.540500
1.053800
0.608700
0.533800
0.535600
1.075000
2.228400
0.563700
0.535500
0.042000
0.534200
0.601600
0.540900
1.065900
0.541300
0.539300
0.543600
0.000000
0.536400
0.565800
0.518900
1.165600
0.544800
1.062000
1.090200
0.546400
0.532100
1.066400
0.519000
0.537800
0.531600
0.814200
0.539700
0.529000
0.529800
1.538700
0.545000
0.544800
0.542200
0.540200
0.548100
0.534500
0.536600
0.529000
1.594000
0.557200
0.542700
0.539400
0.542700
1.082200
0.524000
0.531200
0.827000
0.535300
0.542900
0.557300
0.531800
0.540600
0.542100
1.050300
1.088700
3.087400
0.531100
0.523000
0.565100
0.532200
0.535400
0.544100
1.074500
0.543500
0.541200
1.453800
3.354700
1.523500
1.000300
1.083300
1.015000
0.000000
1.042000
0.566100
0.536600
0.999400
0.714100
0.569500
1.079900
0.538000
0.522000
0.540100
0.535300
0.536700
0.535000
0.544100
0.529400
0.549100
0.536800
1.066100
10.781200
4.275600
1.179900
1.002100
1.064300
1.446800
0.535000
0.540100
0.000000
0.642400
0.525100
0.524500
2.226600
0.541400
0.533200
0.533000
0.541200
0.532600
0.523800
0.545500
0.523300
0.546200
0.531100
0.524400
0.556100
0.534100
0.551300
1.072400
0.524100
0.540500
1.060300
0.548400
1.328300
0.540400
1.407300
0.533900
1.318000
0.524700
0.997700
1.047000
1.126700
0.544600
1.089200
0.552100
1.092100
0.566800
0.523200
0.574200
0.528300
0.543900
0.548600
0.999600
0.536800
0.542500
0.538300
1.873600
1.625700
0.537800
0.560600
0.549300
0.541300
1.128200
0.557700
0.520900
0.540700
1.000100
1.433800
0.531000
0.538200
0.536000
2.901400
0.527100
0.532200
0.545900
0.544500
0.540200
0.538800
0.564200
0.531600
0.522300
0.532200
0.543600
0.534500
0.528700
1.154100
1.201100
0.536000
1.081700
0.560800
0.556000
1.426700
0.528900
0.540700
0.519300
1.468200
1.907900
0.547900
0.532500
0.553800
0.533400
0.536000
0.533000
0.545100
0.539700
0.538300
0.523100
0.534700
0.536700
0.530200
0.540200
0.535100
0.536000
0.536600
0.574600
2.000000
0.531300
0.540300
0.527700
1.093800
0.528300
0.571400
0.530200
1.086600
0.531600
0.536600
0.756000
0.559800
0.549100
0.553800
1.067500
0.672300
0.532400
0.000000
1.060200
0.530500
0.530300
0.531700
0.539300
0.547200
0.552100
0.540700
0.525600
1.118100
0.542600
2.556800
0.000000
0.529300
1.049100
0.536900
0.528600
0.538500
0.548300
0.000000
0.537200
0.543000
0.535500
0.548200
0.540100
0.541500
1.079100
1.080100
1.252800
0.522500
0.536800
0.544200
1.082700
1.089500
0.524700
2.900500
1.000400
0.535800
0.535900
1.081500
1.134000
0.538900
0.544900
1.088100
1.235800
2.538200
0.529600
1.727100
0.649100
0.546700
0.520200
0.523600
0.998500
0.543600
0.995200
1.607800
0.531300
0.688600
0.530200
0.531700
0.539500
0.692000
0.606700
1.651100
1.074500
0.521600
0.531100
1.386400
1.073300
0.554100
0.000000
0.997800
0.534000
1.075400
0.536500
0.999300
0.534900
0.532800
0.535700
1.135100
0.536100
0.544100
1.077000
0.526700
0.536900
0.538900
1.091100
0.000000
0.534400
0.541200
0.556800
1.050800
0.531600
0.530000
1.466500
0.539900
1.115800
0.730700
0.531200
0.539600
0.561700
2.382400
0.000000
0.533000
1.063800
1.207600
0.536900
0.523800
0.000000
0.533500
1.086200
0.539900
0.999700
0.555400
1.001200
0.540300
0.527900
0.555600
0.912800
0.053600
0.544900
0.556800
0.539000
0.997300
1.064200
1.120700
1.000200
0.543100
0.000000
1.813000
1.064600
0.546600
1.780100
1.000200
0.538600
0.522100
0.532500
0.543200
0.549700
1.070900
0.549400
0.537400
0.533600
1.047000
0.535500
0.537200
0.540000
0.539400
1.895400
1.016900
1.938500
1.267400
1.056300
1.066500
1.094200
0.000000
0.567400
1.008700
0.525700
0.535000
1.087700
0.537500
0.544600
0.534200
1.079300
0.535200
0.546900
0.772000
0.532800
1.101100
1.002400
0.998800
0.521600
0.997800
1.095700
1.179600
0.533300
0.523000
1.209000
0.590200
1.077900
0.530800
1.001800
1.083300
0.564500
0.542900
0.000000
0.533300
0.533700
0.528800
0.525500
0.572900
0.553800
0.532400
0.558500
0.538300
0.552900
0.535500
0.535800
0.528700
0.537700
0.535900
0.528600
0.638900
0.534500
0.532100
0.540600
0.529900
0.538400
0.533900
0.590800
0.542500
0.544000
0.524400
0.532200
0.540400
0.521800
0.546200
1.084200
0.532500
0.536600
0.545400
0.532900
0.526500
0.527200
0.530000
1.055900
0.531600
1.002300
0.555300
0.542800
0.526000
0.534500
0.524400
0.000000
0.547400
0.535200
0.545800
0.538500
0.546300
0.545500
1.059300
0.533600
0.547000
0.539800
0.527200
0.543200
0.533800
0.534600
0.529600
0.539100
0.537700
0.528700
0.534300
0.538200
1.076500
0.537400
0.542700
0.529200
0.535500
0.553000
0.536000
0.528100
0.528600
0.534600
0.533500
0.064400
0.531700
0.528200
1.175300
0.524500
0.535800
0.546800
1.099700
0.530400
0.545000
0.529900
0.538800
0.541200
0.545700
0.538300
0.555600
0.518000
1.199200
0.518300
0.562200
0.545500
0.533400
0.534100
0.541600
0.535700
0.535700
0.522900
0.533700
0.507700
0.541200
0.522200
0.629900
1.080600
0.543700
0.537200
0.563900
0.534000
0.531900
0.532800
0.785000
0.532300
0.537400
0.531800
1.097000
0.532500
1.073700
0.541100
0.571700
0.581000
0.546300
0.524800
1.063500
0.551000
0.534400
0.530200
1.035700
0.530700
0.531500
0.539100
1.611700
0.534700
0.533300
0.534800
0.761300
0.531100
0.028100
0.521400
0.554000
0.544100
0.545600
0.524600
0.539000
0.543600
1.087500
0.536600
1.048400
1.090000
0.541700
0.537200
0.534400
0.510000
0.589500
0.548400
0.535900
0.519100
0.539700
0.531700
0.562200
0.550300
1.115000
0.541100
0.535200
0.547100
0.520800
0.640100
0.543300
0.531000
0.552400
0.529000
0.544100
0.525700
0.532100
1.593100
0.537800
0.553200
0.571200
0.534900
0.540900
0.516300
0.537000
0.540200
0.532200
0.524600
0.529900
0.522500
0.530700
1.129100
0.539500
0.507200
0.544000
0.545600
0.538400
0.598400
0.529400
0.535500
0.534000
0.533200
0.531200
0.541800
0.542500
1.072800
0.562700
0.520000
0.701700
0.529300
0.530300
0.567000
0.535400
0.529700
0.527900
0.560100
0.532100
0.541900
1.065400
0.542500
0.521400
0.535000
0.523100
0.538600
1.001200
0.613900
0.540500
0.535000
1.195400
2.149500
0.543100
1.107400
0.529600
0.531400
0.536500
0.024000
0.524900
0.529500
0.528800
0.528100
0.560000
0.556700
0.549000
0.541000
0.000000
1.585300
0.545500
0.537800
0.527700
0.536000
0.538900
0.529800
0.522800
0.540500
0.532300
0.544700
0.523300
0.540800
0.545700
1.076600
0.526400
0.545600
0.539500
0.536100
1.082500
0.531900
0.524800
0.531400
1.038300
0.547700
0.548100
0.536100
0.543400
0.538400
0.540200
0.542100
0.000000
0.558900
0.536300
0.025500
0.517800
0.529400
0.530500
1.091300
0.535000
1.133200
0.543000
0.535600
1.635300
0.579700
1.065000
0.546100
1.068400
0.533400
1.095800
0.545500
1.088600
0.530400
0.998300
0.549700
0.534700
0.531100
0.537800
1.092500
0.537800
0.544000
0.766700
0.029900
0.530300
0.555500
0.540500
0.541600
0.538100
0.531800
0.543000
0.534100
0.530800
1.079600
0.523100
0.535400
0.535600
0.529600
0.532100
0.549100
0.536600
0.529000
0.551800
0.541700
0.535000
0.530900
0.588300
1.146300
0.554500
0.995200
1.001700
0.507500
0.538400
0.551600
0.532600
0.520400
0.535300
0.528100
0.529500
0.548300
0.537100
1.073700
0.516600
0.541700
0.533900
0.543700
0.542600
0.539200
0.530500
0.537400
0.525400
0.531600
0.544300
0.534500
0.535600
1.084300
0.531500
0.532000
0.531500
0.524700
0.529500
0.544400
0.059400
0.027800
0.534500
0.538700
0.070600
0.540000
1.085800
0.530700
0.534300
0.541700
0.533100
0.519600
0.522100
0.543300
0.563100
0.533000
0.537100
0.541300
0.525400
1.143900
0.529500
0.543100
1.037500
0.533100
0.533700
0.541600
0.766500
0.772800
0.510000
0.533400
0.544200
0.516600
0.534300
1.601400
0.536300
0.532400
0.524900
0.536100
0.540100
0.539600
0.592400
0.533600
0.519600
0.528800
0.532800
0.537900
1.090500
0.538200
0.534500
0.560300
0.522800
0.000000
0.533800
0.000000
0.508700
0.029600
0.574800
0.536300
0.537300
1.693100
0.536400
0.585900
0.533900
1.001900
0.544100
0.606000
0.541500
0.532400
0.538000
0.530600
0.541600
0.537800
0.533600
0.535500
1.130300
0.557800
0.529800
1.064200
0.547200
0.533400
0.521700
0.538500
0.536300
0.536100
0.526300
0.542500
0.523500
0.544000
1.056600
0.531900
0.539900
0.537500
0.542800
0.519700
0.548100
1.104000
0.526500
0.547200
1.126400
0.545600
0.535100
1.000300
1.106100
0.534700
1.692600
2.415300
1.608700
0.540900
0.538700
0.542300
0.552200
0.545900
0.537300
0.538000
0.528900
1.053100
0.594500
1.068500
0.542400
0.530600
0.543400
0.533100
0.570900
0.552200
0.516500
0.532000
0.530000
0.530200
1.069000
0.527900
0.525300
0.536600
0.525700
0.542400
0.529900
0.535300
0.526500
1.083900
0.542800
0.528800
0.524000
0.539000
1.071700
0.530900
0.532500
0.525400
0.536500
0.506600
0.539800
0.531200
1.079500
0.999200
0.282500
0.557100
1.206400
0.555400
1.058600
1.087000
0.530100
1.092500
0.549800
0.536400
1.049200
0.000000
0.567100
0.553100
1.080900
0.637700
0.528500
0.543300
0.552900
0.530500
0.525500
0.542900
0.524400
1.002100
0.552800
1.001200
0.687900
0.546700
1.112100
0.529100
0.546800
0.540700
1.045900
0.542000
0.540900
1.076400
0.531900
0.521300
0.044400
0.526400
0.538900
0.518600
0.535300
0.534900
0.540100
0.539600
0.526300
0.560900
0.530600
0.530000
0.547100
0.572100
0.537800
0.542000
0.534400
0.533900
0.536900
1.055400
0.000000
1.063300
0.527100
0.545700
0.540100
0.528600
0.521900
0.539900
0.532600
0.524200
0.547800
0.551000
0.524300
0.552100
1.085500
1.072700
3.824100
0.536900
1.084000
0.527400
1.576400
7.867600
1.137100
1.083900
0.526600
0.551800
0.539500
1.076500
1.065000
0.548900
0.529700
1.064400
0.534100
0.575500
0.550100
1.080900
0.536800
0.557500
1.890700
0.536000
0.529300
1.074300
0.000000
0.533100
0.546500
0.548000
0.525600
0.541300
0.535600
0.547100
0.548000
0.586300
0.548100
0.535600
0.548100
1.079900
0.530700
0.528100
1.074700
0.537800
0.526800
0.549700
0.635600
0.507300
0.535000
1.061900
0.521700
0.536600
0.529700
1.080100
0.532600
0.532400
0.546900
0.008200
0.537700
0.529100
0.528200
0.530800
0.535700
1.000700
0.533500
0.521800
0.539400
1.075500
0.535400
0.539600
0.546300
0.547900
0.550900
0.530600
0.553000
0.534600
0.520000
0.540200
0.549700
0.538900
0.529100
1.074100
0.532900
0.537700
0.542700
0.535200
0.027700
0.534100
0.526300
0.661800
0.529800
0.549100
0.538400
0.548300
1.103500
1.109900
1.082600
0.530700
0.541100
0.543900
0.540000
0.536500
0.563900
0.551800
0.533400
0.563900
1.762100
0.534900
0.544300
0.517400
0.541200
0.525100
0.545900
1.223600
1.085700
1.060200
0.545400
0.541700
0.537800
0.534800
1.054400
0.534400
1.065400
0.527800
0.531600
0.539600
0.536700
0.530800
0.679000
0.526200
0.000000
1.051900
0.529200
0.531900
0.549200
0.549500
0.545700
0.542200
0.518600
0.649700
0.537900
1.055300
0.537600
0.539400
0.540500
0.535200
0.022800
0.000000
0.540900
0.542900
0.551100
1.057300
0.531700
0.535700
0.000000
0.541700
0.000000
0.524600
0.534000
0.521500
0.541600
1.087900
0.641800
0.530600
0.567100
0.017500
0.529700
0.529700
0.552500
0.535700
0.538700
1.082900
0.535800
0.550500
0.534400
0.538100
0.521100
0.537500
1.072400
0.525400
0.603900
0.534700
0.531700
0.530500
0.560000
1.079000
0.535600
0.000000
0.531400
0.532800
0.531300
0.842500
0.528400
0.528000
0.536700
0.540700
0.528300
0.000000
1.073600
0.036800
0.529800
0.523900
0.541300
0.537100
0.532800
0.534700
0.536600
0.544400
0.548100
1.000800
0.554200
0.535500
1.060300
0.531400
0.542800
0.538300
0.000000
0.541200
0.533900
0.534800
0.547300
0.540200
0.535000
0.539600
0.543100
0.536500
1.075700
0.543800
0.530200
0.527900
0.523300
0.531100
0.540900
0.526800
0.532000
0.520100
0.540500
0.534700
0.537700
0.528000
0.544900
0.547300
0.000000
0.531500
0.524200
0.521900
0.534500
0.521000
0.528500
0.533300
0.552100
0.520100
0.527100
0.531800
0.024300
0.558400
0.531300
1.075700
0.533200
0.518300
0.533300
0.560200
0.532600
0.521500
0.532200
0.534500
0.528700
0.536700
1.235800
0.525700
1.110500
0.536600
0.552000
0.578000
0.017800
0.550000
0.534800
1.048800
0.534100
0.532400
0.536000
0.530000
0.530100
0.536500
0.531700
1.068000
0.535100
0.524500
0.522300
0.542800
0.543100
0.032600
0.531400
0.529100
0.545300
0.528200
0.524800
0.028500
0.529400
0.534100
0.565900
0.543200
0.539500
0.562200
0.533900
0.539100
0.531600
0.523400
0.567300
0.548100
0.532700
0.523200
0.545400
0.532000
1.094700
0.551100
0.526900
0.544700
0.538600
0.540200
0.537400
0.530500
0.008000
0.537800
1.114200
0.541700
0.532100
1.076700
0.526200
0.542300
1.046900
0.544600
0.539300
0.539900
0.545800
0.545200
0.533200
0.554500
0.539400
0.538800
0.538400
0.737800
0.548000
0.017900
0.547500
0.531500
0.532200
1.073300
0.530100
0.000000
1.114600
0.537100
0.537700
0.538400
0.541200
0.549000
0.539800
0.535300
0.509400
0.000000
0.541100
0.540800
0.539200
0.532700
0.529600
0.532100
0.593600
0.536700
0.541900
0.540500
0.532500
0.533500
0.537800
1.060900
1.085200
0.023400
0.546900
0.550700
0.526300
2.053100
0.981600
0.543200
0.539500
0.539200
0.536600
0.538000
0.519300
0.531400
0.532300
0.532500
0.544500
0.541600
0.524700
0.566000
0.525100
0.556600
0.520400
1.068200
0.525100
0.523000
0.535200
0.540100
0.526000
0.543300
0.527500
0.532400
0.526700
0.530200
0.562800
1.075300
0.520600
0.535800
0.533800
0.545000
0.534500
0.522500
0.543900
0.532800
0.586000
0.532800
0.543200
0.536200
0.539100
0.551000
1.075100
0.534100
0.538400
0.526700
0.533800
0.530600
0.539600
0.540400
0.541300
0.016100
0.530500
0.516700
0.527700
0.000000
1.633000
0.998900
0.561100
0.541700
0.540100
0.533300
0.545700
0.542100
0.000000
0.527300
0.000000
0.554100
0.536900
0.522200
0.537000
1.074700
0.528900
0.522800
0.542500
0.541900
0.534300
0.528800
0.524800
0.525400
0.543200
0.544400
1.059000
0.533800
1.093200
0.536100
0.539100
0.543300
0.531400
0.535600
0.544400
0.529900
0.559100
0.536000
0.997400
0.518100
0.528800
1.070600
0.535700
0.538500
0.540900
0.542300
0.530700
0.530400
0.521400
0.000000
0.544000
0.533600
1.074600
0.027400
0.524800
0.536600
0.525600
0.540300
0.000000
1.056000
0.594000
0.527400
0.538200
0.532800
0.529800
0.549800
0.528900
0.541900
0.535900
0.531700
1.037900
0.541800
0.559700
0.532600
0.530600
1.060700
0.523300
1.065100
0.540100
0.510700
0.530400
0.024000
0.524100
0.550300
0.549000
0.524000
0.530300
0.536700
0.539900
1.070300
0.542800
1.001300
0.530100
2.003300
0.546200
0.527100
0.534900
0.537900
0.536500
0.539500
0.538700
0.536400
1.112200
0.733800
0.539000
0.024100
0.527900
0.528900
0.555400
0.542700
0.539300
0.540300
0.578500
0.024400
0.541000
0.528100
0.520800
0.548500
0.506000
0.527700
0.525300
0.530800
0.527300
0.527300
0.532900
0.530400
0.019500
0.534400
0.529800
0.548900
0.563000
0.536900
1.094100
0.529100
0.533700
0.523600
1.055100
0.536200
0.559600
0.541800
0.543400
0.000000
0.000000
0.552800
0.561400
0.568800
1.076800
0.541400
0.533200
0.529200
0.537900
0.539900
0.544100
0.539000
0.544800
0.531800
0.530100
0.532000
1.088400
0.548700
0.535700
0.530200
0.533300
0.522600
0.539000
0.543800
1.056600
0.530900
0.532600
0.545200
0.000000
1.071500
1.085600
0.516900
1.075700
0.579000
0.528100
0.529500
0.644100
0.832000
0.538300
0.527500
0.536900
0.539100
0.559200
0.523400
1.059200
0.534900
0.532000
0.000000
0.528300
0.533600
0.000000
0.524200
0.526800
0.532800
0.533200
0.543300
0.532500
0.552400
0.563300
0.540000
0.029100
0.000000
0.542500
0.527600
0.531000
0.536600
0.526600
0.508800
0.532800
0.530300
0.532600
1.061600
0.537800
15.543400
1.002600
5.360900
0.539900
0.558000
0.536200
0.000000
0.538500
0.535700
0.534000
0.541700
1.060200
0.545100
0.537700
0.526900
0.537600
0.547600
1.070000
0.534100
0.526300
0.519000
0.536300
0.532000
0.527700
0.519500
0.542600
1.048200
0.543900
0.540800
0.533000
0.619900
0.545200
0.547100
0.529400
0.542300
0.539400
0.537300
0.528900
0.540800
0.543100
0.578800
0.529800
0.538100
0.553400
0.000000
0.532200
0.506600
0.521600
0.545300
0.546400
0.533600
0.529400
0.538000
0.529200
0.541200
0.540600
0.557100
0.542900
0.538100
0.536100
0.734600
0.537000
0.540400
0.542300
0.538000
0.527100
0.000000
0.034900
0.533400
0.534300
0.536700
1.117200
0.544800
0.611800
0.538300
0.539600
0.999100
0.538600
0.536300
0.533700
0.529600
0.542900
0.529000
0.534500
0.525400
1.065500
0.531700
1.002200
0.527000
0.527900
1.033100
0.535100
0.530900
0.534500
0.543500
0.530800
0.524600
0.539600
1.085900
0.547000
0.530100
0.540800
0.538500
0.530500
0.536800
0.551800
0.529900
0.525900
0.520900
0.018100
0.541700
0.527600
1.069200
1.056500
0.530900
0.529400
0.545200
0.535900
0.537400
0.533300
0.528700
0.523300
0.541900
0.557800
0.528300
0.528000
1.067400
1.058100
0.018000
0.524700
0.527600
0.535100
0.535200
0.535400
0.531200
0.535700
0.532800
0.565900
1.027900
1.071300
0.525600
0.518200
0.529100
0.523400
0.532400
0.530300
0.522900
0.594400
0.534100
0.537100
0.544700
0.534200
0.570800
1.072300
0.575700
0.525000
0.548000
0.531300
0.521400
0.528100
0.534200
0.540300
0.539400
0.535500
0.536800
0.527000
0.527800
1.106200
0.541600
0.542200
0.525000
0.542300
0.542800
0.536700
0.557000
0.519300
0.535800
0.542700
0.539400
0.519700
0.000000
1.061200
0.567500
0.531100
0.525300
0.533600
1.084300
0.529000
0.542300
0.538900
0.561700
0.531400
0.543000
0.535800
0.552700
0.548900
0.537700
0.540900
0.892100
0.535100
0.528400
0.559100
0.540200
0.529600
0.532800
0.551800
0.542600
0.546800
1.062700
0.538700
0.542800
0.540600
1.037300
0.523400
0.532700
0.543200
0.538700
0.551700
0.531400
0.574100
0.000000
0.532900
1.076500
0.593500
0.537000
1.003300
0.525500
0.000000
0.538000
0.533900
0.019300
0.548200
0.530000
0.540400
0.536500
0.537200
0.599700
1.165800
0.548700
0.536000
0.527700
0.536000
0.542000
0.536600
0.530000
0.524400
0.539200
0.530400
0.538700
0.021500
0.516000
0.539200
1.078200
0.535000
0.539800
0.530000
0.531200
0.544100
0.526400
0.029300
0.535500
0.530900
0.539100
0.530900
0.533200
0.522500
0.525400
1.108000
0.537500
0.530500
0.000000
0.528700
0.532100
0.522600
0.541900
0.527200
0.535900
0.528200
0.000000
0.540400
0.553000
0.539600
0.537900
1.000600
0.535900
0.529300
0.027900
0.545600
0.537800
0.534000
0.558600
0.541300
0.537800
0.534300
1.001000
0.000000
1.001200
0.999800
0.535800
0.774500
0.035900
0.531100
0.558200
0.533300
0.556500
1.049600
0.557000
1.063300
0.562900
1.120300
0.534400
0.524800
0.761200
0.531100
0.000000
0.537500
0.764000
1.178700
0.532200
0.538900
0.528700
0.519500
1.119500
0.703800
0.541600
0.521800
0.580000
0.619200
0.535300
0.532700
0.540400
0.525400
0.528500
0.530300
0.535500
1.058800
0.998600
0.540400
0.543100
0.552000
0.543300
0.634600
0.538400
0.529600
0.532400
0.540600
0.520400
0.535100
0.542300
0.527600
0.521000
0.542100
0.530300
0.539000
0.530700
0.532800
0.529600
0.539500
0.524800
0.541900
0.542000
1.053500
0.562100
0.529900
0.536800
0.531500
0.563000
0.536000
0.526100
0.540600
0.029700
0.536700
0.524500
0.542600
1.066000
0.951100
0.541300
0.532400
0.533500
0.000000
0.530700
0.536900
0.558400
0.539200
0.559500
0.553400
1.231100
0.539800
0.000000
0.528100
0.531100
0.538100
0.535200
0.528900
0.537600
0.544800
0.536900
0.534200
1.123000
0.546400
0.552000
0.534500
0.535100
0.539200
0.528000
0.541700
0.540300
0.534900
0.536900
0.534600
1.077800
0.542300
0.533600
0.574300
0.537400
0.545800
0.531400
0.528800
0.535800
0.533100
0.527600
0.536300
0.543400
1.060400
0.541500
0.011100
0.533800
0.550000
0.527800
0.528300
0.531600
0.530200
0.536900
0.532400
0.533700
0.554800
1.052000
0.535800
0.544200
0.539200
0.536500
1.066600
0.554900
0.524200
0.533300
0.528000
0.508600
0.537700
0.533200
0.538200
1.331900
1.137600
0.532600
0.551800
0.632900
0.968800
0.518000
0.000000
0.526300
0.538800
1.247900
1.001700
1.000600
0.851300
1.067100
1.231800
1.000400
1.205100
0.539900
0.000000
0.536500
0.574500
0.520100
0.535100
0.607200
0.000000
0.000000
0.533700
1.595700
0.530100
0.520400
0.529600
0.997900
0.540200
0.534500
0.542100
0.552400
0.529100
0.548100
0.590100
1.091700
1.095600
0.531900
0.530700
0.525900
0.645500
0.543000
0.530900
0.536000
0.549800
0.532900
0.533200
1.046800
0.530700
1.000000
0.529800
0.568900
0.525900
0.528900
0.034100
0.533200
0.529900
0.538500
0.541100
1.066100
0.526700
1.035000
0.539100
0.528800
0.543400
1.061300
0.532800
0.534500
0.536600
0.519600
0.546800
1.613300
0.537500
0.526000
0.538700
0.000000
0.544300
0.997400
0.509700
0.533700
1.263100
0.543200
0.525200
1.098700
1.211000
0.528900
0.527200
0.553900
0.522000
0.536700
0.000000
0.537400
0.544100
0.026800
0.682300
0.531000
1.077800
0.537000
1.285300
0.582400
0.011800
0.535500
0.913400
0.535400
0.531500
0.525900
1.091400
0.583400
0.547800
1.152500
1.058200
0.543100
0.529900
0.564500
0.508900
0.538600
1.094300
0.534700
0.542000
0.526600
0.531700
0.538200
1.066900
0.536700
0.538100
0.534900
0.549500
0.529200
0.524100
0.000000
0.543800
0.527700
0.536800
0.541400
0.542600
1.219100
0.539500
0.539700
0.541600
0.544900
0.529600
0.543700
0.539500
0.539500
0.535600
1.078000
0.540100
0.546100
0.564400
0.537600
0.538700
0.539500
0.525900
0.000000
1.074900
1.088400
0.535900
0.537300
0.554300
0.544400
0.539100
1.076200
0.530200
0.537600
0.539500
0.999300
0.528500
0.525900
0.535400
0.551600
0.547600
0.529400
0.536900
0.520800
0.535800
1.125400
0.534400
0.543700
1.000500
0.536200
0.548900
0.025700
0.535600
0.530100
0.533200
14.521000
2.926900
10.001100
0.531000
0.000000
0.550100
0.539200
1.061900
0.539300
0.537200
0.533000
0.033000
0.547200
0.530400
1.065300
0.528000
0.543400
0.538200
0.677400
1.296200
0.544000
0.542000
0.534800
0.540900
0.536700
0.532500
0.532400
1.100700
0.537400
1.074000
1.060700
0.557300
0.535700
0.000000
0.528200
0.534300
0.531000
0.518700
0.563400
1.109600
0.537700
0.731600
1.734200
0.542900
0.539000
1.056000
0.000000
1.052500
0.546400
0.535200
0.538900
0.571500
1.054500
0.547200
0.533600
0.530000
0.539900
1.634900
0.548000
0.536900
0.539900
0.543900
0.519600
0.557000
0.549600
0.530000
0.017700
0.529400
0.541200
0.536000
1.028400
0.541700
1.080800
0.533800
0.537500
0.536100
0.536500
0.541100
0.542300
0.009700
0.517400
0.531900
0.538700
1.041600
0.532100
0.539300
0.534800
1.075200
0.538000
0.518900
0.524700
0.539900
0.536500
0.521500
0.544900
0.534600
0.523600
0.539400
0.522600
0.543300
0.998700
0.530300
1.220900
0.526400
0.529500
0.539100
0.536700
0.526200
0.536100
0.531100
0.536600
0.565400
0.537400
0.006700
0.534400
0.527500
0.531000
1.053800
0.545400
0.563800
0.529900
0.529700
0.557600
0.527900
0.542300
0.540300
1.048200
0.544900
0.534500
7.969100
0.542700
0.530400
1.086500
0.507800
0.540000
0.531600
0.546900
0.526300
0.545400
0.526000
0.540900
0.527800
0.595100
0.532400
0.533700
1.071500
0.534600
1.053000
0.540800
0.519600
0.537100
1.077100
0.545500
0.999700
0.551700
0.024600
0.525800
0.000000
0.539200
0.526600
0.540300
1.123500
0.507900
0.535000
0.534900
0.530200
0.530900
0.522600
0.534200
0.540000
0.547700
0.548600
0.575700
1.082000
0.537800
1.066700
0.545200
0.534700
0.532000
0.538000
0.543000
0.546300
0.537700
0.533400
0.539400
0.533300
0.531900
0.715900
0.529300
0.525000
1.583500
0.531800
0.536700
0.548700
0.528100
0.533400
0.533400
0.521800
0.542100
0.540000
0.529200
0.518600
0.551500
0.535200
0.535500
1.104900
0.557300
0.532500
0.538300
0.527100
0.524300
0.531500
0.530400
0.530400
0.532900
1.036200
0.530100
0.525400
0.527700
1.101900
0.528400
0.530800
0.536400
0.528100
0.527200
0.534400
0.530900
0.531900
0.542500
0.638300
0.537400
0.520200
0.538400
1.059200
0.533300
0.528000
0.533600
0.582000
0.538700
0.533300
0.539800
0.534800
0.536200
0.535600
0.541700
0.536500
0.540800
1.077800
1.115800
0.542000
0.539100
0.540300
0.533600
0.518700
0.534900
0.539200
0.577000
0.523600
1.069700
0.529000
0.530800
0.542300
1.077500
1.055000
0.556600
0.533900
0.548600
0.537000
0.566200
0.561600
0.531600
0.543700
0.567300
0.027600
0.525000
0.520900
1.087400
0.018000
0.527600
1.002100
0.803800
1.787000
0.535900
0.998700
0.546600
0.534000
0.520800
0.544300
0.547000
0.522000
0.630100
0.546900
0.550300
0.531500
0.540800
0.557200
0.542500
0.537400
0.532600
1.081000
0.532800
0.558800
0.529900
0.543900
1.056100
0.551700
0.540600
0.997600
0.534900
0.538500
0.526700
0.570200
0.000000
0.562300
0.529900
0.528400
0.534100
0.530500
1.110100
1.063700
0.539100
1.071500
0.530100
0.527800
0.537200
0.543900
0.541000
0.534500
0.521300
0.521500
0.556800
0.538700
1.067400
0.527100
0.533900
0.540400
0.540000
0.549400
0.528500
0.539400
0.536800
0.543900
0.545800
0.550600
0.537800
1.116700
0.539500
0.539700
0.527300
0.534300
0.541600
0.000000
0.543800
0.545100
0.533000
0.536900
0.553600
0.530000
1.077700
0.546500
0.537700
0.540800
0.536400
0.527700
0.537800
0.526800
0.528000
0.548300
0.543700
0.529200
0.530800
1.062100
0.524400
0.534900
0.519900
0.540300
0.515200
0.537900
0.536100
0.547500
0.644500
0.018400
0.542300
0.524300
1.084500
0.531400
0.541600
0.552500
1.001100
1.001000
0.999600
2.000100
0.000000
2.000100
1.000900
0.534200
15.212400
0.536100
0.998100
1.059400
0.523500
0.556000
0.541200
0.541500
1.135000
0.990400
0.000000
1.000800
2.191500
1.000300
0.523200
1.250300
0.999000
0.999800
1.128400
0.543400
1.075000
0.542000
0.541000
0.528100
0.537000
0.540000
0.527900
0.528000
0.532800
0.535400
0.536100
0.525400
0.548500
1.102100
0.538800
0.537900
0.508600
0.532300
0.542600
0.541500
0.536600
2.015500
3.052400
0.999800
0.536400
0.543400
0.013600
1.080400
1.061500
0.939800
1.001500
0.542100
0.522300
0.008400
0.544900
0.530800
0.545700
0.000000
0.566900
0.552300
0.533000
1.076900
0.544400
0.521400
0.540600
0.000000
0.521400
0.536200
0.538100
1.286800
0.548000
1.000500
0.534100
0.021500
0.023400
0.556200
1.079200
0.527600
0.531600
0.535800
1.075000
0.526000
0.022400
0.532300
0.536100
0.530900
1.073500
0.524000
1.115000
0.542900
0.536400
0.519900
0.524200
0.546700
0.523500
0.541200
0.545500
0.545100
0.544500
1.069300
0.520200
1.174600
0.555600
0.521300
0.543100
0.562900
0.000000
0.547300
0.554000
1.073800
0.536100
0.530000
0.529900
0.521600
0.534800
0.506800
0.553300
0.528300
0.519800
1.093500
0.529300
0.543200
0.531700
0.560800
0.530000
0.527200
1.058600
0.015100
0.526500
0.523700
0.529600
0.527400
0.527300
0.536100
0.535500
0.548800
0.532500
0.550800
0.547600
0.549800
0.520900
0.545400
0.534700
0.541100
0.827700
1.065900
0.999600
0.532800
0.507800
0.530200
0.544200
0.530700
0.539600
1.133300
0.537900
0.540200
0.553700
0.532800
0.543600
0.518600
0.541500
0.549500
0.552000
0.547500
0.544900
0.588000
0.528700
1.052900
0.531600
0.534000
0.536500
0.541000
0.548500
0.525300
0.529600
0.530500
0.534700
0.527100
0.527200
1.002300
0.997700
1.998700
1.000200
0.997400
0.536600
0.000000
0.530000
0.546400
0.999800
0.539800
0.544200
0.538300
0.024400
0.538400
1.056400
0.598100
1.069900
0.532200
0.534400
0.529000
0.519000
0.524700
0.522100
2.428500
2.532200
0.558800
0.541200
0.015400
0.535600
0.526000
0.553300
0.535600
0.013400
0.537100
0.552100
0.530400
0.528100
0.527700
0.519500
0.532800
0.532500
0.580900
0.555900
0.517400
0.536900
0.019400
0.545000
0.027300
0.558700
0.536200
0.529400
0.522900
1.084700
0.534200
0.540500
0.535500
0.541000
0.530800
0.542100
0.526000
0.024800
0.546000
0.532700
0.544200
0.534000
0.507700
0.551700
0.531500
0.996100
0.544900
1.000700
0.000000
0.999100
1.082200
1.197500
0.000000
0.999700
0.532000
0.537000
0.525200
0.541300
2.081400
0.525700
0.038600
1.074300
0.538600
0.528400
0.534700
1.042600
0.553500
0.000000
1.001800
0.534800
0.530000
1.093300
0.533700
0.000000
0.548800
0.573300
0.534200
1.061000
0.538700
0.000000
1.114900
1.592200
0.667300
0.632100
0.535600
0.550300
0.536100
0.000000
0.547800
1.031500
0.530000
0.547300
1.057000
0.528800
0.507300
0.551800
0.537100
0.533400
0.593600
0.532700
0.545200
0.538400
1.131600
0.519600
0.531300
0.598000
0.000000
0.525600
0.576000
0.553200
0.552700
0.597500
0.552100
1.071300
0.532700
0.539000
0.536500
0.529200
0.536000
0.539100
0.535000
0.535700
0.540300
0.533100
0.548700
1.117700
0.556700
0.515800
0.547600
0.540300
0.531700
0.533700
0.034800
0.532800
0.526200
0.000000
0.531800
1.133200
1.054300
0.548400
0.535100
0.538100
0.531400
0.517600
0.527100
0.530500
0.528400
1.104500
0.541100
1.154800
1.044400
0.534300
0.532000
0.532200
0.531600
0.535400
0.530500
0.528500
0.553800
1.080100
0.565900
0.564500
0.532600
0.542500
0.552000
0.540100
0.527800
0.543500
0.532400
0.542300
0.524600
0.556100
0.537800
1.078200
1.073700
0.522000
0.532300
0.536600
0.537100
0.533700
0.538800
0.531300
0.529000
1.069000
0.533400
1.103900
0.525900
0.532200
0.534300
0.524600
0.528500
0.530600
0.530800
0.538600
0.536800
0.545200
0.541000
0.561300
0.587500
0.532900
1.001000
0.539100
0.536900
0.554200
0.531200
0.531900
0.506800
0.540200
0.539000
0.593200
0.529100
0.517200
0.534100
0.536500
0.532700
0.534800
0.536400
0.542000
1.319200
0.534500
0.999600
0.548100
1.126300
0.539000
0.535400
0.540500
0.535300
0.535700
1.000800
1.104300
0.529300
0.539000
0.532900
0.536900
1.077800
0.527600
0.530400
0.530100
0.532000
0.539900
0.517600
0.031600
0.535400
0.527800
0.546500
0.525000
0.525800
0.528500
0.534200
0.538200
0.533100
0.000000
0.556200
0.537600
0.518900
0.534000
0.552800
0.549100
0.546200
1.114800
2.375900
2.946100
0.527200
0.533600
1.098100
0.564600
0.536600
0.537000
0.521700
1.078300
0.538000
0.541300
0.018300
0.520100
0.542000
1.081800
1.072100
0.545500
1.068100
3.577800
0.803600
1.001700
7.220700
6.025600
19.000600
1.000200
0.587300
1.004400
0.994100
0.536800
0.545800
0.665500
0.531500
0.575300
0.535900
0.526100
0.536400
0.558400
0.000000
0.534300
0.544100
0.542700
0.541900
0.540700
0.596900
1.048700
0.558200
0.519300
0.535600
0.534400
0.526700
0.000000
0.538900
0.534000
0.536500
0.533500
0.524600
0.541000
0.532600
1.070000
0.540200
0.000000
0.538700
16.353200
0.549400
0.532500
0.541800
0.032900
0.529400
0.545200
0.539800
0.550500
0.528500
0.529200
1.072500
0.538100
0.525700
0.000000
0.526800
0.536200
0.527300
0.977600
0.540400
0.000000
0.537800
0.526500
0.598700
0.527200
0.528300
0.533900
1.160500
0.541300
0.017400
0.523400
0.528800
0.017400
0.035600
0.524000
1.060900
0.535400
0.536300
0.535600
0.527000
0.539300
1.065100
0.524800
0.529800
0.538600
0.523300
0.542300
0.532900
0.532000
0.000000
0.523800
0.537100
0.526000
0.554500
0.537700
1.084100
1.057600
0.530300
0.543100
0.522200
0.557200
0.540300
0.538500
0.533800
0.520700
0.537000
0.555300
0.523100
0.559600
0.509400
1.097300
0.532600
0.535700
0.999300
0.535100
0.519900
0.539500
0.531900
0.532700
0.540100
0.525300
0.534400
0.536800
0.532400
0.558600
0.540100
0.539600
0.529600
0.533800
0.536700
0.529500
0.541600
0.530800
0.035600
0.538100
0.538000
1.109900
0.540000
0.523000
0.547900
0.545500
0.533100
0.538600
0.535800
0.547600
0.538400
0.828200
1.059200
0.548400
0.552300
0.543800
0.548500
0.535500
0.529400
0.557000
0.593400
0.523900
0.537400
1.079900
0.528900
0.540600
0.537300
0.540300
0.547700
0.536200
0.534200
0.508600
0.528500
0.534000
0.548800
4.002200
1.055000
1.077700
0.572900
0.539400
0.552200
0.548800
0.591600
0.532800
0.529900
0.524500
1.088600
0.534000
0.507400
0.554100
0.544700
0.525600
1.075700
0.538300
1.000400
0.533100
0.544300
0.534300
0.536100
0.532100
1.071000
0.535900
0.543500
0.543200
1.562700
0.999000
0.548500
0.542000
0.537800
0.542100
0.554100
0.540600
0.014200
0.524300
1.636300
0.532600
1.100900
0.523300
0.543900
0.529100
0.518500
0.533800
0.536600
0.527000
0.525900
0.544100
0.553500
0.543100
1.086100
0.537600
0.527100
0.526300
0.525200
0.539700
0.530300
0.527300
0.538300
0.534000
0.522700
0.024900
0.526500
0.530900
0.526400
1.062600
0.525200
0.529600
0.534000
0.528000
0.525200
0.530300
0.527000
0.535000
0.537900
0.531100
0.533700
0.526300
0.529600
0.532300
0.530200
0.540700
0.597800
0.523800
0.778600
0.527400
0.530100
0.533600
0.538200
0.541300
0.652400
0.540500
0.523900
1.124000
0.551200
1.070700
1.650200
1.002200
0.999700
0.521600
0.535700
0.538300
0.528900
0.536300
0.530600
0.526500
0.534500
0.533700
0.524700
0.535600
0.537800
0.526400
0.527100
0.542800
0.539100
0.532500
0.528400
0.528300
0.537100
0.521600
0.546500
0.545700
0.529800
1.267200
1.000500
0.531800
1.000200
1.070000
1.264700
0.544700
0.000000
0.523100
0.000000
0.000000
0.523600
0.537700
0.552900
1.587300
0.529400
0.530100
0.543700
0.538300
1.045100
0.998700
1.999800
0.542400
0.533500
0.532000
0.540000
0.613300
1.055600
0.536800
0.519900
0.544300
1.085100
0.546400
0.519200
1.001200
0.999500
1.273400
0.000000
0.998900
1.089400
0.528500
0.551600
0.556300
0.564100
0.544200
0.584900
0.530100
0.529700
0.534400
0.536700
0.534800
0.540700
0.543600
0.530300
0.543300
0.538400
1.065400
0.041100
0.522900
0.533900
0.540200
0.524800
0.571400
0.565800
0.539800
0.000000
0.000000
0.534400
0.550000
0.696700
0.527600
0.549000
0.534600
0.529400
0.526500
0.535000
0.543500
0.528500
0.508000
0.544100
0.000000
0.540200
0.535600
0.531200
1.129000
0.544600
0.535600
0.533900
0.532200
0.534700
0.510000
0.528800
0.536100
0.534500
0.562300
0.539000
0.541100
0.533300
0.533600
0.536700
0.531000
0.533900
0.547000
0.537900
0.835400
0.658800
0.537200
0.535400
0.008300
0.542700
0.544000
0.573200
0.538500
0.525200
1.086100
0.539500
0.537900
0.529600
0.533300
0.510500
0.542700
0.543600
0.558700
0.528000
1.074400
0.543700
0.578200
0.530300
0.000000
0.603200
0.539300
0.530400
0.533200
0.527500
0.533300
0.534500
0.559500
0.541100
1.188100
0.547700
0.551100
0.524300
0.521300
0.542700
0.538200
0.546500
0.578800
0.538700
0.539900
0.532300
0.536800
0.533500
1.057000
0.536600
0.546600
0.547800
0.535800
0.542400
0.537700
0.527400
0.534400
0.549100
0.527400
0.531900
0.560400
0.537200
1.065100
0.526700
0.536000
0.543800
0.527300
0.543500
0.525100
0.532100
0.521300
0.544900
0.538500
0.782500
0.526000
0.532700
1.081400
0.525600
0.763100
0.537900
0.565000
0.540200
0.531700
0.539700
1.269000
0.532000
0.536500
0.538300
1.001300
1.058000
19.059400
1.143300
0.536500
0.524500
0.538700
0.536500
0.518000
0.532900
0.536300
0.536600
0.545200
0.567100
0.533900
1.098600
0.531000
0.534600
0.533200
0.543200
0.535500
0.538600
0.527700
0.521700
0.540600
0.528500
0.543400
0.536000
0.534700
1.164400
0.525900
0.517400
0.550300
0.007500
0.541200
0.526900
0.527100
0.533400
0.539500
0.539900
0.533600
0.530700
0.524300
1.066000
0.528800
0.557200
0.535300
0.552400
0.534600
0.529600
0.533400
0.520800
0.526500
0.528800
0.556100
0.539500
0.532000
0.523500
1.080200
0.525100
0.535100
0.524700
0.550300
0.536900
0.532500
0.028200
0.536400
0.532700
0.535900
0.542600
0.528500
0.542600
1.061800
0.537700
0.531700
0.531500
0.525600
0.537400
0.541600
0.534800
0.532100
0.545500
0.534900
0.525000
0.544400
0.546700
0.532000
1.069700
0.535500
0.527700
0.019500
0.000000
0.542900
0.509700
0.528400
0.538200
0.532800
0.536400
0.562200
0.535800
0.532200
0.539400
1.062600
0.701300
0.536000
0.529200
0.539200
0.520100
0.523800
0.537400
0.545000
0.540100
0.535200
1.072800
0.533200
0.537300
0.000000
0.535900
0.529800
0.531400
0.558600
0.577700
0.517100
0.523700
0.529600
1.069600
0.532100
0.015600
0.530800
0.531400
0.534000
0.525700
0.519500
0.525000
1.509100
0.532000
0.527100
0.579400
0.523300
0.549100
0.684400
0.547000
0.534700
0.533800
0.510100
0.538800
0.529200
0.531200
0.527600
1.181000
0.533800
0.531400
0.548800
0.547300
0.520500
0.538200
0.536800
0.000000
0.539000
0.538200
0.569400
0.533800
0.537200
0.533100
0.516800
0.527700
0.531600
0.647900
0.541900
0.519000
0.539300
0.539300
0.537300
0.532400
0.525500
1.056600
0.529100
0.527600
0.536700
0.518100
1.063800
0.532200
0.549700
1.050100
0.533200
0.532800
0.534800
0.528400
0.529000
1.052700
0.533700
0.534600
0.532300
0.532900
1.080900
0.537500
0.545300
0.519800
0.543200
1.000300
0.537700
0.528300
0.532400
0.532800
1.072900
1.001700
0.529900
0.545000
0.538600
0.531200
0.532200
0.021700
0.622900
0.535900
0.000000
0.528700
0.558900
1.071100
0.531600
0.531400
0.565600
0.546200
0.528800
0.534800
0.528100
0.541900
0.532700
0.532900
0.533200
0.528100
0.531000
1.122600
0.540400
1.107400
0.538700
0.524900
0.543900
0.545400
0.535900
0.534700
0.542200
0.533900
0.529300
0.525000
1.000200
0.526100
0.534500
0.519500
0.542100
0.527700
0.536800
1.094800
0.546500
0.000000
0.603500
0.531700
0.542600
0.546500
1.067300
0.532100
0.547600
0.009900
0.538800
0.540000
0.526600
0.548300
0.666200
0.529600
0.528700
1.039600
0.539400
0.560200
0.553900
0.528700
0.528100
0.530700
0.532800
0.597200
0.000000
0.544400
0.520100
0.548300
0.534100
0.526900
0.531100
0.000000
1.073900
0.530700
0.536200
1.040300
0.522700
0.531700
0.527400
0.722700
0.534400
0.529000
0.529000
0.537700
0.530200
0.541700
1.000300
1.643700
1.000700
0.541400
0.535800
0.519200
0.528800
1.092300
0.000000
0.000000
0.535600
0.547100
0.530200
0.537500
0.010200
0.528900
1.081300
0.532900
0.510400
0.536500
0.535900
0.539300
0.529800
0.519100
0.532300
0.538300
0.552600
0.533000
0.527700
0.535600
1.146700
0.519600
0.518100
0.527700
1.044200
0.541500
0.540800
0.534300
0.566900
0.022600
0.537000
0.552200
0.531400
0.533800
0.539700
0.540000
1.106100
0.528000
0.000000
0.020400
0.540400
0.518900
0.570400
1.093000
1.085800
0.529500
0.520000
0.998800
0.578400
1.062700
0.537000
0.997700
2.322200
1.308800
2.158000
2.001000
1.057800
0.540100
1.083400
0.655100
0.536100
0.529400
1.061600
0.565100
0.536700
0.540400
0.528000
0.544600
0.538300
0.554400
0.531100
0.575300
1.046700
0.528900
0.540300
0.536000
1.573600
0.531300
0.525500
0.545200
0.522600
0.000000
0.586500
0.549900
0.537300
0.520800
0.532200
0.507300
0.537700
1.607400
0.533600
0.553000
0.547700
0.020600
0.539800
0.534800
0.520300
0.523100
0.534500
0.532500
0.748100
0.572700
0.520200
0.536300
0.550400
0.537500
0.000000
0.533600
0.542100
0.543000
0.020400
0.527900
0.527000
0.530400
0.998200
0.521200
0.547100
1.093200
0.528200
0.609900
0.542000
0.529600
0.999000
0.540200
0.536500
0.541800
0.534000
0.548900
0.538300
0.546500
0.535000
0.537600
1.196400
0.537300
0.539800
0.536700
0.523600
0.998800
0.532100
0.538900
0.021500
0.536200
0.522700
1.108100
0.547600
0.530500
1.098100
0.536800
0.544700
0.529700
0.546800
0.541500
0.525400
0.537600
0.533100
0.519900
0.536100
0.566900
1.000100
0.561800
0.528700
1.078000
0.532500
0.535800
0.523200
0.531300
0.529900
0.000000
0.532200
0.542300
0.531500
0.530400
0.546500
0.621200
0.547400
0.541200
1.085000
0.542300
0.541300
0.507100
0.527300
0.537400
0.536400
0.536700
0.533700
0.533000
0.549400
0.552100
1.002200
0.541800
1.098600
0.535500
0.543200
0.552700
0.532100
0.510300
0.539800
0.532700
0.524600
0.525100
1.000400
0.520200
0.519600
0.716400
0.010500
0.545600
0.543100
0.546900
0.534700
0.530100
0.520700
0.536700
0.528900
0.540600
0.541600
0.522700
0.529000
0.528500
0.526700
0.526200
1.852600
1.001200
0.532200
0.531400
0.540200
0.542200
0.508300
0.022100
0.523200
0.019800
0.528800
0.530800
0.535200
0.533400
0.527300
1.073300
0.020900
0.567100
0.535400
0.573600
0.534600
0.533300
0.542300
0.530800
0.560200
0.534000
0.519000
0.533700
0.527600
0.525700
1.197800
0.522800
0.021900
0.536800
0.532200
0.534200
0.545700
0.532000
0.000000
1.081000
0.998300
0.524300
0.520600
0.529200
0.579400
1.079500
0.537100
0.526300
0.541800
1.001000
0.548400
0.536500
0.537300
0.544900
0.519200
0.539200
0.533200
0.998800
0.547100
0.521500
1.106500
0.538600
0.000000
0.520000
0.532300
0.531600
0.538500
0.999000
0.528800
0.999100
0.997200
0.529200
0.530600
1.001400
0.526900
1.081700
0.516200
0.596900
0.528600
0.528100
0.532000
0.016400
0.531100
0.000000
0.531400
0.537200
0.526900
0.542700
1.000600
0.524200
1.056500
0.000000
0.999200
0.534400
0.519900
0.526800
0.525100
0.517500
0.545200
0.525700
0.530600
0.527200
0.527700
0.999200
1.599800
0.521000
0.521700
0.000000
0.000000
0.530300
0.522900
0.534100
0.515600
0.000000
0.536000
0.533400
0.000000
0.519700
0.529800
1.069500
0.000000
0.546500
0.000000
0.012900
0.539000
0.527600
0.547200
0.532900
0.525800
0.535700
0.544700
0.544000
0.533400
1.052300
1.152800
0.532100
0.780100
0.530100
0.536900
0.031800
0.578700
0.548200
0.528900
0.530500
0.534000
0.528100
0.530400
0.543000
0.535500
0.535100
0.553700
0.527600
0.522600
0.530800
0.538800
0.539100
0.538000
0.525600
0.530700
0.009700
0.548300
0.532800
0.555800
1.996200
0.547300
0.549500
0.506800
0.533200
0.552100
0.530900
0.536800
0.563500
1.004000
0.997700
0.525100
0.535700
0.522600
1.052900
0.530900
0.515200
0.999500
0.571600
0.522100
0.533400
0.539400
0.000000
0.542800
0.556900
0.541200
0.529800
0.000000
0.564500
0.528100
0.529100
0.527900
0.529200
0.522200
0.996800
0.535200
0.024600
0.000000
0.526600
0.537700
0.566300
0.000000
0.000000
0.534900
0.536200
1.127700
1.064800
1.095100
0.531600
1.094100
0.537900
0.540800
1.082500
0.536300
0.535700
0.000000
0.535400
0.540600
0.529900
1.062300
0.536100
0.641300
0.529700
0.534100
0.535700
0.549300
1.148000
0.529300
0.518600
0.547700
0.531800
0.561600
0.546000
0.536900
0.537200
0.548600
0.530300
0.522600
0.535200
0.531700
0.543900
1.060000
1.002900
0.529300
0.523100
0.996800
0.531100
0.000000
1.001400
0.538600
0.515700
0.552700
0.523800
0.530300
0.520200
0.516300
0.535700
0.526700
0.528500
0.529300
0.507900
0.534600
0.538000
0.538500
0.532400
0.544700
0.539100
0.543200
0.541500
0.521900
0.526800
0.539100
0.589300
0.533700
0.543400
0.538100
0.540900
0.523200
0.538900
0.543400
2.097100
3.351900
0.949900
0.532300
0.528000
1.164700
0.539600
0.535900
0.536700
0.536500
0.525800
1.069000
0.536000
0.556100
0.536600
0.535300
0.547500
0.550800
0.557600
0.536000
0.530300
0.546100
0.533900
0.529200
0.535500
0.601800
0.533200
0.531900
0.535500
0.533700
0.535800
0.999700
0.528000
0.032400
0.000000
0.528800
0.533500
0.514100
0.539300
0.537400
1.154700
0.526400
0.541100
0.582800
0.520100
0.551200
0.538900
0.021300
0.039300
0.534900
0.542000
0.590700
0.541900
0.556400
1.050900
0.540500
0.530000
0.527200
0.533300
0.532900
0.538600
0.532100
0.520600
0.532000
0.535800
0.532800
0.527700
0.537600
0.554500
0.533900
1.081900
0.621900
0.524400
0.541900
0.517300
0.529300
1.057100
0.534400
0.527200
1.085400
0.533000
0.536300
0.526200
0.025300
0.629700
1.067400
0.000000
0.549300
0.535000
0.580200
0.525400
0.000000
0.525100
0.015500
0.532200
0.996800
0.536100
0.538200
0.000000
1.053700
0.553700
1.001600
0.538400
0.554000
0.538900
0.540300
0.543400
0.540700
0.530100
0.520400
0.000000
0.546600
0.036500
1.080000
0.529900
0.020100
0.000000
0.527900
0.553800
1.078200
0.526000
0.530300
0.536600
0.000000
0.528100
0.553500
0.520200
1.059100
0.541600
0.533700
0.529600
0.553100
0.530600
1.032200
0.544300
0.537000
1.067100
1.206900
0.570900
0.000000
1.998500
1.078300
0.534800
0.530100
0.546000
0.504900
0.533800
0.543100
0.533200
1.069400
0.532700
0.536100
0.556400
0.528300
1.128800
0.592400
1.122000
0.542400
0.542200
1.070800
0.535900
0.539300
0.541800
1.092000
0.550900
0.540700
0.534100
0.528700
0.547600
1.589500
0.540700
0.536200
1.058500
0.536500
0.535300
0.536800
0.534000
0.506700
0.535500
0.000000
0.000000
0.506700
0.510000
0.538500
0.553700
0.530500
0.534500
0.539600
0.545300
0.539100
0.017700
0.537700
0.538400
0.533300
0.533900
0.536700
0.532700
0.536600
0.529000
0.508600
1.071900
0.531300
0.525700
0.538500
0.535600
0.762500
0.877900
1.167700
0.520800
0.998200
0.539500
0.541900
0.508400
0.545300
0.538900
1.038900
0.534000
0.533200
0.541300
0.526100
0.653100
0.547700
0.538900
0.543900
0.541100
0.524900
0.537600
0.532700
0.000000
1.998800
1.443300
0.527300
0.535200
0.529500
1.101100
0.557900
1.535100
0.000000
0.541000
0.518600
0.538700
0.536800
0.538600
1.103500
0.541800
0.547900
0.540800
0.000000
0.535700
0.544200
