0.547500
0.000000
0.532600
0.000000
0.540900
0.000000
0.000000
0.000000
0.000000
0.000000
0.000000
0.000000
0.554600
0.000000
0.000000
0.527100
0.000000
0.000000
0.000000
0.532600
0.000000
0.531800
0.000000
0.537200
0.000000
0.534600
0.000000
0.534500
0.000000
0.000000
0.000000
0.524300
0.528600
0.522500
0.000000
0.536600
0.000000
0.000000
0.000000
0.506700
0.000000
0.000000
0.532700
0.536300
0.000000
0.000000
0.000000
0.000000
0.000000
0.000000
0.000000
1.084400
0.000000
0.000000
0.000000
0.533900
0.028400
0.000000
0.000000
0.000000
0.000000
0.000000
0.532700
0.000000
0.000000
0.000000
0.000000
0.000000
0.000000
0.000000
0.000000
0.520400
0.000000
0.000000
0.000000
0.000000
0.000000
0.529200
0.000000
0.000000
0.000000
0.000000
0.000000
0.529900
0.024500
0.564300
0.530900
0.000000
0.000000
0.000000
0.000000
0.000000
0.000000
0.000000
0.000000
0.532100
0.000000
0.000000
0.506700
0.000000
0.000000
0.000000
0.000000
0.000000
0.000000
1.834000
0.000000
0.000000
0.000000
0.000000
0.000000
0.000000
0.000000
0.000000
0.623600
0.000000
0.000000
0.000000
0.000000
0.542300
0.541000
0.000000
0.000000
0.543700
0.509500
0.530500
0.528200
0.546600
0.000000
0.000000
0.000000
0.505900
0.537200
0.000000
0.000000
0.000000
0.000000
0.537600
0.000000
0.552800
0.000000
0.000000
0.509800
0.000000
0.541000
0.000000
0.536500
0.000000
0.000000
0.997700
0.528700
0.000000
0.532000
0.523900
0.000000
0.027300
0.000000
0.000000
0.000000
0.000000
0.535100
0.000000
0.543800
0.000000
0.000000
0.000000
0.533600
0.000000
0.000000
0.000000
0.000000
0.553800
0.527100
0.000000
0.000000
0.000000
0.535600
0.537200
0.000000
0.000000
0.000000
0.000000
0.552900
0.000000
0.000000
0.014100
0.000000
0.000000
0.000000
0.000000
0.026400
0.000000
0.000000
0.000000
0.000000
0.000000
0.000000
0.000000
0.522100
0.000000
0.533200
0.000000
0.570000
0.000000
0.000000
0.000000
0.000000
0.527200
0.000000
0.000000
0.541000
0.532300
0.000000
0.000000
0.531400
0.000000
0.000000
0.000000
0.000000
0.000000
0.000000
0.000000
0.000000
0.000000
0.000000
0.000000
0.000000
0.000000
0.000000
0.025100
0.524000
0.000000
0.000000
0.000000
0.000000
0.000000
0.000000
0.000000
0.542500
0.000000
0.534800
0.530600
0.026600
0.000000
0.000000
0.000000
0.000000
0.000000
0.000000
0.000000
0.000000
0.000000
0.000000
0.000000
0.540700
0.000000
0.526100
0.000000
0.540800
0.536600
0.523700
0.000000
0.000000
0.000000
0.506900
0.000000
0.000000
0.000000
0.000000
0.535800
0.000000
0.533400
0.000000
0.524800
0.000000
0.537800
0.062900
0.000000
0.000000
0.000000
0.000000
0.000000
0.529600
0.522200
0.000000
0.534900
0.532300
0.535700
0.000000
0.000000
0.531800
0.524500
0.000000
0.547000
0.541100
0.000000
0.526100
0.018700
0.000000
0.000000
0.000000
0.000000
0.000000
0.509200
0.532800
0.000000
0.000000
0.000000
0.000000
0.507900
0.000000
0.542700
0.541500
0.000000
0.528600
0.000000
0.521500
0.000000
0.000000
0.000000
0.000000
0.000000
0.000000
0.506700
0.000000
0.516300
0.000000
0.000000
0.000000
0.000000
0.000000
0.000000
0.548400
0.000000
0.000000
0.000000
0.000000
0.515300
0.000000
0.537900
0.539800
0.000000
0.000000
0.536200
0.000000
0.000000
0.537700
0.026900
0.546100
0.536600
0.535200
0.033000
0.000000
0.000000
0.529000
0.547200
0.038400
0.000000
0.000000
0.000000
0.000000
0.000000
0.000000
0.000000
0.000000
0.000000
0.000000
0.540500
0.000000
0.000000
0.546300
0.000000
0.000000
0.000000
0.000000
0.000000
0.000000
0.540000
0.534400
0.000000
0.000000
0.000000
0.532900
0.000000
0.000000
0.000000
0.000000
0.000000
0.000000
0.531800
0.539200
0.000000
0.000000
0.527200
0.000000
0.525800
0.537100
0.000000
0.000000
0.014600
0.000000
0.537800
0.000000
0.000000
0.000000
0.547200
0.000000
0.534000
0.000000
0.000000
0.556500
0.000000
0.000000
0.000000
0.000000
0.540700
0.541600
0.000000
0.000000
0.000000
0.000000
0.000000
0.032100
0.000000
0.000000
0.549800
0.029700
0.000000
0.000000
0.537800
0.000000
0.545600
0.000000
0.534100
0.000000
0.000000
0.000000
0.000000
0.000000
0.558700
0.000000
0.000000
0.000000
0.000000
0.000000
0.000000
0.000000
0.549600
0.000000
0.000000
0.000000
0.000000
0.000000
0.000000
0.000000
0.000000
0.530900
0.540600
0.000000
0.000000
0.000000
0.000000
0.000000
0.520200
0.580900
0.000000
0.000000
0.000000
0.000000
0.000000
0.000000
0.538100
0.000000
0.535100
0.000000
0.000000
0.000000
0.573600
0.000000
0.541300
0.025100
0.000000
0.000000
0.531300
0.000000
0.000000
0.000000
0.000000
0.526800
0.000000
0.000000
0.000000
0.525900
0.528200
0.550400
0.000000
0.506800
0.031800
0.000000
0.000000
0.000000
0.000000
0.000000
0.000000
0.000000
0.029500
0.000000
0.000000
0.000000
0.548600
0.000000
0.000000
0.000000
0.000000
0.000000
0.000000
0.543500
0.000000
0.537500
0.000000
0.000000
0.000000
0.547500
0.000000
0.000000
0.000000
0.000000
0.521600
0.000000
0.000000
0.000000
0.000000
0.000000
0.000000
0.000000
0.508100
0.000000
0.000000
0.000000
0.000000
0.000000
0.507500
0.539000
0.000000
0.000000
0.000000
0.534700
0.527800
0.000000
0.031200
0.539100
0.000000
0.532300
0.000000
0.000000
0.000000
0.531700
0.000000
0.000000
0.000000
0.000000
0.547300
0.000000
0.000000
0.537700
0.000000
0.536400
0.000000
0.000000
0.000000
0.000000
0.000000
0.000000
0.000000
0.000000
0.000000
0.524200
0.032200
0.537700
0.000000
0.530700
0.000000
0.000000
0.000000
0.000000
0.000000
0.000000
0.539000
0.000000
0.000000
0.000000
0.534100
0.543500
0.526900
0.529300
0.532900
0.000000
0.000000
0.000000
0.000000
0.000000
0.000000
0.000000
0.000000
0.533200
0.000000
0.527300
0.000000
0.000000
0.000000
0.000000
0.529200
0.524500
0.000000
0.000000
0.000000
0.000000
0.000000
0.545900
0.522700
0.564800
0.015200
0.540000
0.528900
0.000000
0.000000
0.529300
0.000000
0.000000
0.000000
0.000000
0.000000
0.044400
0.000000
0.000000
0.000000
0.000000
0.000000
0.000000
0.000000
0.000000
0.000000
0.000000
0.000000
0.014000
0.000000
0.000000
0.000000
0.000000
0.000000
0.000000
0.000000
0.545900
0.000000
0.563900
0.507100
0.000000
0.000000
0.000000
0.523300
0.000000
0.538000
0.000000
0.000000
0.534700
0.533600
0.000000
0.000000
0.000000
0.000000
0.520000
0.000000
0.000000
0.000000
0.000000
0.000000
0.049300
0.539800
0.000000
0.000000
0.537900
0.539900
0.000000
0.537100
0.602100
0.000000
0.000000
0.000000
0.540700
0.000000
0.000000
0.000000
0.000000
0.000000
0.000000
0.000000
0.000000
0.000000
0.000000
0.000000
0.540900
0.000000
0.540700
0.000000
0.000000
0.000000
0.000000
0.532000
0.000000
0.000000
0.535900
0.000000
0.000000
0.000000
0.000000
0.000000
0.000000
0.575800
0.507000
0.000000
0.000000
0.535400
0.000000
0.543500
0.000000
0.000000
0.000000
0.000000
0.000000
0.532300
0.532600
0.524900
0.522900
0.000000
0.000000
0.000000
0.000000
0.000000
0.024800
0.032900
0.000000
0.000000
0.000000
0.535500
0.000000
0.000000
0.000000
0.522100
0.539200
0.000000
0.000000
0.000000
0.000000
0.000000
0.000000
0.000000
0.000000
0.535500
0.530300
0.530100
0.506300
0.000000
0.000000
0.051300
0.000000
0.000000
0.000000
0.000000
0.000000
0.000000
0.000000
0.000000
0.000000
0.000000
0.523700
0.000000
0.000000
0.000000
0.536100
0.000000
0.000000
0.000000
0.000000
0.000000
0.000000
0.000000
0.000000
0.000000
0.000000
0.533300
0.026200
0.000000
0.526400
0.508800
0.538100
0.000000
0.577100
0.000000
0.000000
0.537400
0.533100
0.000000
0.000000
0.023300
0.000000
0.545700
0.552100
0.000000
0.000000
0.029300
0.534900
0.000000
0.000000
0.000000
0.566300
0.000000
0.000000
0.000000
0.552000
0.000000
0.000000
0.000000
0.000000
0.000000
0.000000
0.000000
0.000000
0.000000
0.531000
0.538200
0.000000
0.000000
0.524100
0.528700
0.000000
0.550200
0.028100
0.000000
0.519800
0.000000
0.000000
0.028200
0.000000
0.000000
0.525700
0.000000
0.000000
0.000000
0.000000
0.000000
0.000000
0.000000
0.000000
0.000000
0.508600
0.000000
0.000000
0.000000
0.000000
0.540700
0.000000
0.540800
0.000000
0.000000
0.531600
0.522700
0.000000
0.000000
0.013900
0.000000
0.546300
0.000000
0.536900
0.000000
0.000000
0.000000
0.535100
0.000000
0.000000
0.000000
0.000000
0.000000
0.537900
0.000000
0.000000
0.036500
0.000000
0.000000
0.531000
0.000000
0.000000
0.000000
0.000000
0.000000
0.000000
0.016600
0.000000
0.533200
0.000000
0.000000
0.000000
0.541100
0.000000
0.000000
0.507900
0.000000
0.000000
0.000000
0.000000
0.000000
0.000000
0.029100
0.536000
0.000000
0.000000
0.000000
0.000000
0.508400
0.000000
0.536000
0.513300
0.523700
0.000000
0.030500
0.000000
0.000000
0.000000
0.541500
0.014800
0.000000
0.543400
0.000000
0.000000
0.000000
0.537500
0.535500
0.540300
0.000000
0.000000
0.000000
0.541500
0.000000
0.533400
0.508800
0.000000
0.535100
0.000000
0.000000
0.000000
0.552200
0.000000
0.000000
0.000000
0.000000
0.000000
0.000000
0.000000
0.000000
0.000000
0.016800
0.000000
0.000000
0.000000
0.000000
0.000000
0.000000
0.000000
0.000000
0.000000
0.000000
0.000000
0.000000
0.538000
0.000000
0.538100
0.000000
0.538300
0.000000
0.522700
0.545300
0.000000
0.000000
0.506500
0.000000
0.506200
0.000000
0.000000
0.000000
0.031600
0.000000
0.534600
0.000000
0.000000
0.000000
0.000000
0.000000
0.000000
0.000000
0.000000
0.000000
0.000000
0.000000
0.000000
0.547600
0.532800
0.534000
0.000000
0.000000
0.539900
0.533400
0.535100
0.000000
0.000000
0.000000
0.000000
0.034500
0.000000
0.524500
0.000000
0.031600
0.000000
0.000000
0.000000
0.530500
0.000000
0.527600
0.000000
0.530600
0.000000
0.000000
0.527100
0.014300
0.526900
0.000000
0.031900
0.000000
0.000000
0.000000
0.000000
0.000000
0.528200
0.000000
0.000000
0.000000
0.506200
0.022100
0.000000
0.000000
0.000000
0.000000
0.000000
0.000000
0.000000
0.000000
0.000000
0.000000
0.529600
0.000000
0.000000
0.000000
0.000000
0.528100
0.546600
0.000000
0.000000
0.000000
0.533600
0.000000
0.000000
0.000000
0.000000
0.000000
0.000000
0.000000
0.000000
0.548500
0.000000
0.000000
0.024300
0.029000
0.000000
0.000000
0.000000
0.000000
0.000000
0.000000
0.000000
0.000000
0.533800
0.000000
0.000000
0.000000
0.000000
0.000000
0.026400
0.000000
0.000000
0.505700
0.000000
0.000000
0.537800
0.000000
0.016400
0.000000
0.000000
0.000000
0.000000
0.000000
0.000000
0.014000
0.000000
0.000000
0.000000
0.000000
0.000000
0.000000
0.533100
0.528600
0.000000
0.524200
0.000000
0.000000
0.000000
0.000000
0.000000
0.046100
0.539300
0.536600
0.000000
0.000000
0.549000
0.000000
0.000000
0.000000
0.528700
0.000000
0.531600
0.000000
0.000000
0.547100
0.000000
0.000000
0.000000
0.000000
0.000000
0.000000
0.000000
0.523800
0.000000
0.545500
0.000000
0.020500
0.000000
0.000000
0.000000
0.000000
0.000000
0.529200
0.000000
0.000000
0.000000
0.000000
0.000000
0.000000
0.000000
0.000000
0.000000
0.000000
0.000000
0.000000
0.000000
0.000000
0.000000
0.534600
0.000000
0.000000
0.000000
0.000000
0.530600
0.530800
0.542000
0.000000
0.000000
0.000000
0.017100
0.000000
0.531200
0.000000
0.000000
0.537000
0.539700
0.000000
0.538600
0.000000
0.000000
0.000000
0.000000
0.000000
0.000000
0.508200
0.000000
0.000000
0.530500
0.000000
0.000000
0.000000
0.000000
0.536300
0.000000
0.000000
0.000000
0.000000
0.000000
0.000000
0.000000
0.534300
0.000000
0.000000
0.000000
0.527300
0.000000
0.000000
0.020600
0.000000
0.000000
0.000000
0.000000
0.508000
0.000000
0.000000
0.000000
0.025900
0.000000
0.027000
0.000000
0.538800
0.000000
0.528200
0.000000
0.538600
0.000000
0.000000
0.000000
0.000000
0.000000
0.000000
0.000000
0.000000
0.045900
0.000000
0.000000
0.000000
0.000000
0.532500
0.000000
0.000000
0.526600
0.000000
0.000000
0.000000
0.000000
0.000000
0.024500
0.000000
0.000000
0.000000
0.030500
0.000000
0.000000
0.541600
0.000000
0.000000
0.000000
0.025100
0.000000
0.000000
0.000000
0.000000
0.000000
0.000000
0.000000
0.000000
0.000000
0.000000
0.000000
0.537600
0.530100
0.000000
0.000000
0.089600
0.000000
0.000000
0.538900
0.000000
0.000000
0.000000
0.000000
0.538500
0.000000
0.000000
0.000000
0.000000
0.000000
0.000000
0.533900
0.026400
0.017300
0.000000
0.532100
0.000000
0.533800
0.000000
0.000000
0.526900
0.000000
0.000000
0.000000
0.000000
0.000000
0.000000
0.530500
0.508300
0.536200
0.542600
0.528300
0.000000
0.000000
0.000000
0.529100
0.000000
0.000000
0.000000
0.000000
0.000000
0.000000
0.000000
0.000000
0.540600
0.000000
0.000000
0.542400
0.000000
0.000000
0.543200
0.533700
0.000000
0.000000
0.000000
0.000000
0.000000
0.000000
0.000000
0.000000
0.000000
0.000000
0.000000
0.000000
0.000000
0.558400
0.526800
0.000000
0.000000
0.000000
0.532900
0.000000
0.000000
0.000000
0.533700
0.000000
0.000000
0.000000
0.000000
0.000000
0.000000
0.000000
0.000000
0.526600
0.000000
0.000000
0.000000
0.000000
0.000000
0.000000
0.023800
0.000000
0.536600
0.000000
0.000000
0.000000
0.000000
0.000000
0.000000
0.000000
0.000000
0.000000
0.000000
0.000000
0.000000
0.000000
0.000000
0.000000
0.000000
0.000000
0.533800
0.000000
0.000000
0.000000
0.545300
0.000000
0.000000
0.000000
0.014600
0.000000
0.000000
0.000000
0.000000
0.000000
0.508100
0.000000
0.540600
0.000000
0.000000
0.000000
0.528100
0.000000
0.508400
0.000000
0.000000
0.000000
0.000000
0.000000
0.000000
0.539800
0.000000
0.532300
0.000000
0.000000
0.000000
0.000000
0.000000
0.000000
0.000000
0.000000
0.000000
0.000000
0.000000
0.506200
0.537300
0.538700
0.541400
0.000000
0.535200
0.000000
0.529300
0.000000
0.000000
0.000000
0.000000
0.540500
0.534300
0.509900
0.000000
0.549700
0.000000
0.000000
0.535400
0.000000
0.000000
0.000000
0.000000
0.000000
0.021300
0.000000
0.000000
0.529800
0.000000
0.000000
0.000000
0.000000
0.520700
0.000000
0.000000
0.000000
0.000000
0.000000
0.000000
0.000000
0.000000
0.000000
0.553200
0.000000
0.000000
0.000000
0.000000
0.014900
0.000000
0.000000
0.000000
0.000000
0.000000
0.536700
0.530600
0.541900
0.000000
0.529800
0.000000
0.000000
0.000000
0.000000
0.538000
0.000000
0.000000
0.535700
0.000000
0.038100
0.000000
0.000000
0.000000
0.000000
0.529500
0.531500
0.000000
0.000000
0.000000
0.000000
0.000000
0.000000
0.527400
0.000000
0.000000
0.033100
0.537400
0.000000
0.000000
0.000000
0.000000
0.000000
0.535800
0.000000
0.000000
0.509300
0.000000
0.523500
0.000000
0.000000
0.000000
0.000000
0.000000
0.000000
0.000000
0.000000
0.000000
0.000000
0.000000
0.000000
0.000000
0.000000
0.000000
0.000000
0.539700
0.535400
0.000000
0.000000
0.000000
1.065200
0.000000
0.000000
0.000000
0.000000
0.000000
0.000000
0.528900
0.000000
0.000000
0.000000
0.000000
0.531600
0.000000
0.000000
0.543500
0.000000
0.000000
0.000000
0.025200
0.000000
0.000000
0.000000
0.000000
0.000000
0.000000
0.000000
0.000000
0.000000
0.000000
0.540600
0.000000
0.000000
0.543800
0.527900
0.000000
0.000000
0.000000
0.550800
0.000000
0.530500
0.000000
0.000000
0.000000
0.000000
0.000000
0.000000
0.000000
0.509400
0.507700
0.000000
0.000000
0.000000
0.533700
0.530000
0.032200
0.000000
0.000000
0.000000
0.000000
0.000000
0.530500
0.000000
0.000000
0.527100
0.000000
0.000000
0.000000
0.000000
0.000000
0.000000
0.000000
0.000000
0.535700
0.000000
0.000000
0.000000
0.000000
0.000000
0.000000
0.539600
0.533200
0.000000
0.000000
0.000000
0.000000
0.000000
0.000000
0.000000
0.000000
0.000000
0.000000
0.000000
0.544000
0.000000
0.529900
0.536400
0.000000
0.000000
0.555300
0.000000
0.000000
0.000000
0.015100
0.013500
0.000000
0.000000
0.000000
0.000000
0.000000
0.000000
0.000000
0.000000
0.000000
0.533800
0.000000
0.000000
0.532000
0.539700
0.000000
0.000000
0.000000
0.000000
0.000000
0.543000
0.000000
0.000000
0.000000
0.527700
0.000000
0.000000
0.000000
0.543200
0.000000
0.000000
0.538200
0.000000
0.534400
0.537600
0.000000
0.000000
0.000000
0.000000
0.000000
0.000000
0.000000
0.000000
0.000000
0.000000
0.000000
0.000000
0.535300
0.000000
0.525300
0.000000
0.000000
0.000000
0.541200
0.554100
0.000000
0.000000
0.000000
0.000000
0.000000
0.542000
0.000000
0.000000
0.000000
0.546500
0.529000
0.000000
0.000000
0.000000
0.539900
0.544800
0.000000
0.533000
0.000000
0.000000
0.000000
0.000000
0.000000
0.000000
0.000000
0.000000
0.000000
0.000000
0.533900
0.000000
0.543000
0.000000
0.000000
0.000000
0.000000
0.000000
0.000000
0.000000
0.000000
0.000000
0.000000
0.000000
0.000000
0.000000
0.000000
0.527400
0.000000
0.000000
0.000000
0.000000
0.000000
0.000000
0.000000
0.000000
0.000000
0.000000
0.000000
0.000000
0.000000
0.000000
0.000000
0.000000
0.537000
0.529000
0.000000
0.000000
0.000000
0.539600
0.000000
0.026300
0.000000
0.000000
0.000000
0.000000
0.000000
0.000000
0.529900
0.000000
0.000000
0.000000
0.000000
0.000000
0.540700
0.000000
0.000000
0.536100
0.000000
0.000000
0.000000
0.000000
0.000000
0.536900
0.547300
0.000000
0.000000
0.000000
0.000000
0.000000
0.000000
0.000000
0.035200
0.000000
0.000000
0.000000
0.000000
0.031300
0.000000
0.000000
0.000000
0.000000
0.000000
0.040000
0.534500
0.000000
0.000000
0.000000
0.535500
0.025300
0.000000
0.000000
0.000000
0.000000
0.000000
0.000000
0.000000
0.528400
0.000000
0.000000
0.000000
0.000000
0.000000
0.000000
0.000000
0.543800
0.000000
0.000000
0.530100
0.000000
0.000000
0.531900
0.000000
0.000000
0.000000
0.567100
0.000000
0.000000
0.000000
0.000000
0.000000
0.000000
0.544700
0.523100
0.000000
0.530000
0.000000
0.000000
0.000000
0.000000
0.000000
0.545100
0.000000
0.000000
0.539500
0.000000
0.000000
0.000000
0.000000
0.535200
0.029300
0.000000
0.000000
0.000000
0.000000
0.000000
0.528900
0.534500
0.000000
0.000000
0.000000
0.000000
0.000000
0.000000
0.579700
0.000000
0.547900
0.000000
0.000000
0.000000
0.000000
0.000000
0.000000
0.000000
0.000000
0.000000
0.000000
0.000000
0.000000
0.529000
0.000000
0.535500
0.527800
0.000000
0.530100
0.000000
0.000000
0.000000
0.000000
0.000000
0.000000
0.000000
0.000000
0.000000
0.000000
0.530900
0.000000
0.000000
0.000000
0.547300
0.000000
0.000000
0.000000
0.000000
0.000000
0.000000
0.000000
0.000000
0.000000
0.000000
0.000000
0.000000
0.000000
0.000000
0.000000
0.000000
0.000000
0.529800
0.530800
0.548200
0.000000
0.000000
0.000000
0.553700
0.000000
0.000000
0.000000
0.000000
0.000000
0.000000
0.540100
0.000000
0.546800
0.000000
0.000000
0.000000
0.000000
0.000000
0.000000
0.000000
0.530600
0.000000
0.548500
0.000000
0.000000
0.000000
0.000000
0.535600
0.032300
0.000000
0.535500
0.000000
0.000000
0.000000
0.000000
0.000000
0.000000
0.000000
0.000000
0.000000
0.000000
0.000000
0.000000
0.623100
0.000000
0.000000
0.000000
0.000000
0.000000
0.041800
0.000000
0.000000
0.532100
0.530100
0.000000
0.000000
0.000000
0.000000
0.540600
0.507700
0.026600
0.000000
0.000000
0.000000
0.000000
0.000000
0.000000
0.000000
0.540300
0.549800
0.000000
0.510300
0.000000
0.000000
0.000000
0.000000
0.000000
0.000000
0.000000
0.545300
0.000000
0.018900
0.528000
0.000000
0.000000
0.000000
0.000000
0.000000
0.000000
0.000000
0.546100
0.530100
0.544000
0.000000
0.000000
0.541600
0.000000
0.000000
0.000000
0.557500
0.525500
0.033800
0.000000
0.617300
0.000000
0.543200
0.000000
0.000000
0.000000
0.000000
0.000000
0.000000
0.000000
0.529800
0.000000
0.000000
0.547400
0.000000
0.000000
0.546500
0.000000
0.529600
0.537200
0.000000
0.000000
0.000000
0.000000
0.000000
0.553500
0.000000
0.027700
0.000000
0.527400
0.000000
0.000000
0.000000
0.000000
0.000000
0.000000
0.000000
0.000000
0.000000
0.000000
0.000000
0.000000
0.000000
0.538400
0.000000
0.506900
0.000000
0.508700
0.000000
0.000000
0.000000
0.000000
0.000000
0.000000
0.541500
0.000000
0.000000
0.000000
0.000000
0.531100
0.521700
0.000000
0.534400
0.551600
0.000000
0.000000
0.000000
0.000000
0.536800
0.000000
0.000000
0.000000
0.000000
0.000000
0.000000
0.029000
0.000000
0.000000
0.000000
0.000000
0.000000
0.000000
0.536600
0.000000
0.000000
0.000000
0.534200
0.000000
0.527800
0.000000
0.000000
0.000000
0.000000
0.000000
0.000000
0.000000
0.000000
0.000000
0.540000
0.000000
0.000000
0.000000
0.000000
0.000000
0.000000
0.000000
0.000000
0.000000
0.000000
0.000000
0.000000
0.539500
0.540700
0.000000
0.000000
0.000000
0.019100
0.000000
0.000000
0.000000
0.000000
0.000000
0.000000
0.000000
0.040300
0.000000
0.534900
0.542600
0.536000
0.000000
0.000000
0.526100
0.000000
0.000000
0.000000
0.000000
0.000000
0.000000
0.000000
0.000000
0.580100
0.528600
0.000000
0.000000
0.000000
0.000000
0.000000
0.540900
0.000000
0.547700
0.000000
0.010000
0.000000
0.000000
0.000000
0.533600
0.000000
0.000000
0.000000
0.000000
0.000000
0.000000
0.000000
0.000000
0.000000
0.000000
0.528600
0.000000
0.000000
0.535100
0.000000
0.000000
0.000000
0.000000
0.000000
0.534700
0.019300
0.000000
0.000000
0.539500
0.000000
0.000000
0.000000
0.000000
0.000000
0.000000
0.000000
0.000000
0.000000
0.000000
0.000000
0.000000
0.000000
0.000000
0.526600
0.000000
0.000000
0.531700
0.000000
0.532700
0.000000
0.000000
0.000000
0.000000
0.534400
0.000000
0.000000
0.000000
0.547600
0.000000
0.000000
0.000000
0.000000
0.000000
0.000000
0.000000
0.000000
0.000000
0.000000
0.000000
0.000000
0.540800
0.000000
0.544300
0.000000
0.528800
0.534100
0.531900
0.000000
0.000000
0.000000
0.000000
0.000000
0.541300
0.000000
0.000000
0.000000
0.000000
0.000000
0.541300
0.000000
0.000000
0.000000
0.000000
0.000000
0.000000
0.555100
0.000000
0.000000
0.042200
0.000000
0.000000
0.531200
0.000000
0.531100
0.000000
0.538100
0.000000
0.000000
0.000000
0.000000
0.523500
0.000000
0.000000
0.000000
0.000000
0.549200
0.541900
0.000000
0.000000
0.000000
0.254900
0.000000
0.020200
0.000000
0.000000
0.524500
0.000000
0.527700
0.000000
0.000000
0.000000
0.554500
0.527700
0.000000
0.000000
0.530800
0.528900
0.000000
0.527500
0.000000
0.530900
0.000000
0.541400
0.000000
0.543400
0.000000
0.000000
0.000000
0.000000
0.000000
0.000000
0.000000
0.000000
0.000000
0.000000
0.000000
0.000000
0.000000
0.538800
0.000000
0.000000
0.000000
0.000000
0.000000
0.530800
0.531600
0.000000
0.000000
0.000000
0.000000
0.538400
0.000000
0.000000
0.000000
0.547200
0.534800
0.507900
0.524700
0.525100
0.000000
0.000000
0.000000
0.528200
0.000000
0.000000
0.000000
0.000000
0.000000
0.000000
0.000000
0.000000
0.509100
0.000000
0.540200
0.000000
0.000000
0.537800
0.528200
0.000000
0.000000
0.000000
0.526800
0.000000
0.000000
0.000000
0.000000
0.000000
0.540400
0.000000
0.529500
0.546800
0.000000
0.524000
0.537800
0.000000
0.000000
0.000000
0.000000
0.522600
0.000000
0.000000
0.000000
0.530100
0.000000
0.000000
0.000000
0.000000
0.508400
0.530400
0.000000
0.000000
0.033500
0.000000
0.526500
0.000000
0.000000
0.000000
0.000000
0.000000
0.541200
0.000000
0.000000
0.015400
0.000000
0.537400
0.000000
0.000000
0.000000
0.000000
0.000000
0.542500
0.000000
0.000000
0.000000
0.000000
0.000000
0.531500
0.545800
0.000000
0.000000
0.000000
0.000000
0.000000
0.000000
0.000000
0.000000
0.000000
0.000000
0.000000
0.000000
0.000000
0.528700
0.000000
0.000000
0.000000
0.000000
0.000000
0.024000
0.000000
0.000000
0.000000
0.000000
0.000000
0.000000
0.000000
0.531600
0.000000
0.000000
0.000000
0.000000
0.524500
0.000000
0.546100
0.000000
0.000000
0.000000
0.000000
0.508000
0.000000
0.000000
0.000000
0.000000
0.000000
0.000000
0.000000
0.000000
0.000000
0.543400
0.000000
0.506900
0.545600
0.000000
0.537400
0.000000
0.000000
0.000000
0.000000
0.543600
0.000000
0.509200
0.000000
0.000000
0.535400
0.000000
0.000000
0.527100
0.000000
0.000000
0.541000
0.539000
0.080100
0.000000
0.000000
0.000000
0.000000
0.000000
0.000000
0.000000
0.000000
0.000000
0.535700
0.000000
0.000000
0.000000
0.000000
0.000000
0.540100
0.528700
0.000000
0.000000
0.000000
0.000000
0.000000
0.000000
0.000000
0.000000
0.534600
0.000000
0.028800
0.529800
0.000000
0.000000
0.000000
0.000000
0.000000
0.520900
0.000000
0.000000
0.000000
0.000000
0.000000
0.000000
0.548400
0.000000
0.000000
0.000000
0.000000
0.000000
0.000000
0.509200
0.000000
0.000000
0.000000
0.000000
0.000000
0.535800
0.000000
0.524000
0.000000
0.000000
0.000000
0.975300
0.000000
0.000000
0.000000
0.521600
0.000000
0.000000
0.000000
0.000000
0.531900
0.000000
0.000000
0.014900
0.540200
0.000000
0.000000
0.000000
0.000000
0.000000
0.000000
0.000000
0.000000
0.535100
0.000000
0.000000
0.000000
0.000000
0.000000
0.000000
1.087200
0.000000
0.000000
0.000000
0.000000
0.000000
0.532100
0.000000
0.547100
0.000000
0.000000
0.000000
0.000000
0.000000
0.000000
0.550500
0.531200
0.000000
0.511200
0.000000
0.000000
0.000000
0.000000
0.000000
0.000000
0.000000
0.535900
0.000000
0.000000
0.534200
0.537300
0.000000
0.536300
0.506500
0.548300
0.000000
0.000000
0.000000
0.000000
0.000000
0.000000
0.000000
0.000000
0.000000
0.000000
0.000000
0.000000
0.000000
0.000000
0.000000
0.000000
0.000000
0.000000
0.000000
0.000000
0.539000
0.000000
0.545100
0.000000
0.000000
0.000000
0.000000
0.000000
0.536800
0.000000
0.540100
0.000000
0.000000
0.000000
0.000000
0.543800
0.000000
0.000000
0.535300
0.508700
0.000000
0.000000
0.000000
0.532000
0.000000
0.000000
0.000000
0.000000
0.000000
0.000000
0.000000
0.000000
0.000000
0.533900
0.000000
0.000000
0.526400
0.000000
0.520200
0.000000
0.000000
0.000000
0.000000
0.526600
0.536700
0.000000
0.000000
0.037000
0.000000
0.019200
0.000000
0.000000
0.000000
0.000000
0.000000
0.000000
0.000000
0.000000
0.547300
0.508700
0.000000
0.529300
0.000000
0.000000
0.543900
0.000000
0.026200
0.000000
0.000000
0.000000
0.566000
0.000000
0.000000
0.527300
0.529100
0.039200
0.000000
0.000000
0.000000
0.000000
0.000000
0.000000
0.000000
0.506300
0.000000
0.000000
0.000000
0.000000
0.000000
0.000000
0.000000
0.592700
0.000000
0.528300
0.000000
0.000000
0.000000
0.000000
0.549600
0.000000
0.000000
0.000000
0.000000
0.000000
0.000000
0.024300
0.018900
0.000000
0.524600
0.507700
0.000000
0.000000
0.000000
0.538700
0.000000
0.000000
0.000000
0.000000
0.000000
0.000000
0.000000
0.000000
0.000000
0.539800
0.000000
0.531500
0.000000
0.537000
0.539500
0.541000
0.539400
0.000000
0.000000
0.000000
0.000000
0.000000
0.000000
0.000000
0.000000
0.535700
0.545000
0.544600
0.000000
0.000000
0.000000
0.000000
0.000000
0.000000
0.000000
0.524500
0.000000
0.000000
0.000000
0.000000
0.000000
0.000000
0.000000
0.539400
0.000000
0.000000
0.000000
0.000000
0.000000
0.000000
0.000000
0.000000
0.000000
0.000000
0.000000
0.000000
0.000000
0.000000
0.539100
0.527200
0.547200
0.000000
0.000000
0.000000
0.000000
0.000000
0.510000
0.534700
0.000000
0.000000
0.000000
0.000000
0.000000
0.000000
0.000000
0.000000
0.000000
0.000000
0.000000
0.000000
0.000000
0.000000
0.569400
0.525400
0.000000
0.000000
0.535600
0.000000
0.015200
0.536800
0.000000
0.000000
0.000000
0.000000
0.000000
0.528800
0.000000
0.000000
0.000000
0.000000
0.000000
0.000000
0.000000
0.556600
0.000000
0.548200
0.000000
0.000000
0.508600
0.523600
0.000000
0.000000
0.522600
0.000000
0.000000
0.000000
0.000000
0.000000
0.000000
0.000000
0.000000
0.000000
0.000000
0.542600
0.000000
0.000000
0.000000
0.000000
0.000000
0.000000
0.000000
0.000000
0.000000
0.037100
0.000000
0.000000
0.000000
0.000000
0.000000
0.000000
0.000000
0.000000
0.000000
0.127900
0.000000
0.542500
0.528100
0.542000
0.000000
0.000000
0.000000
0.000000
0.000000
0.542300
0.528600
0.000000
0.000000
0.000000
0.000000
0.000000
0.000000
0.524400
0.000000
0.000000
0.000000
0.000000
0.000000
0.000000
0.544800
0.000000
0.000000
0.000000
0.000000
0.538800
0.000000
0.000000
0.000000
0.000000
0.000000
0.000000
0.000000
0.000000
0.534000
0.000000
0.016400
0.000000
0.000000
0.539800
0.000000
0.521800
0.538100
0.000000
0.538600
0.000000
0.000000
0.000000
0.000000
0.000000
0.000000
0.000000
0.000000
0.000000
0.000000
0.000000
0.000000
0.527200
0.000000
0.000000
0.000000
0.544900
0.535200
0.533500
0.527200
0.000000
0.000000
0.506700
0.000000
0.030700
0.000000
0.542800
0.000000
0.000000
0.000000
0.526100
0.000000
0.000000
0.000000
0.000000
0.508600
0.025100
0.000000
0.000000
0.000000
0.526400
0.532900
0.000000
0.000000
0.000000
0.000000
0.529400
0.000000
0.000000
0.000000
0.000000
0.000000
0.024600
0.000000
0.532200
0.000000
0.526900
0.523600
0.000000
0.506700
0.000000
0.000000
0.000000
0.000000
0.000000
0.000000
0.000000
0.000000
0.000000
0.000000
0.000000
0.535400
0.000000
0.547800
0.000000
0.000000
0.000000
0.534400
0.000000
0.000000
0.539500
0.000000
0.000000
0.000000
0.539300
0.000000
0.000000
0.535100
0.000000
0.507000
0.027700
0.000000
0.000000
0.000000
0.000000
0.000000
0.000000
0.000000
0.000000
0.000000
0.000000
0.000000
0.000000
0.000000
0.000000
0.000000
0.533400
0.539600
0.000000
0.000000
0.000000
0.000000
0.528700
0.000000
0.000000
0.000000
0.524400
0.000000
0.540300
0.524800
0.000000
0.000000
0.000000
0.000000
0.000000
0.000000
0.000000
0.000000
0.000000
0.000000
0.000000
0.539100
0.000000
0.000000
0.533200
0.000000
0.000000
0.000000
0.000000
0.000000
0.000000
0.000000
0.000000
0.507400
0.000000
0.000000
0.531100
0.000000
0.529300
0.000000
0.000000
0.000000
0.000000
0.000000
0.000000
0.000000
0.000000
0.000000
0.032800
0.000000
0.000000
0.000000
0.519300
0.506400
0.000000
0.000000
0.000000
0.536200
0.000000
0.557800
0.000000
0.000000
0.000000
0.000000
0.000000
0.000000
0.000000
0.536600
0.532300
0.000000
0.000000
0.000000
0.000000
0.537500
0.026100
0.000000
0.026100
0.544000
0.531300
0.551500
0.000000
0.000000
0.521400
0.000000
0.015100
0.000000
0.000000
0.000000
0.000000
0.545400
0.000000
0.000000
0.000000
0.000000
0.000000
0.025900
0.000000
0.552700
0.000000
0.000000
0.000000
0.000000
0.509100
0.539400
0.000000
0.000000
0.000000
0.000000
0.000000
0.544500
0.000000
0.000000
0.000000
0.000000
0.000000
0.000000
0.535400
0.000000
0.529400
0.000000
0.558600
0.000000
0.000000
0.000000
0.024400
0.000000
0.000000
0.539300
0.000000
0.000000
0.000000
0.000000
0.000000
0.000000
0.000000
0.559200
0.000000
0.000000
0.000000
0.000000
0.000000
0.000000
0.000000
0.528400
0.000000
0.000000
0.507500
0.000000
0.000000
0.000000
0.000000
0.000000
0.000000
0.000000
0.000000
0.000000
0.014100
0.000000
0.000000
0.000000
0.510400
0.000000
0.000000
0.000000
0.000000
0.529500
0.541200
0.000000
0.000000
0.530400
0.000000
0.000000
0.000000
0.522600
0.000000
0.000000
0.000000
0.000000
0.000000
0.000000
0.536500
0.000000
0.000000
0.000000
0.000000
0.000000
0.000000
0.000000
0.000000
0.541300
0.000000
0.538200
0.000000
0.000000
0.000000
0.000000
0.000000
0.000000
0.000000
0.000000
0.000000
0.539000
0.000000
0.000000
0.000000
0.000000
0.527100
0.000000
0.000000
0.000000
0.000000
0.000000
0.533900
0.530300
0.000000
0.000000
0.000000
0.536100
0.000000
0.000000
0.000000
0.000000
0.535700
0.034400
0.000000
0.548600
0.000000
0.528800
0.511700
0.000000
0.000000
0.000000
0.533800
0.000000
0.000000
0.533100
0.000000
0.000000
0.000000
0.532700
0.000000
0.556500
0.000000
0.000000
0.030500
0.000000
0.000000
0.000000
0.000000
0.000000
0.000000
0.000000
0.000000
0.525800
0.540000
0.000000
0.020200
0.000000
0.000000
0.000000
0.000000
0.000000
0.000000
0.000000
0.000000
0.000000
0.000000
0.000000
0.000000
0.000000
0.000000
0.523400
0.531300
0.000000
0.000000
0.536100
0.539700
0.507500
0.509200
0.000000
0.000000
0.000000
0.000000
0.533200
0.535200
0.000000
0.000000
0.000000
0.000000
0.000000
0.000000
0.000000
0.000000
0.000000
0.534500
0.019900
0.000000
0.000000
0.527200
0.000000
0.000000
0.000000
0.000000
0.000000
0.000000
0.541300
0.000000
0.000000
0.523600
0.540100
0.000000
0.000000
0.000000
0.000000
0.000000
0.000000
0.000000
0.000000
0.000000
0.000000
0.525000
0.000000
0.536700
0.000000
0.531500
0.000000
0.000000
0.000000
0.000000
0.544600
0.000000
0.000000
0.000000
0.000000
0.000000
0.000000
0.000000
0.000000
0.000000
0.000000
0.532100
0.000000
0.000000
0.000000
0.000000
0.000000
0.528900
0.539500
0.000000
0.000000
0.000000
0.000000
0.000000
0.000000
0.000000
0.000000
0.000000
0.000000
0.000000
0.000000
0.000000
0.000000
0.000000
0.000000
0.000000
0.000000
0.527900
0.000000
0.000000
0.000000
0.000000
0.000000
0.000000
0.000000
0.000000
0.000000
0.000000
0.000000
0.000000
0.000000
0.000000
0.000000
0.000000
0.000000
0.000000
0.000000
0.519000
0.000000
0.000000
0.524400
0.000000
0.000000
0.000000
0.000000
0.000000
0.000000
0.000000
0.000000
0.000000
0.025900
0.000000
0.000000
0.000000
0.000000
0.531800
0.000000
0.000000
0.000000
0.000000
0.534200
0.544300
0.524800
0.000000
0.000000
0.000000
0.530200
0.000000
0.000000
0.539100
0.000000
0.000000
0.541700
0.000000
0.000000
0.000000
0.000000
0.000000
0.000000
0.537700
0.538300
0.000000
0.000000
0.543900
0.508000
0.507400
0.545000
0.000000
0.000000
0.000000
0.000000
0.000000
0.000000
0.000000
0.539700
0.000000
0.000000
0.000000
0.000000
0.000000
0.000000
0.573700
0.533600
0.000000
0.000000
0.000000
0.000000
0.000000
0.000000
0.000000
0.536500
0.569500
0.000000
0.026700
0.000000
0.000000
0.541100
0.000000
0.000000
0.000000
0.000000
0.000000
0.590700
0.506100
0.000000
0.000000
0.538100
0.000000
0.000000
0.000000
0.000000
0.000000
0.529300
0.000000
0.000000
0.533700
0.000000
0.540300
0.000000
0.530200
0.000000
0.000000
0.000000
0.000000
0.537500
0.537700
0.000000
0.529000
0.000000
0.000000
0.000000
0.000000
0.000000
0.000000
0.000000
0.000000
0.550900
0.000000
0.000000
0.000000
0.000000
0.000000
0.512200
0.000000
0.524800
0.000000
0.000000
0.000000
0.000000
0.000000
0.000000
0.507600
0.532300
0.000000
0.000000
0.027800
0.527700
0.000000
0.508900
0.000000
0.030400
0.000000
0.542300
0.000000
0.000000
0.025700
0.031600
0.000000
0.000000
0.000000
0.000000
0.000000
0.524700
0.000000
0.000000
0.000000
0.533700
0.527900
0.000000
0.000000
0.535200
0.000000
0.000000
0.000000
0.000000
0.000000
0.000000
0.000000
0.000000
0.000000
0.000000
0.000000
0.000000
0.000000
0.000000
0.000000
0.000000
0.505900
0.520500
0.000000
0.000000
0.000000
0.000000
0.549600
0.000000
0.000000
0.000000
0.000000
0.000000
0.000000
0.000000
0.000000
0.532300
0.540000
0.000000
0.000000
0.000000
0.000000
0.000000
0.000000
0.027600
0.539500
0.000000
0.000000
0.000000
0.000000
0.000000
0.000000
0.000000
0.673800
0.000000
0.000000
0.506900
0.000000
0.000000
0.000000
0.506100
0.000000
0.547900
0.000000
0.000000
0.000000
0.000000
0.000000
0.533700
0.000000
0.000000
0.000000
0.000000
0.539800
0.000000
0.000000
0.524800
0.000000
0.000000
0.000000
0.000000
0.000000
0.551200
0.537100
0.000000
0.000000
0.000000
0.000000
0.000000
0.000000
0.000000
0.529100
0.000000
0.000000
0.000000
0.000000
0.000000
0.000000
0.000000
0.000000
0.000000
0.000000
0.000000
0.000000
0.528100
0.000000
0.000000
0.000000
0.000000
0.543100
0.000000
0.000000
0.000000
0.534000
0.000000
0.000000
0.538800
0.000000
0.000000
0.000000
0.543800
0.000000
0.000000
0.000000
0.000000
0.000000
0.000000
0.000000
0.524900
0.000000
0.000000
0.000000
0.000000
0.000000
0.000000
0.506200
0.547000
0.000000
0.525100
0.000000
0.000000
0.000000
2.196600
0.534200
0.486400
0.546400
0.000000
0.542700
0.530900
0.493200
0.537700
0.514300
0.000000
0.544200
0.000000
0.507000
1.610200
0.506900
0.000000
0.421600
1.091600
0.533900
0.288800
0.000000
0.532100
0.577300
0.626300
0.000000
1.070000
1.610200
0.000000
2.657200
0.554500
0.000000
0.784700
0.000000
0.533000
0.000000
0.532000
0.530700
0.533600
0.000000
0.845200
0.505300
0.020000
0.527400
0.000000
1.604500
0.530900
0.000000
0.000000
0.000000
0.528700
1.591600
0.550800
0.041600
0.543000
2.147100
0.000000
1.057100
0.000000
0.532300
0.000000
0.528400
1.611500
0.528300
0.000000
0.544400
1.044900
0.000000
0.000000
1.520000
0.537900
0.541100
0.564400
1.080500
0.536300
0.000000
1.613900
0.612600
0.544300
0.891800
0.532900
0.000000
0.587700
1.586100
1.062200
0.000000
0.541500
1.067800
0.529600
0.000000
2.134900
0.000000
0.351700
0.000000
1.604600
0.557100
0.529700
0.632700
0.579600
2.110900
1.757200
1.593900
0.572900
0.532500
0.538800
0.508300
0.650500
0.000000
0.550300
0.537400
0.539700
0.531300
1.594100
2.083800
0.000000
0.537300
0.000000
0.547700
0.575800
0.530500
0.000000
1.050700
0.547500
1.080000
1.609500
1.209900
1.838200
0.532900
0.531200
1.598600
0.539700
0.529700
0.592500
1.578900
0.529600
0.533000
0.548100
0.532200
0.349800
0.000000
0.569400
0.547700
0.587000
0.000000
1.600100
0.525100
0.000000
0.506500
0.000000
0.000000
0.547700
0.538700
1.581200
0.545800
1.091200
1.229700
0.538800
1.605200
0.549700
0.000000
0.543400
0.566700
1.581700
0.000000
0.439100
0.533400
1.646000
0.582100
0.000000
0.412200
0.000000
1.599700
0.000000
0.649300
0.535100
1.578600
1.516100
0.000000
0.000000
0.401200
0.533200
0.531700
0.000000
0.537500
0.537700
0.826500
0.000000
0.350300
0.511800
0.530600
0.000000
0.530700
0.527700
0.971600
0.000000
0.000000
0.530800
1.074800
0.000000
0.000000
0.533700
0.000000
0.000000
0.343600
1.373700
0.530000
0.540700
0.529900
1.599600
2.306100
0.533300
0.000000
0.039600
0.000000
0.000000
0.534000
0.000000
0.504200
1.068400
0.556500
1.562200
1.589300
0.560400
1.048000
0.530900
0.634200
0.000000
0.533200
0.000000
0.687600
2.126500
0.552600
0.000000
2.016400
0.056300
1.610600
2.096400
0.543100
0.514900
3.760600
0.000000
1.831600
0.542200
0.000000
0.540500
0.000000
1.081900
0.000000
0.539700
0.000000
0.536900
0.000000
0.000000
0.542900
1.009300
0.532500
0.538200
0.534500
1.089600
1.830800
0.597700
0.563100
1.158000
1.604400
1.076200
0.534700
0.546500
0.506500
1.505400
0.532300
0.547600
2.739800
0.542300
1.903000
0.000000
0.548900
0.593900
0.000000
1.582400
0.538000
1.065100
0.332100
0.556700
0.538900
0.000000
1.074900
0.000000
0.537200
1.617500
0.530400
0.535600
0.537500
1.160400
1.055800
0.000000
0.536600
2.261700
2.205200
0.000000
0.569700
1.031600
0.539900
0.769500
0.000000
1.579500
0.000000
0.538600
0.000000
0.525100
1.080900
0.810000
0.531400
0.544100
1.068200
0.401700
0.543400
0.330500
0.000000
1.586800
0.530400
0.538600
0.000000
0.507100
0.033800
0.549300
0.625300
0.563900
0.000000
0.797600
0.544400
0.531600
0.000000
0.532600
0.293200
0.527100
0.000000
0.000000
0.402000
1.068100
0.510100
1.691000
0.000000
0.602300
0.000000
0.538100
0.426700
0.538700
0.529900
0.540100
0.540400
0.742000
1.310200
0.000000
0.530100
0.000000
0.893100
0.546900
0.435800
0.535300
0.829100
0.000000
0.529600
0.537700
0.525200
1.128800
0.693800
0.536800
0.526600
0.540900
0.623200
0.543600
0.000000
1.101100
0.779000
0.000000
0.551700
1.609200
0.602000
0.576000
1.667600
0.000000
0.549700
0.029900
0.584000
0.548300
1.074300
1.802200
0.541100
0.544700
0.533500
0.529800
0.508300
0.560500
0.511200
0.554800
0.538900
1.618800
0.531100
0.539600
0.000000
0.000000
0.526400
0.526700
0.000000
0.998600
0.000000
0.537300
0.545200
0.000000
1.133900
0.507700
0.000000
0.000000
0.499900
1.008100
0.819400
0.466400
0.000000
0.000000
0.000000
1.008600
1.778800
0.240400
0.000000
0.999200
1.224600
0.522100
3.737700
0.000000
0.533700
0.561300
0.047200
0.532600
0.942000
0.000000
0.542500
0.538500
0.721600
0.539600
0.000000
1.091800
1.074600
3.182600
1.921200
0.530600
0.685900
0.530300
1.658700
0.535900
0.594700
0.530400
1.104200
0.000000
0.000000
0.553000
0.509400
0.590300
0.910200
0.000000
0.652200
11.298600
0.508300
1.180100
1.610300
0.829300
1.602400
1.471400
0.812900
1.614700
0.000000
0.508200
1.058800
0.535900
0.543400
0.533400
0.700300
0.536800
0.541300
1.712000
0.000000
0.000000
0.536500
0.000000
0.690500
3.658500
0.000000
0.000000
0.610800
0.536700
0.503300
0.000000
0.000000
0.000000
0.540800
0.000000
0.542600
0.542200
1.711100
1.062100
0.964900
1.053800
0.538900
0.536700
0.000000
1.696600
0.000000
0.514900
0.000000
0.482500
0.000000
0.534900
0.000000
0.546600
1.035900
0.946800
0.000000
1.197700
0.537800
0.000000
1.192700
1.039200
0.000000
2.152700
0.000000
1.604600
0.000000
0.000000
0.000000
0.667700
0.897000
0.551600
1.628800
0.935400
2.397500
1.613200
0.576100
3.061300
0.344900
0.532600
1.100100
0.641200
0.537900
1.068800
1.071200
0.000000
1.514600
1.584900
0.583400
2.112600
0.539200
0.552400
0.533800
2.146500
0.000000
0.000000
1.467200
0.000000
1.058600
2.196600
0.000000
0.000000
0.854200
0.000000
0.787600
0.000000
0.527900
0.000000
0.530600
0.532900
0.531800
1.072500
0.000000
1.060100
0.536200
0.534000
1.076000
0.535000
0.564900
0.000000
0.000000
0.616800
0.000000
0.532200
0.335400
0.280000
0.000000
0.523100
1.078200
0.540800
0.535600
0.338500
0.000000
0.474700
0.534900
0.000000
0.000000
0.557400
2.136100
1.573100
0.527900
0.535800
0.000000
1.625300
0.000000
2.249300
1.087300
0.000000
0.000000
0.544500
0.000000
0.000000
1.494000
0.555100
1.084000
0.000000
1.098900
0.277900
0.537000
1.649600
0.432400
0.505700
1.074500
0.000000
0.000000
1.072900
0.573900
0.000000
0.000000
0.824900
0.541300
0.523200
0.000000
0.576900
0.000000
0.546400
0.000000
0.000000
0.413100
0.000000
0.532400
1.582700
0.000000
0.000000
0.000000
1.716800
0.530600
0.546000
1.089600
0.593400
0.525800
1.519900
0.690200
0.527600
0.578500
2.156900
0.000000
0.000000
0.528900
1.057500
1.710200
0.610500
0.000000
0.516400
0.000000
0.525000
0.537100
0.545400
0.709000
0.544200
0.000000
0.000000
0.000000
2.495000
0.000000
0.531200
0.909600
0.000000
0.628000
0.533300
1.603300
1.669400
0.529700
0.016500
0.422900
1.086800
0.000000
0.534700
0.723500
1.869900
0.000000
0.000000
1.755700
0.589100
1.577400
0.535800
0.701700
0.543800
0.485600
0.527200
0.559500
0.537300
0.543900
0.530800
0.000000
0.000000
1.590500
2.154900
0.537700
0.329800
0.537900
0.000000
0.342000
0.000000
1.576500
1.697200
0.000000
1.589500
0.573000
0.550900
1.583000
0.000000
0.525000
0.526000
0.569000
0.551300
0.547100
0.541500
0.479700
0.000000
0.527800
0.000000
0.000000
0.531300
0.000000
0.000000
0.000000
0.589900
0.000000
0.535800
1.065400
0.543600
0.551200
0.000000
0.535000
0.464800
0.015700
0.546700
1.585500
0.746400
0.532200
1.559000
0.556800
0.000000
0.451900
0.539000
0.543200
0.541400
0.537500
0.565200
0.000000
0.529400
0.000000
0.199100
0.529100
0.000000
0.545400
0.000000
0.553400
0.000000
0.591000
0.543700
0.531400
0.543300
0.506900
0.000000
0.527600
0.554600
0.000000
0.548500
0.000000
0.000000
0.524900
0.747700
0.348200
0.528000
0.536500
1.577100
0.456800
0.506800
1.071700
0.546400
0.537700
0.533200
0.000000
0.000000
0.563600
1.111600
0.507200
0.439700
0.000000
0.576300
0.538200
1.071700
0.509200
0.535100
0.553400
0.487700
1.064200
0.000000
0.000000
0.937300
0.558100
0.000000
0.536100
0.000000
0.540200
0.000000
0.524200
1.478600
0.643600
0.658300
0.000000
0.545400
0.571100
0.000000
0.547500
0.000000
0.000000
0.652000
0.000000
0.531200
2.084800
0.531200
0.536000
0.549200
0.000000
2.778600
0.000000
0.192300
1.596700
0.539500
0.000000
0.474800
0.000000
0.000000
0.534800
0.527000
0.000000
0.538300
1.614800
0.550300
0.523000
0.534300
0.537900
0.241800
0.000000
0.540100
0.534900
0.000000
0.030000
0.577700
0.537000
0.546500
2.091100
1.045300
0.000000
0.431000
0.000000
0.539800
2.516900
0.000000
1.587800
0.528600
0.000000
0.546700
0.540100
0.529000
0.529000
0.000000
0.000000
0.000000
0.577800
0.526700
0.535200
0.000000
0.546500
0.000000
0.000000
0.000000
0.629300
0.528300
0.000000
0.793500
0.695100
0.553600
1.705900
1.563100
0.526500
0.537200
0.541100
2.122000
0.000000
0.000000
2.039500
0.000000
0.000000
0.541100
0.775800
0.650800
1.066000
0.000000
0.000000
0.863500
0.529400
0.550200
0.000000
0.000000
0.700100
0.547100
0.724200
0.611000
0.000000
0.278600
0.613800
1.053700
0.019000
0.530800
1.094100
2.172900
0.540200
0.535900
0.575200
0.543100
0.000000
0.531200
0.541100
1.825600
0.539000
0.541900
1.547200
0.539500
0.562900
0.000000
1.604400
0.521500
0.000000
0.000000
0.000000
0.527000
0.000000
0.507400
0.544700
0.000000
0.536000
1.071700
0.000000
0.000000
1.666300
0.535200
0.000000
0.540000
0.000000
0.505800
0.000000
1.606100
0.547700
0.555100
0.000000
0.531600
0.543700
0.532600
0.000000
0.000000
0.000000
0.543300
0.531900
0.000000
0.000000
0.000000
1.899700
0.512400
0.861000
0.000000
0.000000
0.567800
0.000000
0.531800
0.534600
1.492500
0.241000
0.534900
0.000000
0.537500
0.000000
0.522500
0.527000
0.000000
0.000000
1.664100
0.700300
0.534500
0.000000
0.566300
0.538300
0.542500
0.533900
0.532400
0.227500
0.000000
0.819300
0.536100
2.479700
1.101400
0.000000
0.507100
0.570900
0.535700
0.000000
0.531200
0.000000
0.563200
0.529700
0.419600
0.000000
0.585900
0.000000
0.509100
0.540400
0.640000
0.000000
0.546100
0.000000
0.976200
0.000000
0.538500
0.000000
0.543800
0.927900
0.527400
0.534000
0.542000
1.579200
1.006100
0.545600
0.487500
0.000000
0.506700
0.000000
1.596600
0.529700
0.000000
0.540400
1.053100
0.527700
0.186300
2.116900
0.000000
0.000000
1.094700
2.031100
0.126100
0.000000
0.573400
1.598900
0.540000
1.083500
2.129100
0.024600
0.000000
0.534000
1.570600
0.506500
0.000000
0.683800
1.603300
0.000000
1.601500
0.562200
0.000000
0.000000
0.731400
2.255200
0.538100
0.523000
0.536900
1.054400
0.533400
0.546400
0.769100
0.000000
0.505600
0.000000
0.538700
0.508700
0.539900
2.112700
0.255200
1.067200
0.507700
0.809600
1.079500
0.532700
0.000000
0.664200
0.576200
0.529700
0.506400
0.667100
0.000000
0.000000
0.509000
0.561800
0.531100
0.000000
0.543500
0.529400
0.532600
0.000000
0.000000
1.063200
0.541300
3.513300
0.000000
1.595800
0.000000
0.583500
0.547100
1.076400
2.115500
0.621200
0.000000
0.185800
1.048900
2.639700
0.000000
1.103400
2.147100
0.527600
0.527800
0.846500
0.545000
0.741200
0.549800
0.532900
0.540800
0.534400
0.583800
0.000000
1.610800
0.527000
0.000000
0.452500
1.060400
0.533200
0.000000
0.525300
1.068900
0.524600
0.000000
0.000000
0.630200
1.170600
1.176100
12.999300
0.555500
0.951200
0.163700
12.188200
0.214600
0.247600
1.716400
0.000000
0.000000
0.532800
2.378100
0.598500
0.533900
0.536000
0.000000
0.731200
1.471100
0.178500
0.000000
1.067300
0.714600
0.000000
1.704400
0.317200
1.057400
0.541100
2.062400
1.587000
0.000000
1.076400
0.545700
0.531600
0.000000
0.529200
0.536200
0.000000
0.000000
0.000000
0.000000
0.000000
0.000000
1.050600
0.000000
0.000000
1.578200
1.063800
0.519500
1.266600
0.539300
1.579300
0.530400
0.535300
2.694700
0.531300
0.000000
1.834600
0.533100
0.000000
1.078500
1.558800
0.522300
2.646500
0.426400
0.000000
1.061000
0.000000
0.000000
0.000000
0.574100
0.959200
0.537900
0.545100
1.194600
0.534000
0.000000
0.000000
0.427800
0.000000
0.000000
0.687000
1.079300
0.535300
0.000000
0.536100
0.532700
0.547800
0.530900
0.528400
1.038300
1.191900
0.550100
0.507500
0.000000
0.166400
1.608400
0.540500
0.865300
2.113000
1.796300
0.000000
0.537600
0.000000
0.537200
0.531500
1.143100
0.542900
0.000000
1.201800
0.000000
0.797000
0.000000
0.000000
1.600800
0.051900
0.563500
0.560200
0.567500
0.025600
2.167500
0.447600
0.532400
0.000000
0.000000
0.543100
0.542300
0.591000
0.000000
0.000000
0.534600
0.000000
1.073100
0.000000
0.665500
0.532700
0.000000
0.000000
0.537300
0.207900
0.000000
2.389500
0.532800
0.539100
0.536500
0.396200
0.507800
0.530400
1.058700
0.546000
0.000000
0.389100
0.544700
0.000000
0.609400
1.578600
0.013700
1.578700
0.538100
1.204900
0.554700
0.000000
1.817300
0.511300
0.543100
1.494400
0.017400
1.355300
0.000000
0.539600
0.533000
1.608500
0.528600
0.608200
0.549500
0.524900
0.000000
0.940000
0.535800
0.646200
0.000000
0.530800
1.805600
0.522700
0.529100
0.812300
0.541900
0.543600
0.535600
0.546400
2.126300
0.000000
0.000000
0.534600
2.148000
0.524800
0.000000
0.611300
0.527400
0.000000
0.508200
1.052000
0.000000
0.525500
1.577500
1.639000
0.730300
0.051400
0.365300
1.059100
0.619700
0.000000
1.056100
2.196700
0.000000
1.282800
0.524900
0.548400
1.559600
1.577100
0.000000
0.169800
1.590900
0.608200
0.000000
0.565000
1.882400
0.506300
0.534700
1.126000
0.000000
0.533000
1.583100
0.541200
0.533900
0.000000
0.586700
0.532800
0.000000
0.549500
0.531500
0.000000
0.545000
0.552700
0.000000
0.000000
0.552000
1.595800
0.000000
0.568900
2.102800
2.156500
0.000000
0.555000
1.593500
2.151200
2.751000
0.545900
0.000000
0.000000
0.000000
0.547000
0.537000
0.528500
0.000000
0.791200
0.534200
0.544000
0.556300
0.000000
1.583700
1.767900
0.523200
0.528600
1.008000
1.839200
0.203100
0.534100
0.000000
0.508100
0.000000
0.541500
0.539800
0.596400
0.000000
0.534600
0.000000
0.539300
0.000000
0.533900
0.530600
0.000000
0.000000
1.515900
0.333000
0.000000
0.531300
0.033300
3.426900
0.533100
0.532200
0.000000
1.066300
0.536600
0.000000
0.000000
0.535100
2.195600
0.531500
0.547900
0.507800
0.000000
0.529900
1.601100
0.794900
0.000000
0.808300
1.688200
0.546700
0.000000
0.526000
0.508300
0.344300
0.533200
0.533600
0.533200
2.054300
2.177800
1.581000
0.000000
1.922000
0.000000
0.546000
0.000000
0.026900
0.589600
0.551500
0.000000
0.000000
1.573300
0.552200
0.538500
0.542500
0.506700
1.564900
0.508500
0.000000
0.539800
1.178700
0.551300
0.509700
0.000000
0.567400
1.060900
0.000000
0.000000
0.000000
0.532800
0.541100
1.583900
0.000000
0.558200
0.535200
0.541800
0.535000
0.000000
0.529300
0.539800
0.548700
2.668500
0.578200
1.590900
0.539500
1.795400
0.534200
0.233400
0.000000
0.705300
2.204900
0.549500
0.000000
0.614000
2.100600
0.634100
0.523900
1.596500
0.000000
0.539000
1.672700
0.532700
0.570600
0.000000
0.554100
2.671500
0.532800
0.536600
0.568600
0.000000
2.099300
0.526500
0.000000
0.530000
1.623700
0.534800
0.000000
0.508900
0.963300
0.551400
0.526700
0.597300
0.000000
0.000000
1.068600
1.600100
1.172600
0.563500
0.542400
0.539200
0.000000
0.533100
0.536900
0.548200
0.548200
0.000000
0.650200
0.000000
0.541700
0.539700
1.590000
1.958300
0.877700
0.645600
0.524200
0.000000
0.555700
0.528600
0.608900
1.073100
0.528100
1.515200
0.478800
0.788800
0.000000
0.000000
0.753900
0.000000
0.537900
0.628900
0.572500
1.804200
0.000000
0.563200
0.554600
0.655600
2.145100
0.594900
0.000000
0.000000
1.085700
0.000000
0.000000
0.604200
0.000000
0.605600
1.604800
0.528400
0.000000
0.000000
1.058300
0.586000
0.529000
0.000000
0.542500
0.529100
0.533400
0.869000
0.522200
1.071000
1.074600
0.000000
1.592000
0.507800
0.000000
0.628600
1.759700
0.527400
0.551200
0.507800
0.535900
0.533100
0.543000
0.538400
0.546500
0.000000
0.000000
0.810500
1.790800
2.135900
0.535300
0.000000
0.000000
0.000000
2.097200
1.056800
0.000000
0.533400
0.529100
0.744100
0.000000
0.525500
1.608700
0.526100
0.534900
0.547900
0.666800
0.000000
0.533800
0.000000
0.536400
1.065500
0.531100
0.000000
0.000000
2.140400
0.529200
0.000000
0.545500
2.712800
0.000000
1.058800
0.000000
1.075200
2.236900
0.545800
0.524800
0.539200
1.068800
0.000000
0.506500
0.295400
0.526600
0.529100
0.000000
0.532500
1.580600
0.000000
0.537600
0.000000
0.606100
1.703400
0.554800
0.543600
1.066000
0.000000
0.530400
0.540300
0.804500
0.293600
0.677200
0.000000
0.563300
1.585200
0.531400
0.000000
0.555500
0.000000
0.536100
0.000000
0.535100
0.000000
0.000000
0.532500
0.000000
0.535700
0.000000
0.702500
0.543000
1.051700
0.537100
0.000000
1.053100
1.063000
0.175600
0.537800
0.534400
2.136800
0.538400
0.696700
1.078400
1.121300
0.533200
1.051600
1.077400
0.535200
0.000000
0.544800
0.000000
0.532800
3.047900
0.532800
0.000000
0.755600
0.000000
0.727400
1.078700
0.528600
0.544000
0.000000
0.000000
0.529000
0.541300
2.011300
0.810300
1.058500
0.548800
0.553800
0.000000
0.000000
0.000000
0.000000
0.536100
0.416200
0.546100
0.000000
0.597000
1.912200
0.528200
0.000000
0.507500
2.052000
0.617900
0.000000
1.200300
2.110800
0.563000
0.730900
0.000000
0.000000
0.520100
0.018500
0.522700
0.660400
0.000000
0.537000
1.912100
0.524500
0.609600
1.397600
0.543700
0.542000
0.000000
0.146900
1.596300
0.508700
0.000000
0.574000
0.629000
0.000000
2.119300
0.000000
0.534900
1.537400
1.045200
0.000000
0.535400
0.000000
0.662400
0.508600
1.589100
0.609700
0.000000
0.544400
0.000000
1.562000
0.000000
2.697400
0.000000
1.062500
0.528700
0.000000
2.140100
0.527100
0.529000
0.892600
0.526500
0.533100
0.619700
0.634900
0.000000
0.535800
0.532900
0.537800
0.528700
0.000000
0.651100
0.000000
1.066200
1.578900
0.497000
0.000000
0.530200
0.535700
0.000000
0.000000
1.054400
0.008300
0.533500
0.532100
1.680800
1.057300
0.526400
0.544700
0.530400
0.000000
0.565100
0.703600
0.526900
0.543400
0.000000
0.556800
1.068500
1.059300
0.552000
0.000000
1.589900
0.000000
0.506300
0.508000
0.533000
0.527000
0.533100
0.000000
1.079000
0.550900
0.533600
0.552500
0.536500
1.065800
0.000000
1.572700
1.068100
0.541200
0.000000
0.537200
1.599700
1.051800
0.000000
0.564300
1.035700
1.053600
0.000000
0.000000
0.537600
0.574900
1.599100
0.541200
0.000000
0.538600
0.000000
2.124200
0.532000
0.506700
1.576100
0.279300
0.000000
0.573500
2.129000
0.524900
0.000000
0.000000
1.576700
0.555900
0.030500
0.543400
0.000000
0.649700
0.000000
0.562100
1.652700
0.551200
0.544100
0.536100
1.588300
3.182200
1.599100
0.534900
0.529000
0.000000
0.571400
0.534100
0.000000
0.000000
0.531600
0.000000
1.071900
0.000000
1.078900
2.126800
0.534900
0.529800
0.527800
0.541000
0.554100
0.537800
0.000000
0.510100
0.536900
0.461900
0.586600
1.881700
0.000000
0.207000
0.533500
0.825600
0.000000
0.000000
0.821200
1.613900
0.529600
1.061000
1.076800
1.069000
0.000000
0.010600
1.065900
0.528600
0.540000
0.530800
0.508600
1.084900
0.000000
0.000000
0.543700
0.542500
0.734200
0.000000
0.613700
1.677900
0.534200
0.510200
0.588500
0.000000
0.526700
0.000000
1.121800
2.105900
0.000000
0.535800
1.042700
0.000000
0.000000
0.535400
1.890400
0.542900
0.000000
0.530200
1.064300
0.000000
0.000000
0.000000
0.000000
0.000000
0.000000
0.576000
1.055700
0.527500
0.527600
0.617500
0.537900
0.367100
0.546300
0.560000
0.000000
0.508300
0.000000
0.571900
0.000000
0.528400
1.057000
0.532500
3.209600
0.866900
0.000000
0.533200
0.000000
0.542700
1.761400
0.549000
0.000000
0.532800
0.539500
1.612200
0.000000
0.539200
1.068500
0.534900
0.538100
0.000000
2.106200
0.000000
0.721700
0.000000
2.017700
0.443000
0.533800
0.535500
1.586100
0.547200
0.647100
0.000000
0.539900
0.680300
1.008200
1.068700
1.053500
0.545900
0.000000
0.481600
0.529900
1.597000
2.151700
0.529200
1.595600
0.538600
0.534000
0.535900
0.542700
0.000000
0.000000
0.000000
1.828500
0.000000
1.587100
0.000000
0.505900
1.587500
0.540200
0.000000
1.062400
0.540200
0.541700
2.143200
0.000000
1.081100
0.681000
0.539400
1.970300
0.531800
0.529200
0.534700
0.000000
1.055300
0.533800
0.533000
0.530400
0.547500
0.527600
0.552000
0.000000
0.543700
0.000000
0.549700
1.065800
2.125700
0.546000
0.000000
1.084000
0.531300
0.535500
0.537500
0.531400
0.522000
0.508700
0.539900
1.046000
0.558600
0.000000
0.000000
1.693700
2.678900
0.025400
1.050700
1.755300
2.132200
0.000000
0.537500
1.067500
0.422600
0.000000
0.000000
0.465000
1.561200
0.873200
0.000000
1.065900
1.052600
0.525300
0.000000
0.535600
0.029000
0.022300
0.000000
0.529200
0.000000
0.063200
0.000000
1.573800
0.000000
2.723000
0.000000
0.636000
0.536000
0.528900
1.627000
0.808300
0.552600
0.700900
2.153700
0.546900
0.000000
1.589900
0.000000
0.000000
0.530300
0.670300
0.828800
0.000000
0.395500
0.000000
0.525000
0.000000
0.000000
0.000000
0.000000
0.000000
0.567700
0.540900
1.580800
0.507200
2.118800
0.542500
0.000000
0.607600
1.079900
0.533600
0.025800
0.528300
0.000000
1.056400
0.551700
0.000000
0.000000
0.547900
1.056500
0.581100
0.534100
0.534300
1.078800
0.545900
0.537200
1.169600
0.520300
0.000000
0.008100
0.548900
1.067600
1.069700
0.598100
2.225300
0.402100
1.268500
0.344600
0.570900
2.121300
2.163600
0.554700
0.009000
0.529100
0.539400
1.593900
0.000000
0.534200
0.792200
0.000000
0.361600
2.417100
0.470300
0.000000
0.902600
1.040100
0.533000
0.000000
0.000000
1.596800
1.070100
0.000000
0.000000
0.539800
0.599200
0.540700
0.783200
0.538700
1.921300
0.000000
0.537500
0.546000
1.096400
0.541400
1.600800
0.538400
0.000000
0.538400
1.009000
0.417800
0.616300
0.531600
0.527400
0.000000
0.548700
2.688400
0.447500
0.530600
0.538400
0.000000
0.544300
0.531600
0.752600
0.000000
0.544900
0.553100
0.511200
1.609800
1.018900
0.634900
0.535700
1.442900
0.578900
0.508400
1.593900
1.596200
1.062400
0.533300
0.540400
0.538900
0.008300
0.000000
2.695800
0.000000
1.274800
0.551000
0.000000
0.525400
2.159800
0.531600
0.546200
0.566300
1.570600
0.000000
0.530000
0.000000
0.532500
0.736600
1.192700
0.673800
0.000000
0.509400
0.766900
0.526200
1.588600
0.539400
0.000000
0.971000
1.670600
0.000000
0.762500
0.000000
1.061700
0.000000
0.543300
2.121200
0.526700
0.000000
0.672400
0.580300
0.000000
0.000000
0.125700
0.041000
0.550400
0.535000
0.306900
1.064300
0.000000
0.533700
2.140400
0.000000
0.536700
0.000000
0.536400
1.570100
0.537600
0.000000
0.582000
1.141700
0.533100
0.000000
1.584300
1.054800
0.355200
0.538400
0.532900
0.523300
0.552600
0.540100
0.509200
0.574400
0.533500
0.630200
4.330600
0.543300
0.000000
0.525300
0.548300
0.527900
0.000000
2.674100
1.072200
0.740700
2.087200
0.537500
0.000000
1.595600
0.547100
0.553600
1.055600
0.536500
0.529500
0.000000
0.752100
2.557800
0.536900
2.514700
0.527000
2.021600
0.000000
3.058600
1.090500
0.534000
0.009300
0.536700
0.533300
0.764600
0.161300
0.000000
2.647400
0.540900
1.043000
0.901300
0.000000
0.000000
2.206200
0.552900
0.531400
1.069900
0.539200
0.530600
2.514500
0.539500
1.062900
0.530900
0.533900
0.730400
0.545900
1.603500
0.527200
0.000000
1.056000
1.078000
1.607600
0.534100
0.541900
1.047700
0.533500
0.542800
0.000000
0.537300
2.148600
2.689300
0.576400
0.849300
0.565800
2.007600
0.013600
0.000000
0.529500
0.566100
0.536000
2.113600
0.538700
0.956700
0.621600
0.530300
2.437900
0.544200
0.000000
0.539600
0.531600
0.025100
0.000000
2.102900
1.137900
0.000000
0.537700
2.246200
0.238800
0.000000
0.529300
0.000000
1.471600
1.585100
0.531800
0.000000
0.000000
1.068900
0.875300
0.533000
1.573100
1.080600
0.563100
0.508700
0.529800
1.068700
0.540700
0.000000
0.524100
0.000000
0.000000
1.619400
0.000000
0.536600
0.000000
1.068900
0.528500
0.537300
0.000000
0.530500
0.000000
0.000000
0.536500
1.841900
0.539000
0.000000
1.065900
0.000000
0.508200
2.145800
0.551000
0.000000
1.830200
1.444100
0.000000
0.509200
0.761200
0.527500
0.533900
0.530900
0.604900
1.600800
0.534200
4.213800
0.559800
1.072700
0.316600
0.000000
1.575700
0.533000
0.035100
1.596700
0.545900
0.525600
0.549300
0.000000
0.542200
0.000000
0.854500
0.536800
0.564700
0.531400
0.000000
1.620900
0.558700
0.000000
1.071300
0.681000
0.812300
1.600100
2.119600
0.032500
0.000000
0.535000
1.586400
0.471500
0.534500
0.535000
0.000000
0.000000
0.000000
0.542400
0.705100
0.584500
0.000000
0.000000
2.139800
0.000000
0.000000
0.535900
0.534800
0.546000
0.538200
0.000000
0.695400
1.599700
0.541500
1.068500
0.534500
0.000000
0.547500
0.535400
0.809400
0.000000
0.000000
0.673000
0.542100
0.543400
0.533000
0.536800
1.725400
0.525500
0.000000
1.066300
0.527700
0.541100
0.027800
0.747800
0.412900
0.572900
0.000000
0.536200
0.000000
0.509000
0.535300
0.000000
0.000000
1.297100
0.000000
2.058800
0.537100
2.908100
1.581300
0.529900
0.536300
0.000000
0.808600
2.240000
0.000000
0.697700
0.000000
0.532200
0.703300
0.435300
2.097100
0.544200
0.524500
1.074300
1.072600
0.631800
0.531600
0.000000
0.733200
0.535600
0.000000
0.791400
0.528200
0.715300
1.059500
0.506500
0.577700
0.000000
0.000000
0.527300
0.000000
0.000000
0.000000
1.174200
0.000000
0.000000
0.549300
0.531200
0.000000
0.542100
1.593800
0.545100
1.574400
0.650400
0.561700
1.290400
0.000000
0.325300
0.000000
0.538000
0.530800
1.592600
1.077700
0.556200
0.529500
1.972500
0.000000
0.532100
0.545800
0.529400
0.511200
0.542600
0.536000
0.530500
0.544600
0.000000
0.522000
0.000000
0.000000
1.060000
1.636500
0.532300
0.529200
0.543200
0.534500
0.000000
0.000000
2.099400
0.573000
0.509200
2.720900
0.537600
1.065700
1.076600
0.536300
0.631300
1.602900
0.674600
0.531400
2.114300
0.551400
0.526900
1.111700
0.534600
1.074200
1.586800
0.505700
1.840400
0.000000
0.535900
0.530900
0.507000
0.000000
1.164300
1.583200
0.547400
0.542300
0.524800
0.848900
0.858100
0.538100
1.064100
0.000000
2.211400
0.000000
0.575100
0.524100
0.528300
0.000000
0.541200
0.000000
0.650700
0.534000
1.082900
0.536700
0.692300
0.533200
0.000000
0.538300
0.000000
0.898500
1.074400
0.529700
0.536800
0.903100
0.542500
1.059800
1.543200
0.528500
1.067500
0.532800
0.508800
0.786300
0.609900
0.537400
2.170900
1.071500
0.546000
0.000000
0.523500
0.537600
1.725500
0.537500
0.935000
0.530800
0.529400
0.961100
0.702600
0.000000
0.757600
0.533800
0.531900
0.533600
1.627300
0.560900
0.000000
0.615000
0.000000
0.702700
0.523300
0.754100
1.073700
0.547500
0.000000
0.534400
0.000000
0.649100
1.158200
0.533400
0.000000
0.316500
0.527400
0.000000
0.000000
0.730600
0.533300
0.000000
0.526000
1.585700
0.774500
0.538100
0.000000
0.000000
0.530400
0.532500
1.742300
0.000000
0.000000
0.691300
1.078800
0.538600
0.781800
0.558000
2.153400
0.745100
0.315300
0.000000
0.029800
0.000000
0.537400
0.000000
0.682100
0.543500
0.000000
1.077900
0.531800
0.000000
2.376000
0.000000
0.524700
1.268800
0.539900
0.000000
1.548800
0.566000
0.570100
1.799700
0.000000
0.533300
0.535000
0.834000
0.000000
1.106900
0.000000
0.527300
0.533300
0.661800
0.615200
1.406200
0.537600
0.000000
1.611400
1.595500
1.145400
0.000000
0.534100
0.532400
0.552300
0.000000
0.527800
0.537500
0.506400
0.532700
0.532000
1.915900
0.542200
0.683500
0.529700
0.541900
0.547400
0.709300
0.770300
0.000000
0.000000
0.543500
0.509400
0.540300
0.000000
0.800500
0.000000
0.000000
0.000000
0.000000
0.544600
0.024100
1.040800
0.000000
0.495700
0.000000
0.000000
0.687300
0.536300
0.000000
1.328400
0.000000
0.000000
0.673800
0.000000
1.352400
0.000000
0.000000
0.574300
0.536200
1.804900
0.541700
0.000000
0.000000
0.507900
0.506800
0.000000
0.531300
0.532100
0.731100
0.000000
1.085100
0.524200
0.542100
1.083600
0.522600
2.516200
0.547600
0.541400
0.000000
1.628000
0.323700
0.547600
0.779000
0.536500
1.607400
0.531500
0.000000
2.184600
0.527500
0.528500
0.533500
1.055600
1.080300
1.372600
0.539000
0.668300
2.109700
0.547100
0.027700
2.085300
2.101600
0.531800
0.000000
1.137700
1.656000
0.535600
2.673700
0.526100
0.538900
0.527600
1.074900
1.137400
0.550400
0.537900
2.125500
0.000000
0.542200
0.507900
0.536100
0.000000
0.531900
0.529000
0.563800
0.534000
0.531400
0.536100
0.507100
0.741300
0.740900
0.000000
0.573600
0.000000
0.536000
0.648700
1.079700
1.607600
0.000000
0.000000
1.594400
1.070600
0.524900
0.000000
0.703200
2.143200
0.529500
2.162500
0.000000
0.537800
2.265100
0.364100
0.540400
0.532600
0.539500
0.878000
0.547400
0.556000
1.851300
0.860500
0.787100
0.535500
2.187300
0.547800
0.533600
0.541700
0.540600
0.000000
0.535800
0.524800
1.075200
0.543600
0.522600
0.000000
1.723000
2.046500
1.070000
0.000000
0.526100
0.000000
0.509200
0.534300
1.344300
0.000000
0.540100
0.637100
0.980900
1.600300
0.538500
0.897400
1.270800
0.932000
0.024200
0.000000
1.593300
1.791500
1.432500
1.607800
0.541400
0.000000
0.531500
1.515100
0.547400
0.529000
0.527000
0.533700
0.736400
0.000000
0.000000
0.541700
0.000000
0.000000
3.764000
2.126700
0.530900
0.264300
0.537000
0.531700
0.876100
0.000000
0.000000
0.741200
1.927200
0.531800
0.537700
1.563000
0.532400
0.609600
0.533700
0.000000
0.630000
1.951700
1.615500
0.528600
0.732600
2.023300
0.536900
0.842800
1.082900
0.000000
0.605500
0.533500
0.536000
1.008600
0.533500
0.539000
0.807000
0.525200
0.000000
2.348300
2.146600
0.523900
0.511700
0.523000
0.848200
0.539800
0.000000
0.477200
2.120300
0.000000
0.530400
0.638200
0.000000
0.656200
1.051800
0.506400
0.547200
0.643500
1.069700
0.536400
0.508400
0.000000
1.093800
0.526000
0.000000
1.875700
0.535800
0.508800
1.596400
0.000000
0.532700
0.000000
0.177200
0.000000
0.537200
0.537500
0.699000
0.000000
0.525800
0.555400
0.524200
0.627000
0.560400
1.067900
1.066600
0.538100
0.538300
1.971300
1.082200
0.536900
0.000000
1.580900
0.015000
0.000000
1.597300
1.066900
0.022800
0.553200
1.978800
0.409200
3.011000
0.841900
0.550900
0.530300
0.000000
0.535400
0.000000
0.765000
0.000000
0.535500
0.540800
0.555500
0.000000
0.538600
0.549200
2.150500
1.052000
1.058500
0.000000
0.536600
1.935000
0.531600
0.534200
3.085700
2.192500
0.506600
0.536000
0.535400
0.028100
1.622400
0.000000
0.552100
1.722900
0.535200
0.528600
2.007700
1.601800
0.000000
0.022500
0.526600
0.507600
2.143700
2.648600
0.533200
0.023300
2.215200
0.543800
0.541200
0.536600
0.903300
1.629400
0.000000
0.767300
0.508400
0.027700
0.000000
0.000000
1.595700
0.545500
0.000000
0.541000
0.524500
0.455900
0.819500
0.000000
0.529300
1.060200
1.033200
1.072400
0.857200
0.543300
0.659600
0.000000
0.640500
0.000000
0.000000
0.029600
2.111300
1.619200
0.000000
0.000000
0.528700
0.000000
1.197900
0.538000
1.965200
0.536900
0.536100
0.000000
1.505600
0.694400
0.533600
0.542500
0.027800
2.089400
1.999500
0.000000
0.583100
1.622900
1.058100
0.000000
0.548500
0.533100
0.000000
1.604500
0.539200
0.000000
0.000000
0.524100
1.593000
0.000000
0.000000
0.535100
1.437600
1.625000
2.514000
1.061200
0.535400
0.981100
0.000000
0.856700
0.536000
0.482500
0.508400
0.000000
0.667200
1.598200
0.536800
0.509600
1.606100
0.000000
0.533500
0.000000
0.821000
0.000000
1.606500
0.530700
0.538200
0.526400
1.081200
0.000000
2.614300
0.000000
0.534100
1.589600
0.531600
2.147600
0.557200
1.559800
0.608600
0.506600
0.000000
2.102000
1.051100
0.000000
1.049000
0.533100
2.007500
0.000000
0.529500
0.534500
0.524700
1.227600
0.508200
0.526700
0.530300
0.532600
0.000000
1.074000
0.000000
0.534200
0.876100
1.582600
0.537900
3.515600
0.529500
0.000000
0.533900
0.539500
1.593500
1.784000
0.509300
0.531600
0.000000
1.064900
1.060400
0.000000
2.140200
0.535200
0.556400
0.983900
0.539300
0.505900
0.535100
1.570100
0.549900
0.541700
0.550100
1.157500
0.532400
0.533800
0.698100
2.663200
0.548000
0.539800
1.060600
0.540100
0.823100
2.121600
0.527200
1.587700
0.534500
1.078500
0.530800
0.523700
0.530900
1.585000
0.538100
0.000000
0.537000
0.534600
0.000000
1.120800
0.000000
0.536700
1.068500
0.532100
0.000000
0.529400
0.528900
0.525200
0.000000
0.000000
0.242000
1.555800
0.534800
0.526000
0.707600
0.527100
0.527600
0.000000
1.487600
0.000000
0.523100
0.541600
0.000000
0.529900
1.075300
0.000000
0.813900
0.540000
0.000000
0.536100
2.138900
0.553200
0.000000
2.119200
0.000000
0.000000
2.142500
0.000000
1.595300
1.890700
0.000000
0.506900
0.583000
0.536900
1.087000
0.803700
0.000000
0.000000
1.076900
0.530900
0.000000
0.540800
0.000000
0.068000
0.000000
0.656000
0.000000
0.680500
0.000000
1.091500
0.847500
1.619000
1.324800
0.536900
0.531700
0.798500
1.831100
0.525000
0.028100
0.537300
0.000000
1.027000
0.540700
0.545200
0.536800
0.000000
0.797200
0.529600
0.534900
0.000000
0.506400
1.066700
0.000000
0.038400
0.542400
2.161200
0.790300
0.000000
0.883500
0.000000
0.543800
0.555300
1.063100
0.676200
0.532000
0.719700
1.100900
0.540200
0.547900
0.772600
0.577500
1.035800
0.000000
0.537700
1.040800
0.684300
3.005200
0.527600
1.726300
0.543000
1.067400
0.533900
0.522500
0.536100
0.827300
0.000000
0.000000
0.643600
1.579700
1.516800
0.523600
0.551000
2.459400
0.507200
3.827400
0.524100
0.527600
0.568300
0.000000
0.532200
1.063300
1.861600
0.634500
1.074300
0.507100
0.547500
0.025500
0.000000
0.229500
2.124300
0.508500
0.539000
0.000000
0.657500
0.406600
0.000000
0.000000
1.069700
1.057500
0.539700
0.531000
1.058300
0.000000
0.582900
0.531700
0.530600
3.221700
0.546800
0.538200
0.000000
0.000000
0.507000
1.078600
0.000000
0.000000
0.000000
0.979900
0.930600
0.528100
0.025500
0.000000
0.000000
0.719600
0.000000
1.604100
0.535900
0.693700
2.417500
1.615100
1.598400
0.000000
0.000000
0.000000
0.540200
0.537800
1.070800
1.060200
0.000000
0.306200
0.529200
1.086300
0.530800
0.543900
0.583100
0.535000
0.000000
0.529000
0.777600
0.000000
0.534200
3.047900
1.966500
0.000000
0.623800
0.530500
2.103600
0.526100
0.000000
0.026300
0.508900
1.058200
0.527800
0.000000
0.772700
1.589400
0.000000
1.650400
2.044300
0.536000
0.542600
1.226500
1.600500
0.528700
0.540500
1.566000
1.516200
0.522300
2.925600
1.591500
0.000000
0.533200
0.000000
0.530600
1.616900
0.525800
0.000000
0.000000
0.570800
0.539600
0.529100
0.000000
2.172500
1.611300
0.537000
0.978400
1.562100
1.062300
0.676300
0.521400
0.535600
0.000000
0.000000
0.557900
0.000000
0.946300
0.530600
0.538000
0.531700
2.144500
0.000000
0.575500
0.532900
0.550500
0.779500
0.000000
0.538400
0.000000
0.542600
0.530900
0.000000
1.597900
0.877800
0.000000
1.068400
0.000000
1.056200
0.850000
2.584800
2.147000
0.538600
0.537000
0.375700
0.536300
0.000000
1.622500
0.000000
0.506400
1.127100
0.530900
1.624800
0.595800
1.455300
0.575100
0.526400
0.575700
0.532500
0.027000
0.000000
2.131300
0.567200
0.749600
1.057800
0.520700
0.526700
0.858000
2.115300
2.409600
0.525600
1.596700
0.532600
0.539700
0.530600
0.000000
0.568100
1.597100
0.819200
0.000000
2.090100
2.117100
0.548800
0.000000
0.000000
0.334500
0.538000
1.269900
0.525600
0.534100
0.000000
2.205800
0.000000
0.349400
1.597800
0.000000
0.000000
0.531400
0.529300
0.549100
0.595300
0.508900
2.113000
0.768800
0.843000
0.032500
1.067600
2.116000
0.000000
0.508000
1.086500
1.080200
0.789300
0.000000
0.537700
1.044500
0.000000
2.113500
0.509600
0.533400
0.000000
0.525000
2.682900
0.536800
0.000000
0.577500
1.633300
0.536900
3.206500
0.973000
2.113100
0.000000
0.529900
1.624100
1.068300
0.538100
0.970100
1.674300
0.547100
1.592700
0.741400
0.525200
2.127700
0.000000
0.921300
0.523200
1.928700
2.195500
0.537300
0.541700
0.532100
0.000000
0.000000
1.774000
0.000000
0.531100
1.153700
0.888200
0.000000
1.105400
1.580800
0.524600
0.000000
0.547400
2.160100
0.000000
1.532300
0.540900
0.541200
2.103100
0.000000
0.533200
1.615400
1.605600
0.529100
0.000000
0.000000
2.084500
1.055400
2.517200
0.526300
1.596200
0.531600
1.599100
0.000000
0.000000
0.036000
0.533700
0.536000
0.000000
0.538400
0.000000
0.535600
1.071100
0.450400
0.961100
0.539800
1.064200
0.186700
0.854100
0.000000
0.774800
0.000000
0.491400
0.000000
2.501000
1.515300
0.562500
2.152700
0.537800
0.000000
0.901300
0.000000
0.529400
0.804300
0.295800
2.123200
2.370900
0.537100
0.506500
1.600700
0.785600
0.540800
0.338700
1.056100
0.581500
0.000000
0.715800
0.000000
2.122400
1.083600
0.000000
0.533100
1.425300
0.535500
0.028400
0.599400
1.058700
0.437100
0.624900
0.457400
2.117500
0.000000
0.000000
0.602600
1.062100
0.000000
1.514200
1.081200
1.072800
0.338700
0.000000
0.000000
1.308500
0.740700
0.538300
1.075500
0.508600
1.167800
0.022000
0.328000
0.555700
0.522300
1.082100
0.000000
0.532100
0.550300
2.660100
1.035300
0.524900
0.856800
0.925900
0.328100
0.000000
0.528900
0.000000
1.065000
0.510600
1.064900
0.548100
0.529100
0.549100
0.000000
1.308300
1.514200
0.990100
2.153200
0.531800
0.000000
0.843100
1.610800
0.537400
0.000000
1.061400
1.074000
1.722400
0.528800
0.000000
0.525600
0.506500
0.000000
0.536100
2.613600
1.907100
1.103200
0.000000
1.065600
0.616100
1.039000
0.000000
0.537200
0.000000
0.541400
0.000000
0.538600
1.075400
0.541100
0.534600
0.684700
0.000000
0.748900
1.038300
0.543000
1.629300
0.554800
0.783900
1.066200
0.506700
0.536900
0.543200
2.163500
2.021400
0.000000
0.690000
1.611900
2.144400
0.016000
0.984800
0.000000
0.534700
0.540100
0.000000
0.610600
0.901100
0.281600
2.077700
0.000000
2.179400
0.535900
2.695200
0.000000
0.000000
0.522900
3.359000
0.531500
0.023800
0.608100
0.531600
0.534000
1.067600
2.118600
1.559000
0.990100
0.000000
0.506500
1.053700
2.011300
0.000000
0.551700
0.532300
1.598600
0.000000
0.000000
1.076400
0.929200
0.000000
2.097300
0.000000
1.050700
0.541900
0.546400
0.000000
1.539500
0.000000
0.535300
0.532000
1.031600
0.921000
0.542100
0.899000
0.546500
0.527600
1.579800
0.000000
0.000000
0.535900
1.063600
0.414300
0.027100
0.541700
0.531000
1.629200
0.530300
0.000000
2.143600
0.022300
0.534000
3.241900
0.536700
0.000000
1.067200
0.737900
0.507800
0.000000
0.532500
0.000000
0.535000
1.672700
0.000000
0.000000
0.000000
1.055900
2.074800
0.530400
0.541800
0.507300
0.577800
0.536500
0.750400
1.965000
1.067600
0.000000
0.000000
0.535300
0.534700
2.082900
0.527900
0.000000
0.442100
0.531800
0.535900
2.100000
0.536100
0.000000
1.079900
1.093800
0.526400
0.925300
0.530400
0.848600
1.061900
1.614300
0.525800
0.530400
2.049800
0.538400
0.558300
2.102900
1.594700
0.000000
0.541400
0.000000
2.117000
2.645000
0.545000
0.000000
0.533500
0.863800
0.000000
0.729200
0.000000
0.787400
0.021600
3.207200
1.068300
1.200500
0.533900
0.514700
0.535200
0.312100
0.000000
1.077000
1.592600
0.000000
0.712600
2.044100
2.132300
0.000000
0.510100
0.000000
0.540800
0.530900
2.030700
0.000000
0.561300
0.000000
0.987600
1.064900
2.091800
0.000000
0.540600
0.536200
2.673500
0.000000
0.753900
3.175900
0.000000
0.000000
0.539200
0.000000
0.531200
0.417800
0.531200
1.070000
1.072700
1.026000
0.533700
0.524600
0.534600
0.538600
3.245300
2.145100
1.891000
0.766100
0.000000
1.026600
1.530200
0.852900
0.000000
1.073300
0.534900
0.000000
0.507300
0.574200
1.074600
0.000000
0.633900
0.507300
0.533600
0.000000
0.539300
2.188800
2.137800
2.670400
0.546800
0.000000
2.147600
0.000000
0.030900
3.005800
0.539400
0.525000
0.800000
0.000000
0.693700
0.538400
0.540700
0.525100
0.527800
1.086900
0.533000
0.975900
0.549400
1.621600
1.046700
0.000000
0.530500
0.000000
1.069200
0.000000
0.966400
0.527300
0.453800
0.544800
0.532700
0.034000
0.545700
0.538300
0.544200
0.545000
0.000000
0.522800
1.581200
0.571500
0.000000
0.540400
0.539500
0.938600
0.529100
0.903400
0.532300
0.306800
0.000000
0.965000
0.533500
0.000000
0.545000
1.646800
0.839900
2.115100
0.584700
0.763400
0.541600
0.540300
0.313200
0.541900
0.526800
1.081600
0.817200
0.528700
0.533200
0.538400
0.996100
0.518700
0.546300
0.509100
0.395800
0.527000
0.000000
0.557400
2.118700
1.243400
0.526200
0.518500
0.000000
0.642000
0.000000
0.534700
0.535500
0.555200
0.000000
0.534300
1.053700
0.000000
3.221400
2.134900
2.126000
1.597900
1.688900
2.131200
0.538300
0.000000
1.075500
2.112700
0.000000
2.687400
0.842300
1.248500
0.374700
0.027200
0.000000
0.000000
2.339700
1.615500
1.618100
1.586300
1.353100
1.652000
0.731800
0.537900
0.326400
0.000000
0.508100
0.530500
0.848700
0.530100
0.541200
0.531400
0.931400
1.815000
2.140600
0.563800
0.540000
0.708900
0.000000
0.530800
0.000000
0.523900
1.072200
0.543100
0.531000
0.000000
0.530200
2.007900
0.000000
0.579600
2.208900
0.541800
0.407000
0.530800
0.000000
0.000000
2.209000
0.634700
0.000000
0.393400
0.000000
0.536500
2.022800
0.548500
3.033900
0.000000
0.000000
0.787700
0.810200
1.064200
0.000000
0.000000
0.547500
1.076700
0.528100
3.231500
0.530700
0.000000
0.531300
0.000000
0.836800
2.137600
1.053500
0.000000
1.063900
1.463400
0.000000
1.080700
1.595800
0.806000
0.000000
0.652900
0.000000
3.221400
0.000000
0.000000
0.510200
0.522600
2.644000
0.534900
0.582200
2.434500
0.534700
0.000000
0.540600
2.131300
0.000000
0.000000
0.539100
0.539300
1.201300
0.533900
1.597200
0.528700
0.509200
0.000000
0.598100
0.537900
0.024100
2.008200
0.530700
1.725300
1.946200
1.001700
0.000000
1.033000
0.544900
0.535400
0.000000
0.533300
2.052100
0.508900
0.686600
0.421500
2.124200
0.538600
1.073400
0.548100
0.968200
0.544400
0.536700
0.030000
0.000000
0.000000
2.114100
0.528000
0.526100
0.532400
1.387300
0.370300
0.506400
0.883000
1.325400
0.538600
0.534700
0.544100
2.119200
0.543800
0.029300
0.540100
0.000000
1.073900
0.534400
0.532300
4.805900
0.000000
0.543200
1.059000
0.532100
0.507100
0.531700
2.198400
1.009100
0.000000
0.830200
0.000000
0.000000
0.000000
0.534700
0.000000
0.000000
0.000000
0.538300
0.535700
0.532200
2.290900
0.872900
0.000000
0.549700
0.000000
0.000000
0.527500
0.972500
1.603100
0.583700
0.534900
1.547900
0.539400
1.061800
2.256600
0.445700
0.506500
0.539500
0.931200
0.971200
0.544400
0.000000
1.054200
0.392100
0.000000
0.526000
1.072000
0.538000
0.534200
0.000000
0.532900
0.546200
1.069200
1.056200
0.550700
0.000000
0.523100
2.664500
0.547300
2.084500
2.117500
0.527200
0.000000
0.583300
2.325200
0.430300
2.514300
0.000000
0.000000
0.921600
0.000000
0.987900
0.000000
0.535500
0.000000
0.000000
2.663000
0.946600
1.392600
0.549900
1.072100
0.000000
0.573300
1.117500
0.000000
0.968300
0.532000
0.573200
1.209800
0.397900
0.544700
0.000000
1.050100
2.681200
0.338700
2.115600
0.000000
0.000000
1.621700
2.238200
2.148700
0.539500
0.532100
0.535900
0.000000
0.556800
0.322700
1.589900
0.553000
1.217700
1.184100
2.517300
1.076400
1.990700
0.000000
0.000000
0.535400
0.000000
0.539100
0.000000
0.532900
0.536500
1.077600
0.000000
0.000000
0.497900
0.538500
0.000000
0.000000
0.525600
2.072800
0.000000
0.532800
0.878600
0.541900
0.542200
0.536200
0.545800
0.000000
0.522500
0.000000
0.000000
2.112400
1.712300
3.167500
0.533900
0.861800
0.539000
0.539900
1.117400
1.064900
0.759000
0.000000
0.000000
1.610400
0.506700
1.600000
1.601300
0.539400
0.509100
0.000000
1.059900
0.000000
3.235300
0.535900
2.236700
0.536000
0.917700
1.073600
0.509200
1.133200
1.064300
0.000000
0.543300
0.000000
0.527000
2.148700
0.260600
0.536300
1.059600
2.172000
0.535700
0.509400
0.000000
0.000000
0.000000
3.183600
2.144600
0.667200
0.000000
0.541600
2.225700
0.430300
0.538500
0.531500
0.000000
2.999100
0.557700
1.614700
1.580000
0.000000
0.557400
2.259700
1.087900
0.534900
0.443100
0.000000
0.539000
0.551200
1.061200
0.000000
0.546400
1.071900
1.072400
0.000000
0.000000
0.525100
0.000000
0.000000
0.523400
2.148100
2.139200
0.000000
0.000000
0.000000
0.440600
0.000000
1.605300
1.079900
0.529300
2.059900
0.531200
0.537400
0.528100
2.143200
0.907000
0.017800
1.568400
1.051100
0.000000
0.855200
0.506600
2.195200
0.000000
0.000000
2.113700
0.989200
0.000000
0.535300
2.133300
0.000000
0.398800
0.551400
0.032500
1.251900
0.538400
0.000000
1.071600
2.140200
1.023700
1.075200
0.867800
0.000000
0.692600
0.000000
0.535300
2.125700
1.614200
0.000000
0.559600
1.066900
0.545100
0.541700
0.534500
1.054300
0.533000
0.000000
1.546200
1.052600
0.549900
0.000000
0.000000
0.535300
0.000000
0.968300
0.000000
0.544300
0.536700
0.543800
0.530900
1.084300
0.786300
1.043900
0.972700
0.547100
0.000000
2.115500
0.529700
0.526900
2.289400
2.147000
0.547200
0.540400
1.252300
0.540700
0.000000
1.094200
0.530200
0.596800
0.901200
0.839200
1.572100
0.533100
1.047700
0.000000
0.880200
2.128500
1.245500
0.203500
1.066800
0.539100
0.261100
0.531700
1.084100
0.000000
0.000000
0.000000
1.517200
0.000000
0.858600
0.507100
0.539600
2.150300
0.495000
0.000000
0.000000
0.533900
1.126500
0.527700
0.239600
0.000000
0.819200
0.534300
2.094700
1.058100
0.000000
1.007500
2.265100
0.548300
0.000000
0.543200
0.577900
1.590700
0.994300
0.000000
2.153400
0.000000
0.538900
1.618400
0.539800
1.000100
0.000000
0.836100
0.000000
0.927000
0.000000
0.543500
0.000000
0.534800
2.162400
0.527400
0.535900
0.226300
1.059000
0.533800
0.525700
0.000000
0.522000
0.536300
1.631600
0.000000
0.542700
0.533800
0.000000
0.010400
0.536000
2.172500
0.537100
1.625100
0.000000
0.532900
0.536200
0.540600
0.000000
2.243700
0.568500
0.000000
0.014600
1.585300
0.009700
0.000000
0.397200
1.945200
0.000000
0.000000
1.092600
1.635800
0.000000
0.555900
0.000000
0.538900
0.000000
0.533800
0.566500
0.530400
0.000000
0.526600
1.081100
1.293800
3.191400
2.659500
0.000000
0.526800
0.552600
0.507100
1.129200
0.000000
0.539700
2.130200
0.547400
0.000000
0.525000
2.114800
2.554600
0.569600
0.543100
0.000000
0.000000
0.508600
0.000000
0.534600
0.411800
0.000000
0.730500
0.000000
2.041000
0.000000
0.530900
1.051500
0.533100
0.877200
1.619200
0.537400
0.520100
2.123700
0.000000
1.587300
0.890400
0.000000
1.619600
0.526200
1.599600
0.000000
1.021700
1.988600
0.540700
0.000000
0.549000
1.699300
2.683400
0.000000
0.540700
0.528100
0.577200
0.529500
0.000000
1.349700
2.088600
1.510400
2.982500
2.130300
0.000000
1.086500
0.000000
0.287500
2.166000
1.117600
0.535600
0.000000
0.827200
2.113800
0.393700
0.075900
1.597100
0.000000
0.533500
0.508400
0.979600
0.525900
1.051900
0.000000
1.090300
2.682100
0.000000
0.531800
0.000000
0.619400
0.000000
0.542000
0.000000
1.626300
1.136300
1.542200
0.029200
0.532800
0.531800
2.142400
0.000000
0.532500
0.000000
1.068700
0.000000
1.024700
1.068700
0.557200
2.515700
0.648900
1.251200
1.605700
0.531900
1.103400
0.530300
0.580400
0.000000
0.531900
0.596000
0.000000
0.650500
2.120100
0.966000
0.552500
0.000000
0.573200
2.203400
0.525800
0.000000
0.524800
0.535900
2.685900
0.557300
0.523500
0.555000
2.130900
0.000000
0.536200
2.019200
0.251600
3.193000
0.533600
2.733800
2.105500
0.000000
0.534400
2.249900
1.263400
0.734600
0.000000
0.777500
0.537300
0.538500
0.030300
0.556500
2.111300
0.811000
0.550700
0.534200
0.506900
0.342600
0.744000
0.000000
0.540600
0.895600
0.000000
2.198100
2.127800
0.542600
0.000000
0.531600
2.739200
0.542900
0.535900
0.542200
2.123500
0.529700
0.528800
0.546300
0.529900
0.000000
0.775500
1.066900
0.032100
0.536800
0.097600
0.000000
2.145000
2.734300
0.533500
0.622200
1.084200
0.000000
1.081200
1.585200
0.000000
2.136700
2.056600
0.638200
0.000000
1.186600
1.050800
1.090300
0.000000
2.155500
1.596300
1.986300
0.540700
0.000000
0.000000
0.948900
0.526200
0.536100
2.176100
0.935700
0.511400
0.529800
0.000000
0.282100
0.000000
2.138200
2.018900
0.000000
0.538300
0.507600
0.936400
0.537800
0.947100
1.063800
1.053100
0.000000
0.541700
0.557000
2.135000
0.532100
0.538500
0.527200
1.072400
2.653200
0.546300
0.000000
2.134300
1.096000
0.000000
0.538000
0.000000
0.541500
0.000000
1.087100
1.770300
0.549100
0.000000
0.523600
0.000000
0.527800
0.541900
0.000000
1.967100
0.527500
0.533900
2.140500
0.524800
2.128800
0.955600
3.563400
0.923700
0.557300
0.543800
0.000000
0.549200
0.987600
0.888600
2.152600
1.542200
0.544300
0.924100
2.132700
0.558600
0.000000
1.824000
1.941800
0.534400
0.536800
0.544600
2.145700
2.120800
0.000000
1.091800
0.000000
0.517500
0.531500
0.559200
1.555600
0.537100
0.000000
0.532400
0.536200
0.574100
0.547700
0.806000
1.062700
0.954300
1.006700
0.000000
0.533000
0.035600
1.011800
0.000000
1.048200
0.537500
0.529900
0.536100
0.553600
2.140100
0.759400
0.000000
0.523700
0.537900
0.000000
0.518300
0.000000
0.000000
0.000000
0.529500
0.542100
0.000000
0.546100
0.571600
0.571200
0.393800
0.000000
0.552200
0.000000
0.527700
1.080600
1.770200
0.237200
0.529600
0.274100
0.000000
1.171800
1.608600
0.000000
1.203100
1.554800
0.000000
0.598400
0.000000
1.520600
0.528300
0.555600
0.506500
0.531200
2.665900
0.549300
2.671200
1.056200
0.537600
0.526300
0.000000
0.548400
0.000000
0.508200
0.000000
0.741300
0.000000
1.590500
2.092100
0.538400
2.678300
0.531700
0.530700
0.538500
0.000000
1.037600
1.617700
0.544600
0.000000
0.580700
0.000000
0.025000
0.000000
0.546300
0.944500
0.000000
0.000000
0.000000
1.086700
2.191900
0.755400
0.000000
0.809900
1.496500
0.535000
0.505800
0.904400
0.560600
0.000000
0.525400
0.000000
0.529900
1.978600
0.000000
0.000000
0.533500
2.147100
0.862700
0.507800
0.000000
1.587100
0.554000
0.000000
1.288400
0.000000
0.546700
2.148900
1.171600
2.161600
0.542000
2.782300
0.876800
2.122000
0.990800
0.000000
0.545700
0.000000
0.538800
0.000000
0.840100
0.530900
0.525600
1.089300
1.555000
1.088800
0.805200
1.193600
1.072100
0.547800
1.053000
1.615000
0.000000
0.000000
0.538200
0.934500
0.541400
0.000000
0.599900
2.137000
0.548400
3.188400
0.000000
0.539600
0.602100
0.542000
0.561500
0.531900
0.000000
0.000000
1.036200
2.285700
0.594500
0.552200
0.534200
1.113400
0.508400
0.000000
0.508500
1.230800
0.821000
0.000000
0.539900
0.033800
2.589700
0.000000
1.060500
2.263500
0.540500
0.506100
1.038400
0.026700
0.000000
0.536500
0.017800
0.000000
0.535400
0.000000
0.000000
2.166300
0.534200
0.000000
0.623100
0.000000
0.507100
0.000000
0.000000
0.887000
0.540500
0.552100
0.000000
2.299800
0.000000
0.547300
2.242100
0.488900
0.000000
1.189600
1.240900
0.587000
2.646800
0.539800
0.553200
0.000000
0.529800
0.000000
0.530700
0.612200
0.000000
0.000000
0.869500
0.000000
0.547400
0.000000
0.486400
0.000000
0.000000
0.508200
0.000000
0.530000
0.000000
1.976700
2.127900
2.107700
0.000000
0.529200
0.537500
0.551200
0.000000
0.302700
1.695000
0.536500
0.531300
0.538800
0.000000
0.563000
0.000000
1.686800
0.000000
0.533200
0.544400
0.992500
2.631100
0.536400
0.540000
0.910300
0.530300
1.058900
0.530700
0.527600
0.538800
1.981600
2.060200
0.000000
0.553100
0.000000
0.738800
0.484300
0.000000
0.531700
0.000000
1.600000
0.000000
0.571200
0.695500
1.076700
0.000000
0.508700
0.000000
1.000500
0.535100
0.545800
0.530100
0.000000
0.536700
0.424300
0.540400
0.540000
1.034400
0.024700
1.337400
0.539600
0.000000
1.038900
2.120400
0.432300
0.529600
0.000000
0.544000
0.569000
0.000000
0.723300
0.535200
0.506400
0.000000
1.128000
0.869500
2.630300
0.000000
0.530100
1.899500
0.000000
0.000000
0.538500
2.262800
0.529300
0.000000
0.545600
1.599900
0.604100
0.550800
0.547800
1.072000
2.152400
1.594700
0.000000
0.538800
2.101800
2.170900
0.000000
0.540700
2.669600
0.538800
0.000000
0.000000
2.133900
0.536000
0.538000
1.517900
2.108800
0.535000
0.830300
0.529600
1.531000
0.540200
0.000000
0.000000
0.000000
0.530800
0.000000
0.541700
2.096800
0.527600
0.541300
0.526700
1.068300
0.000000
2.119500
1.298500
0.000000
0.723300
1.588500
1.073600
3.914500
0.000000
0.531400
0.828200
1.987500
0.748200
0.000000
0.562300
0.509500
0.352900
2.112900
1.060900
3.168100
1.064000
2.254300
1.582300
0.000000
0.540200
0.536200
0.000000
0.532200
0.030800
0.530800
2.115200
0.641300
0.582700
0.544200
2.008800
0.000000
0.000000
0.547800
0.539800
0.000000
2.103000
1.685500
0.508900
0.531000
0.000000
0.535500
0.407400
0.000000
0.000000
0.540300
2.127400
1.096300
0.000000
1.291900
0.535500
0.000000
0.000000
0.429300
1.382000
1.587400
0.528700
0.000000
0.929900
0.510400
1.072200
0.000000
2.453900
0.536200
0.528800
0.000000
0.000000
0.000000
1.131900
0.000000
0.669800
0.535800
0.000000
0.386500
0.507200
0.000000
0.538900
0.546400
0.024500
0.530400
2.630600
1.013000
0.000000
0.526100
0.000000
0.538100
0.547100
0.000000
0.734100
1.081500
0.617800
0.000000
0.514700
1.121000
0.507800
0.030200
0.593000
1.053800
0.540900
0.639700
0.000000
0.000000
1.437000
0.000000
0.547200
0.000000
0.931700
0.529800
0.000000
0.000000
0.255900
0.544500
0.530000
0.000000
0.532600
0.000000
0.868000
0.534500
0.990000
0.541000
0.000000
0.874600
0.000000
1.062800
0.535800
1.080400
0.000000
0.884400
0.000000
0.386400
0.000000
1.075700
0.510200
0.444200
0.535700
1.115400
0.000000
1.036000
0.538200
1.073500
0.529900
0.533100
0.541900
0.414600
0.000000
0.673900
0.000000
0.562700
0.810700
0.524600
0.000000
0.000000
0.346800
2.456600
0.570800
3.210300
2.128400
0.000000
0.530300
0.000000
0.529100
1.448800
0.000000
0.000000
0.000000
0.544000
0.000000
0.539500
0.506900
0.532500
0.000000
0.793200
0.000000
0.372900
0.542400
0.595000
0.000000
0.527800
0.586800
0.542000
0.000000
0.000000
0.818300
0.547300
0.541400
0.000000
0.000000
0.000000
0.528100
0.546100
0.533800
0.026700
0.534400
0.000000
1.061600
0.526900
0.000000
0.000000
0.507400
0.521900
0.000000
0.531200
2.041100
0.523000
0.000000
0.517900
0.506700
0.647500
0.000000
0.545500
0.544200
0.553400
0.553800
2.218600
0.979500
0.000000
0.587800
0.531600
0.860200
1.103700
0.789000
0.000000
0.531700
0.000000
0.936900
0.000000
0.545400
0.521300
2.099900
0.539700
0.000000
0.000000
0.531800
0.533700
0.000000
0.534900
0.000000
0.540600
0.000000
0.533900
0.000000
0.000000
0.993500
0.550400
0.533100
0.526000
0.863100
0.000000
0.528900
2.555400
1.472500
0.534800
2.119100
0.000000
0.548600
0.000000
1.069100
0.000000
0.523500
0.000000
0.699800
0.020200
0.000000
0.000000
0.960600
0.555200
1.292200
0.569400
0.524400
0.541600
0.920700
0.527500
0.546300
0.544900
0.543600
0.534300
0.000000
0.532000
0.000000
0.549700
0.036200
0.855200
0.000000
0.542000
0.000000
0.000000
0.536300
0.530500
0.000000
0.535900
0.230300
0.020100
0.516100
0.524800
0.529500
0.815400
0.000000
0.528600
0.000000
0.577400
0.025200
0.506000
0.000000
0.534900
2.711700
0.000000
0.557300
0.000000
0.527300
0.000000
0.000000
0.530600
0.000000
0.000000
0.533400
0.526600
0.539400
0.000000
0.544300
0.000000
0.535000
1.505900
0.600500
0.000000
0.837600
0.536600
0.000000
0.000000
0.722000
0.000000
0.000000
0.000000
0.538700
0.534300
0.533900
0.532200
0.763300
0.529800
0.536100
0.528100
0.000000
0.539800
0.000000
0.552800
0.000000
0.563000
2.672100
0.297300
2.130800
1.037400
0.000000
1.081700
0.548900
2.229400
0.000000
0.000000
0.532300
2.092600
0.533800
0.508500
0.309200
2.098200
0.000000
2.662300
0.531900
0.546200
0.520700
0.526200
2.685300
0.529800
0.534000
0.899800
0.000000
0.650600
3.189800
0.541600
0.509100
1.580800
0.000000
0.524300
0.520700
1.090500
0.533600
0.540200
3.007500
0.540600
2.214800
0.528200
0.000000
0.529700
0.000000
1.159400
0.529200
1.634500
1.013900
0.540200
1.071800
0.000000
0.506900
1.596600
0.000000
0.000000
0.542900
0.544700
0.000000
0.534000
2.009400
0.556200
1.072400
0.532900
0.000000
0.680000
0.000000
0.000000
3.201500
1.926700
0.000000
0.000000
1.062900
0.000000
1.010300
2.156000
0.540300
0.000000
1.097200
0.000000
0.550100
0.554300
1.496200
0.540200
0.544100
0.000000
0.802200
0.544900
1.644500
0.619900
0.000000
0.537100
0.000000
0.532600
0.000000
0.548600
2.264100
0.530800
0.021900
0.782000
0.556700
1.279400
1.978800
0.000000
0.532700
2.074200
0.543400
0.983900
0.000000
2.133800
0.527800
0.528700
1.053200
0.000000
0.000000
0.000000
0.705500
0.000000
2.071100
0.534200
0.000000
0.524200
0.000000
0.000000
0.533500
0.548900
0.000000
1.063000
0.000000
0.424800
0.000000
1.600200
0.534200
0.507400
0.071200
0.534300
0.534000
0.426000
0.000000
0.540700
1.585600
0.523900
0.531400
0.669900
0.528100
0.601400
1.066600
2.191900
1.171200
0.000000
0.546100
1.122700
0.000000
1.093300
0.526500
0.797300
0.719700
0.546400
0.000000
0.572000
0.551500
1.060200
2.216700
1.079600
0.538400
1.176700
0.537600
0.534300
0.535600
0.541400
0.535900
0.509100
0.548600
1.064000
0.547400
0.000000
0.856800
0.000000
0.537800
0.000000
0.532000
0.000000
1.058100
0.608400
0.531700
2.243700
0.534000
0.000000
0.535600
0.541700
1.016800
0.538300
0.524300
0.034400
2.215900
0.000000
0.539000
0.000000
0.543300
0.000000
0.530600
0.000000
1.077200
0.532200
0.539100
0.000000
1.007000
2.192200
0.534000
0.960000
1.650900
0.000000
0.000000
0.031200
0.540500
1.089200
0.000000
0.000000
0.000000
0.000000
0.000000
0.000000
0.000000
0.000000
0.000000
0.000000
0.000000
0.027900
0.000000
0.547100
0.000000
0.000000
0.000000
0.000000
0.000000
0.000000
0.000000
0.000000
0.000000
0.000000
0.000000
0.000000
0.000000
0.000000
0.000000
0.000000
0.000000
0.567200
0.000000
0.528700
0.000000
0.000000
0.020500
0.538300
0.529100
0.530900
0.055700
0.000000
0.000000
0.000000
0.000000
0.000000
0.000000
0.000000
0.000000
0.533700
0.543100
0.000000
0.000000
0.000000
0.000000
0.000000
0.000000
0.000000
0.000000
0.529600
0.000000
0.000000
0.000000
29.863000
0.000000
0.000000
0.000000
0.000000
0.549000
0.000000
0.000000
0.542100
0.000000
0.000000
0.000000
0.000000
0.000000
0.543300
0.000000
0.000000
0.000000
0.000000
0.000000
0.524800
0.000000
0.522300
0.000000
0.000000
0.000000
0.000000
0.000000
0.000000
0.552300
0.000000
0.000000
0.000000
0.000000
0.000000
0.000000
0.000000
0.000000
0.000000
0.000000
0.000000
0.000000
0.000000
0.000000
0.000000
0.534800
0.000000
0.000000
0.000000
0.000000
0.016700
0.534400
0.000000
0.030500
0.000000
0.000000
