0.027000
0.000000
0.000000
0.000000
0.000000
0.000000
0.000000
0.000000
0.000000
0.000000
0.538000
0.506200
0.531900
0.000000
0.000000
0.000000
0.000000
0.000000
0.000000
0.000000
0.529200
0.000000
0.000000
0.000000
0.023600
0.505900
0.000000
0.000000
0.000000
0.543700
0.000000
0.000000
0.000000
0.000000
0.000000
0.000000
0.000000
0.000000
0.000000
0.000000
0.000000
0.000000
0.000000
0.000000
0.551800
0.000000
0.532800
0.000000
0.000000
0.534200
0.000000
0.000000
0.000000
0.000000
0.000000
0.534000
0.536600
0.000000
1.062800
0.000000
0.000000
0.023800
0.000000
0.639300
0.000000
0.000000
0.000000
0.550700
0.000000
0.533700
0.000000
0.530700
0.010800
0.000000
0.000000
0.023900
0.000000
0.537600
0.539300
0.000000
0.889100
0.562800
0.000000
0.546400
0.027600
0.510000
0.000000
0.000000
0.030100
0.000000
0.535600
0.000000
0.000000
0.000000
0.542500
0.000000
0.511700
0.532700
0.000000
0.000000
0.032600
0.547800
0.509400
0.000000
0.534300
0.541400
0.000000
0.000000
0.000000
0.000000
0.000000
0.507700
0.000000
0.542400
0.549700
1.579000
0.626900
0.534100
0.000000
0.000000
0.000000
0.000000
0.000000
0.000000
0.000000
0.546300
0.029300
0.000000
0.538300
0.000000
0.541000
0.541600
0.534700
0.535100
0.000000
0.000000
0.000000
0.000000
0.509700
0.000000
0.000000
0.015000
0.000000
0.000000
0.035900
0.000000
0.000000
0.000000
0.000000
0.552700
0.000000
0.000000
0.000000
0.000000
0.539600
0.000000
0.530100
0.538400
0.000000
0.000000
0.000000
0.000000
0.025700
0.529400
0.000000
0.000000
0.537500
0.531800
0.000000
0.000000
0.000000
0.035700
0.526800
0.530400
0.000000
0.000000
0.000000
0.000000
0.000000
0.532000
0.000000
0.000000
0.542200
0.000000
0.000000
0.541400
0.000000
0.538600
0.000000
0.538300
0.528900
0.000000
0.545800
0.538700
0.000000
0.000000
0.000000
0.541200
0.510900
0.544100
0.543600
0.000000
0.000000
0.000000
0.000000
0.000000
0.546600
0.000000
0.546700
0.000000
0.034900
0.000000
0.030100
0.000000
0.558200
0.551800
0.000000
0.543000
0.540400
0.000000
0.536200
0.550900
0.535800
0.000000
0.000000
0.000000
0.000000
0.000000
0.000000
0.000000
0.000000
0.542900
0.000000
0.538400
0.000000
0.000000
1.068000
0.532600
0.000000
0.193400
0.535300
0.543700
0.537400
0.000000
0.000000
0.000000
0.000000
0.000000
0.000000
0.000000
0.000000
0.531300
0.000000
0.000000
0.541200
0.000000
0.000000
0.000000
0.000000
0.529700
0.000000
0.000000
0.507800
0.000000
0.000000
0.000000
0.000000
0.000000
0.000000
0.529900
0.577800
0.000000
0.000000
0.547800
0.000000
0.000000
0.000000
0.000000
0.000000
0.528500
0.000000
0.510200
0.034200
0.000000
0.000000
0.511500
0.000000
0.506800
0.546200
0.000000
0.000000
0.000000
0.000000
0.027200
0.000000
0.541700
0.011800
0.000000
0.000000
0.540700
0.000000
0.000000
0.000000
0.539000
0.546100
0.546800
0.000000
0.000000
0.548200
0.000000
0.000000
0.565600
0.000000
0.507800
0.554000
0.000000
0.000000
0.000000
0.000000
0.531100
0.000000
0.000000
0.525800
0.534800
0.000000
0.528800
3.810100
0.000000
0.535000
0.539400
0.000000
0.000000
0.000000
0.000000
0.000000
0.000000
0.000000
0.000000
0.510100
0.000000
0.546500
0.539600
0.542600
0.508600
0.000000
0.000000
0.074600
0.533100
0.000000
0.000000
0.000000
0.000000
0.533900
0.554500
0.533600
0.527700
0.000000
0.000000
0.542900
0.000000
0.543200
0.534300
0.000000
0.000000
0.000000
0.000000
0.548500
0.000000
0.000000
0.527000
0.531600
0.000000
0.540000
0.551900
0.532900
0.000000
0.000000
0.507200
0.000000
0.000000
0.000000
0.000000
0.571000
0.000000
0.000000
0.000000
0.553800
0.000000
0.000000
0.602600
0.000000
0.550400
0.551600
0.538400
0.000000
0.000000
0.000000
0.000000
0.000000
0.000000
0.000000
0.000000
0.000000
0.510700
0.000000
0.000000
0.530600
0.000000
0.533300
0.550900
0.000000
0.551800
0.000000
0.000000
0.000000
0.000000
0.000000
0.000000
0.000000
0.566100
0.000000
0.000000
0.509000
2.662300
0.530900
0.000000
0.000000
0.000000
0.000000
0.546600
0.537400
0.546100
0.529400
0.543600
0.000000
0.000000
0.547300
0.541600
0.000000
0.000000
0.000000
0.000000
0.000000
0.547700
0.000000
0.000000
0.542300
0.000000
0.546700
0.000000
0.000000
0.000000
0.602300
0.550900
0.000000
0.000000
0.000000
0.000000
0.000000
0.000000
0.000000
0.556100
0.000000
0.507500
0.000000
0.000000
0.000000
0.000000
0.541100
0.547300
0.539600
0.000000
0.000000
0.000000
0.533300
1.051500
0.000000
0.000000
0.530000
0.000000
0.000000
0.539300
0.000000
0.000000
1.593800
0.530600
0.547000
0.536200
0.000000
0.539700
0.549500
0.000000
0.000000
0.538300
2.133500
0.000000
0.000000
0.547600
0.000000
0.000000
0.000000
0.000000
0.507900
0.000000
0.000000
0.000000
0.000000
0.000000
0.000000
0.000000
0.000000
0.000000
0.540900
0.000000
0.000000
0.000000
0.531100
0.000000
0.000000
0.000000
0.000000
0.000000
0.000000
0.000000
0.000000
0.508300
0.000000
0.000000
0.000000
0.000000
0.000000
0.000000
0.000000
0.000000
0.000000
0.531800
0.000000
0.542500
0.000000
0.000000
0.000000
0.547700
0.510400
0.544200
2.164300
0.000000
0.000000
0.000000
0.509800
0.544300
1.608000
0.000000
0.000000
0.000000
0.000000
0.000000
0.000000
0.538400
0.000000
0.000000
0.000000
0.000000
0.000000
0.532200
0.000000
0.000000
0.583700
0.000000
0.000000
0.534600
0.539600
0.000000
0.000000
0.000000
0.000000
0.534800
0.000000
0.511600
3.702900
0.542200
0.540900
0.000000
0.000000
0.000000
0.534500
0.000000
0.000000
0.000000
0.000000
0.000000
0.000000
0.533600
0.546100
0.000000
0.032500
0.000000
0.000000
0.534300
0.000000
0.000000
0.563100
0.000000
0.000000
0.000000
0.000000
0.000000
3.678300
0.532600
0.544300
0.000000
0.000000
0.000000
0.000000
0.000000
0.000000
0.000000
0.000000
0.533800
0.000000
0.000000
0.549800
0.546300
0.542900
0.000000
0.000000
0.000000
0.537200
0.000000
0.000000
0.534500
0.000000
0.539100
0.000000
0.537300
0.000000
0.550200
0.536500
0.507700
0.031100
0.537500
0.511800
0.537100
0.000000
0.538800
0.534300
0.533000
0.530000
0.000000
0.000000
0.000000
0.000000
0.000000
0.539500
0.543400
0.000000
0.000000
0.000000
0.000000
0.000000
0.000000
0.000000
0.545800
0.000000
0.000000
0.000000
0.000000
0.000000
0.000000
0.533000
0.000000
0.545400
0.000000
0.000000
0.000000
0.000000
0.000000
0.000000
0.000000
0.000000
0.507900
0.000000
0.000000
0.537500
0.000000
0.591400
0.533300
0.000000
0.000000
0.000000
0.000000
0.540400
0.000000
0.000000
0.559500
0.026400
0.000000
0.000000
0.538600
0.548600
0.000000
0.000000
0.000000
0.000000
0.563300
0.000000
0.535700
0.530800
0.531200
0.543700
0.000000
0.545200
0.510400
0.000000
0.000000
0.554500
0.540600
0.000000
0.546200
0.535300
0.000000
0.523600
0.549300
0.000000
0.000000
0.542000
0.000000
0.553700
0.000000
0.000000
0.035200
0.000000
0.537000
0.037700
0.000000
0.023100
0.546600
0.000000
0.037700
0.000000
0.000000
0.509300
0.000000
0.000000
0.510200
0.024300
0.526100
0.000000
0.530500
0.000000
0.000000
0.000000
0.000000
0.014200
0.000000
0.541800
0.000000
0.000000
0.533900
0.036100
0.543100
0.000000
0.000000
0.000000
0.549800
0.000000
0.546400
0.000000
0.549200
0.000000
0.000000
0.549700
0.000000
0.000000
0.000000
1.081900
0.557700
0.033700
0.550500
0.000000
0.532200
0.000000
0.536600
0.531600
0.000000
0.000000
0.542500
0.533000
0.544000
0.000000
0.000000
0.000000
0.537800
0.000000
2.718800
0.554100
0.529400
0.534600
0.538400
0.000000
0.539700
0.542700
0.000000
0.000000
0.549500
0.000000
0.000000
0.000000
0.537200
0.000000
0.550900
0.000000
0.022900
0.000000
0.000000
0.000000
0.557600
0.546000
0.000000
0.555300
0.000000
0.000000
4.237400
0.000000
0.000000
0.529100
0.000000
0.000000
0.000000
0.000000
0.554000
0.000000
0.000000
0.532700
0.000000
0.000000
0.546400
0.534500
0.000000
0.000000
1.074500
0.535800
0.549700
0.000000
0.535300
0.000000
0.509000
0.000000
0.000000
0.000000
0.000000
0.000000
0.000000
0.000000
0.586500
0.000000
0.542000
0.547700
0.000000
0.530200
0.533100
0.535800
0.000000
0.000000
0.000000
0.544500
0.000000
0.534200
0.000000
0.000000
0.000000
0.000000
0.000000
0.532800
0.537800
0.549800
0.000000
0.000000
0.540300
0.550900
0.586500
0.541000
0.534500
0.000000
0.000000
0.000000
0.510900
0.000000
0.538500
0.552700
0.000000
0.535300
0.532200
0.000000
0.000000
0.000000
0.000000
0.000000
0.000000
0.000000
0.544900
0.539400
0.527300
0.000000
0.000000
0.506000
0.000000
0.000000
0.000000
0.538400
0.033600
0.532600
0.000000
0.000000
0.000000
0.530900
0.000000
0.540400
0.545700
0.576400
0.000000
0.556800
0.548000
0.000000
0.530900
0.000000
0.000000
0.531200
0.000000
0.000000
0.000000
0.000000
0.000000
0.000000
0.000000
0.569200
0.000000
0.536400
0.000000
0.000000
0.545600
0.000000
0.550700
0.000000
0.509000
0.000000
0.025900
0.000000
0.000000
0.000000
0.000000
0.000000
0.000000
0.546400
0.000000
2.145600
0.000000
0.542600
0.000000
0.000000
0.539100
0.535000
0.000000
0.000000
0.000000
0.000000
0.000000
0.000000
0.542000
0.036600
0.000000
0.000000
0.545300
0.000000
0.000000
0.542300
0.542500
0.000000
0.541400
1.595100
0.534700
0.000000
3.183800
0.533100
0.000000
0.000000
0.000000
0.000000
0.547600
0.000000
0.000000
0.000000
0.534900
0.000000
0.000000
0.000000
0.532600
0.000000
0.000000
0.000000
0.000000
0.000000
0.511500
0.000000
0.538800
0.000000
0.000000
0.000000
0.000000
0.540300
0.000000
0.000000
0.000000
0.258800
0.507200
0.535400
0.079700
0.028600
0.000000
0.534700
0.533300
0.000000
0.547600
0.557500
0.573000
0.555800
0.025000
0.000000
0.000000
0.000000
0.555700
0.000000
0.000000
0.000000
0.000000
0.000000
0.000000
0.000000
0.000000
0.000000
0.000000
0.533900
0.000000
0.000000
0.000000
0.000000
0.556500
0.590500
0.000000
0.000000
0.000000
0.000000
0.550500
0.545400
0.529100
0.000000
0.536500
0.026300
0.537000
0.035000
0.038400
0.538500
0.033500
0.000000
0.000000
0.000000
0.000000
0.000000
0.531500
0.000000
0.547400
0.000000
0.538100
0.028900
0.543900
0.000000
0.000000
0.000000
0.000000
0.533100
0.531600
0.000000
0.000000
0.534200
0.000000
0.000000
0.034900
0.537100
0.000000
0.010600
0.000000
0.000000
0.000000
0.000000
0.000000
0.539800
0.000000
0.000000
0.510800
0.000000
0.000000
0.526600
0.534000
1.042500
0.508400
0.000000
0.000000
0.000000
0.000000
2.656600
0.000000
0.000000
0.000000
0.000000
0.000000
0.549500
0.549900
0.000000
0.555000
0.000000
0.000000
0.000000
0.541800
0.562800
0.000000
0.000000
0.000000
0.000000
0.026400
0.526900
0.548000
0.000000
0.000000
0.537100
0.000000
0.535500
0.000000
0.545000
0.000000
0.539500
0.000000
0.000000
0.561500
0.000000
0.000000
0.000000
0.000000
0.535700
0.000000
0.000000
0.000000
0.000000
0.531300
0.534400
0.000000
0.544600
0.000000
0.544700
0.538500
0.000000
0.000000
0.534700
0.547800
0.530700
0.022900
0.507800
0.000000
0.537400
0.000000
0.532900
0.534400
0.000000
0.000000
0.000000
0.554400
0.535600
0.532000
0.542900
0.000000
0.000000
0.000000
0.000000
0.000000
0.000000
0.000000
0.511200
0.000000
0.054200
0.000000
0.000000
0.551500
0.507400
0.000000
0.044300
0.000000
0.000000
0.000000
0.000000
0.000000
0.000000
0.000000
0.000000
0.000000
0.000000
0.549700
0.000000
0.000000
0.000000
0.000000
0.000000
0.547100
0.000000
0.506800
0.000000
0.535100
0.000000
0.536400
0.542000
0.000000
0.000000
0.000000
0.000000
0.000000
0.000000
0.000000
0.000000
0.000000
0.000000
0.000000
0.000000
0.000000
0.526900
0.542300
0.023200
0.000000
0.000000
0.000000
2.052700
0.000000
0.548100
0.544400
0.543000
0.551600
0.000000
0.548000
0.000000
0.538800
0.545400
0.000000
0.537800
0.000000
0.000000
0.508100
0.000000
0.000000
0.543700
0.000000
0.000000
0.000000
0.000000
0.000000
0.000000
0.000000
0.000000
0.000000
0.000000
0.000000
0.547200
0.000000
0.000000
0.000000
0.000000
0.000000
0.000000
0.000000
0.540800
0.534400
0.000000
0.000000
0.000000
0.532500
0.000000
0.000000
0.546300
0.550800
0.000000
1.603800
0.000000
0.508700
0.000000
0.510000
1.057900
0.538300
0.072300
0.541800
0.000000
0.000000
0.544600
0.000000
0.542300
0.000000
0.544300
0.507700
0.000000
0.000000
0.000000
0.000000
0.542400
0.000000
0.529800
0.598200
0.000000
0.000000
0.000000
0.534300
0.000000
0.000000
0.000000
0.000000
0.510000
0.525400
0.532800
0.546400
0.000000
0.000000
0.000000
0.000000
0.000000
0.506900
0.000000
0.000000
0.000000
0.534400
0.530600
0.000000
0.000000
0.000000
0.540500
0.000000
0.000000
0.000000
0.000000
0.000000
0.539300
0.534000
0.542500
0.000000
0.000000
0.000000
0.546200
0.000000
0.000000
0.000000
0.546200
0.000000
0.000000
0.000000
0.544100
0.000000
0.000000
0.000000
0.508200
0.534400
0.000000
0.042400
0.000000
0.000000
0.000000
0.530900
0.527900
0.000000
0.000000
0.000000
0.538000
0.544000
0.000000
0.000000
0.000000
0.532600
0.000000
0.545600
0.000000
0.000000
0.000000
0.000000
0.540500
0.544300
0.000000
0.540500
0.543600
0.536600
0.533000
0.000000
0.533800
0.000000
0.000000
0.544900
0.000000
0.000000
0.000000
0.000000
0.029700
0.000000
0.539100
0.536800
0.000000
0.540700
0.000000
0.000000
0.000000
0.541300
0.510300
0.000000
1.513600
0.000000
0.543100
0.034700
0.539500
0.509000
0.000000
0.034800
0.508800
0.541200
0.000000
0.000000
0.540400
0.532100
0.547900
0.507200
0.000000
0.531200
0.000000
0.549000
0.000000
0.000000
0.000000
0.000000
0.000000
0.000000
0.000000
0.000000
0.543300
0.509200
0.000000
0.000000
0.538900
0.000000
0.000000
0.531900
0.000000
0.542600
0.000000
0.000000
0.000000
0.545000
0.000000
0.000000
0.034600
0.000000
0.545500
0.000000
0.000000
0.000000
0.000000
0.000000
0.000000
0.000000
0.000000
0.544200
0.000000
0.529400
0.000000
0.000000
0.000000
0.000000
0.550200
0.000000
0.000000
1.515500
0.541000
0.000000
0.022200
0.000000
0.000000
0.000000
0.000000
0.000000
0.000000
0.000000
1.065700
0.507100
0.000000
0.551000
0.000000
0.000000
0.540900
0.000000
0.534400
0.000000
0.000000
0.000000
0.000000
0.000000
0.000000
0.000000
0.531600
0.000000
0.544500
0.000000
0.541700
0.000000
0.538600
0.000000
0.000000
0.545600
0.546700
0.000000
0.000000
0.533700
0.000000
0.000000
0.000000
0.000000
0.000000
0.534400
0.000000
0.000000
0.000000
0.000000
0.541300
0.511600
1.515700
0.000000
0.000000
0.000000
0.000000
0.507500
0.000000
0.000000
0.000000
0.000000
0.000000
0.509800
0.000000
3.181000
0.000000
0.544800
0.044200
0.000000
0.000000
0.546500
0.000000
0.033200
0.000000
0.000000
0.023900
0.542600
0.536200
0.000000
0.000000
0.000000
0.000000
0.529300
0.000000
0.000000
0.542000
0.545200
0.000000
0.541100
0.533000
0.000000
0.000000
0.000000
0.536200
0.000000
0.000000
0.000000
0.000000
0.000000
0.000000
0.000000
0.000000
0.000000
0.000000
0.509400
0.535900
0.529700
0.000000
0.000000
0.000000
0.535600
2.117600
0.533000
0.000000
0.000000
0.000000
0.000000
0.000000
0.021800
0.000000
0.526600
0.000000
0.568400
0.537700
0.000000
0.528300
0.000000
0.531900
0.533600
0.000000
0.539000
0.543800
0.550400
0.536500
0.000000
0.000000
0.000000
0.506600
0.000000
0.000000
0.535300
0.000000
0.544600
0.539900
0.543300
0.531700
0.534000
0.000000
0.507800
0.535100
0.550500
0.000000
0.529100
0.000000
0.000000
0.000000
0.543600
0.544500
0.534400
0.000000
0.000000
0.000000
0.000000
0.000000
0.000000
0.507700
0.000000
0.547600
0.000000
0.000000
0.000000
0.000000
0.538100
0.551900
0.000000
0.000000
0.000000
0.000000
0.041700
0.000000
0.000000
0.000000
0.000000
0.039700
0.000000
0.000000
0.000000
0.532800
0.000000
0.000000
0.000000
0.000000
0.000000
0.000000
0.000000
0.550300
0.000000
0.000000
0.541700
0.000000
0.000000
0.000000
0.000000
0.000000
0.027900
0.000000
0.000000
0.531200
0.000000
0.000000
0.540900
0.522400
0.531900
0.000000
0.000000
0.000000
0.000000
0.000000
0.000000
0.544200
0.000000
0.000000
0.511700
0.000000
0.000000
0.000000
0.000000
0.529700
0.000000
0.000000
0.529600
0.000000
0.000000
0.035900
0.000000
0.000000
0.508200
0.000000
0.000000
0.000000
0.536700
0.000000
0.542200
0.534700
0.000000
0.532400
0.000000
0.552000
0.534500
1.602800
0.000000
0.000000
0.000000
0.036800
0.000000
0.544800
0.506900
0.032500
0.000000
0.531800
1.091100
0.035700
0.508200
0.000000
0.000000
0.000000
0.000000
0.000000
0.030300
0.000000
0.547900
0.000000
0.000000
0.537400
0.532400
0.000000
0.000000
0.548100
0.536100
0.000000
0.039100
0.000000
0.000000
0.034000
0.000000
0.000000
0.000000
4.215800
0.000000
0.021700
0.000000
0.000000
0.000000
0.000000
0.000000
0.000000
0.586400
0.000000
0.000000
0.000000
0.000000
0.000000
0.000000
0.000000
0.000000
0.000000
0.000000
0.527500
0.551700
0.000000
0.507200
0.000000
0.000000
0.000000
0.036300
0.000000
0.681000
0.000000
0.000000
0.000000
1.050600
0.000000
0.509800
0.000000
0.000000
0.000000
0.000000
0.000000
0.000000
0.000000
0.549500
0.000000
0.000000
0.000000
0.000000
0.000000
0.000000
0.000000
0.000000
0.529100
0.000000
0.000000
0.000000
0.054000
0.000000
0.000000
0.558000
0.035400
0.548900
0.534500
0.000000
0.000000
0.000000
0.000000
0.036000
0.552900
0.000000
0.000000
0.544000
0.000000
0.032100
0.000000
0.000000
0.000000
0.606700
0.000000
0.000000
0.508200
0.034100
0.544300
0.000000
0.020200
0.000000
0.534000
0.000000
0.081400
0.000000
0.000000
0.000000
0.558500
0.548100
0.537900
0.000000
0.539100
0.000000
0.000000
0.000000
0.000000
0.000000
0.000000
0.578100
0.550300
0.506600
0.000000
0.000000
0.533800
0.000000
0.000000
0.000000
0.000000
0.000000
0.532100
0.000000
0.000000
0.000000
0.000000
0.549300
0.000000
0.000000
0.000000
0.539700
0.000000
3.698300
0.000000
0.000000
0.543100
0.559300
0.000000
0.000000
0.532400
0.000000
0.542600
0.544300
0.000000
0.533200
0.042100
0.000000
0.000000
0.000000
0.000000
0.580100
0.535500
0.000000
0.023600
0.000000
0.000000
0.000000
0.527600
0.009100
0.000000
0.000000
2.121900
0.000000
0.000000
0.000000
0.551500
0.000000
0.000000
0.033600
0.000000
0.538700
0.000000
0.000000
0.000000
0.000000
1.609900
0.533700
0.000000
0.547100
0.000000
0.000000
0.000000
0.034000
0.000000
0.000000
0.532000
0.036500
0.540100
0.529700
0.000000
0.000000
0.000000
0.000000
0.000000
0.541000
0.511300
0.000000
0.000000
0.000000
0.510700
0.000000
0.000000
0.000000
0.537900
0.561200
0.000000
0.000000
0.000000
0.000000
0.000000
0.536700
0.000000
0.000000
0.000000
0.000000
0.000000
0.507400
0.024700
0.071200
0.000000
0.546600
0.546800
0.000000
0.547800
0.546300
0.000000
0.556700
0.000000
0.534800
0.000000
0.509200
0.534100
0.000000
0.543900
0.000000
0.000000
0.000000
0.033700
0.000000
0.000000
0.000000
0.550600
0.024600
0.000000
0.000000
0.000000
0.000000
0.000000
0.541600
0.543100
0.000000
0.000000
0.000000
0.038500
0.545200
0.545300
0.000000
0.541900
0.000000
0.000000
0.539900
0.550900
0.036400
0.000000
0.000000
0.544200
0.000000
0.000000
0.571200
0.538700
0.000000
0.508600
0.000000
0.000000
0.000000
0.029400
0.528400
0.000000
0.586300
0.555400
0.506600
0.000000
0.000000
0.546200
0.000000
0.000000
0.537400
0.550500
0.000000
0.000000
0.000000
0.000000
0.000000
0.000000
0.000000
0.000000
0.000000
0.586300
0.000000
0.000000
0.509400
0.000000
0.000000
0.000000
0.548100
0.531400
0.545000
0.000000
0.539000
0.000000
0.000000
0.000000
0.000000
0.534400
0.000000
0.000000
0.536500
0.551300
0.581600
0.000000
0.000000
0.553700
0.000000
0.000000
0.530300
0.560600
0.043400
0.508700
0.000000
0.000000
0.000000
0.507100
0.000000
0.000000
0.000000
0.000000
0.000000
0.000000
0.000000
0.000000
0.542400
0.544500
0.539100
0.529300
0.000000
0.532700
0.544600
0.000000
0.000000
0.000000
0.000000
0.000000
0.000000
0.000000
0.507600
0.033500
0.000000
1.880400
0.548900
0.555800
0.000000
0.508100
0.000000
0.019800
0.000000
0.000000
0.000000
0.535300
0.000000
0.000000
0.547300
0.543800
0.541200
0.534900
0.538200
0.000000
0.000000
0.000000
0.000000
0.000000
0.000000
0.000000
0.000000
0.000000
0.000000
0.552400
0.000000
0.000000
0.000000
0.540900
0.543700
0.000000
0.000000
0.536900
0.539200
0.000000
0.506100
0.000000
0.000000
0.000000
0.000000
0.539800
0.000000
0.000000
0.000000
0.546400
0.000000
0.533400
1.054700
0.000000
0.526400
0.546200
0.547500
0.000000
0.037000
0.000000
0.000000
0.538000
0.537000
0.000000
0.000000
0.100900
0.541900
0.000000
0.023500
0.000000
0.000000
0.536500
0.000000
0.027000
0.000000
0.000000
0.000000
0.539500
0.542300
0.035300
0.034900
0.000000
0.000000
0.000000
0.538000
0.540300
0.000000
0.545100
0.000000
0.000000
0.542600
0.000000
0.000000
0.537600
0.538700
0.000000
0.000000
0.000000
0.000000
0.000000
0.000000
0.035900
0.547200
0.532900
0.527400
0.035200
0.000000
0.000000
0.000000
0.000000
0.548400
0.000000
0.534400
0.000000
0.000000
0.561400
0.000000
0.000000
0.000000
0.000000
0.000000
0.000000
0.552600
0.000000
0.000000
0.000000
0.000000
0.000000
0.033900
0.037700
0.541600
1.098200
0.554400
0.000000
0.000000
0.000000
0.525100
0.000000
0.000000
0.000000
0.000000
0.543100
0.542900
0.000000
0.000000
0.000000
0.541000
0.576100
0.000000
0.000000
0.532500
0.000000
0.534900
0.526000
0.000000
0.000000
0.531900
0.535100
0.549900
0.540600
0.544200
0.000000
0.000000
0.000000
0.000000
0.000000
0.027400
0.000000
0.000000
0.546800
0.000000
0.000000
0.000000
0.539800
0.000000
0.000000
0.000000
0.032900
0.562900
0.532700
0.531700
0.522200
0.556600
0.507500
0.000000
0.568700
0.000000
0.000000
0.564300
0.000000
0.538500
0.000000
0.000000
0.000000
0.000000
0.535200
0.000000
0.539300
0.000000
0.000000
0.551400
0.000000
0.000000
0.526900
0.541700
0.000000
0.000000
0.549000
0.530300
0.000000
0.000000
0.000000
0.000000
0.000000
0.534600
0.000000
0.000000
0.509400
0.000000
0.000000
0.000000
0.541400
0.037000
0.000000
0.000000
0.506500
0.000000
0.000000
0.545400
0.000000
0.000000
0.000000
0.558100
0.000000
0.000000
0.000000
0.530700
0.000000
0.000000
0.565000
0.550800
0.000000
0.000000
0.000000
0.000000
0.000000
2.085300
0.000000
0.000000
0.533900
0.533100
0.000000
0.000000
0.000000
0.532900
0.000000
0.565800
0.000000
0.000000
0.541300
0.000000
0.518600
0.549800
0.546000
0.508100
0.041400
0.000000
0.000000
0.000000
0.043700
0.036900
0.532300
0.000000
0.000000
0.000000
0.000000
0.000000
0.544700
0.508100
0.000000
0.000000
0.508400
0.000000
0.000000
0.000000
0.533400
0.532500
0.542700
0.547000
0.528500
0.000000
1.069300
0.000000
0.000000
0.000000
0.550800
0.527100
0.000000
0.533600
0.000000
0.000000
0.000000
0.508400
0.508100
0.000000
0.000000
0.000000
0.000000
0.000000
0.577200
0.551300
0.507000
0.000000
0.544400
0.000000
0.000000
0.043700
0.042700
0.000000
0.535000
0.000000
0.000000
0.545200
0.000000
0.000000
0.543000
0.000000
0.506400
0.546900
0.000000
0.000000
0.547100
0.545400
0.000000
0.035600
0.000000
0.000000
0.537200
0.000000
0.000000
0.000000
0.000000
0.000000
0.000000
0.029800
0.547500
0.000000
0.000000
0.000000
0.000000
0.534100
0.545200
0.000000
0.000000
0.000000
0.027300
0.531300
0.000000
0.546000
0.000000
0.000000
0.533600
0.532200
0.000000
0.000000
0.608100
0.000000
0.000000
0.538200
0.000000
0.000000
0.000000
0.000000
0.000000
0.000000
0.000000
0.000000
0.000000
0.000000
0.000000
0.000000
0.000000
0.000000
0.000000
0.541500
0.000000
0.534500
0.000000
0.000000
0.032600
0.026600
0.532900
0.534200
0.012100
0.537500
0.000000
0.544200
0.000000
0.547000
0.000000
0.000000
0.029100
0.000000
0.533000
0.000000
0.539200
0.000000
0.507900
0.000000
0.000000
0.555900
0.000000
0.000000
0.533400
0.000000
0.000000
0.000000
0.507300
0.000000
0.029500
0.000000
0.000000
0.545800
0.585000
0.000000
0.000000
0.000000
0.000000
0.551300
0.000000
0.000000
0.537600
0.000000
0.000000
0.536100
0.000000
0.506500
0.000000
0.000000
0.000000
0.000000
0.000000
0.000000
0.539400
0.000000
0.000000
0.000000
0.000000
0.000000
0.545500
0.027800
0.000000
0.000000
0.507100
0.551800
0.000000
0.536700
0.000000
0.535000
0.000000
0.544700
0.000000
0.000000
0.509800
0.000000
0.000000
0.000000
0.000000
0.000000
0.000000
0.000000
0.000000
0.538900
0.000000
0.023400
0.535100
0.000000
0.000000
0.000000
0.000000
0.000000
0.543800
0.029300
0.000000
0.555700
0.000000
0.000000
0.000000
0.033000
0.000000
0.000000
0.017900
4.232000
0.545300
0.000000
0.538500
0.508700
0.000000
0.000000
0.000000
0.000000
0.000000
0.000000
0.000000
0.547600
0.000000
0.000000
0.000000
0.000000
0.510500
0.000000
0.000000
0.544300
0.553000
0.000000
0.000000
0.000000
0.000000
0.000000
0.000000
0.000000
0.000000
0.508100
0.000000
0.542000
0.540100
0.549900
0.000000
0.552200
0.509900
0.000000
0.554100
0.538500
0.549900
0.541200
0.000000
0.000000
0.009200
0.000000
0.025400
0.000000
0.000000
0.511300
0.000000
0.536600
0.552900
0.529100
0.000000
0.536400
0.000000
0.551700
0.000000
0.000000
0.543900
0.000000
0.540100
0.541900
0.541500
0.000000
0.508700
0.543200
0.000000
0.000000
0.540900
0.000000
0.528100
0.000000
0.000000
0.000000
0.000000
0.000000
0.000000
0.529300
0.000000
0.534200
0.508500
0.000000
0.000000
0.000000
0.550400
0.549700
0.000000
0.537100
2.107500
0.528800
0.000000
0.000000
0.554300
0.000000
0.000000
0.588600
0.000000
0.539700
0.000000
0.000000
0.539000
0.000000
0.553000
0.525700
0.000000
0.000000
0.537000
0.000000
0.000000
0.000000
0.633700
0.546200
0.542100
0.025400
0.552000
0.535100
0.000000
0.000000
0.538500
0.000000
0.000000
0.000000
0.547200
0.038900
0.000000
0.000000
0.000000
0.000000
0.000000
0.539400
0.000000
0.000000
0.000000
0.000000
3.135900
0.024400
0.000000
0.000000
0.545800
0.527100
0.000000
0.507800
0.000000
0.507700
0.543300
0.571800
0.000000
0.000000
0.000000
0.557300
0.000000
0.000000
0.000000
0.000000
0.544700
0.563800
0.000000
0.540400
0.555900
0.000000
0.000000
0.000000
0.526400
0.550900
0.000000
0.000000
0.000000
0.000000
0.028900
0.000000
0.000000
0.553000
0.000000
0.000000
0.000000
0.542400
0.000000
0.531500
0.000000
0.000000
0.000000
0.545300
0.000000
0.540400
0.034500
0.000000
3.185100
0.000000
0.034600
0.536200
0.000000
0.537100
0.000000
0.551700
0.562900
0.000000
0.000000
0.000000
0.000000
0.000000
0.000000
0.530900
0.000000
0.000000
0.000000
0.546500
0.000000
0.000000
0.000000
0.568300
0.000000
0.000000
0.529600
0.000000
0.000000
0.000000
0.000000
0.000000
0.541300
0.000000
0.509700
0.559400
0.536200
0.540900
0.000000
0.000000
0.000000
0.531900
0.000000
0.000000
0.000000
0.539100
0.508500
0.544200
0.000000
0.000000
0.000000
0.541700
0.533900
0.538700
0.547000
2.048300
0.000000
0.000000
0.130500
0.000000
0.000000
0.542800
0.000000
0.545400
0.543400
0.000000
0.000000
0.536500
0.000000
0.000000
0.000000
0.000000
0.000000
0.000000
0.000000
0.512300
0.000000
0.532800
0.000000
0.538400
0.537500
0.000000
0.535800
0.568100
0.000000
0.000000
0.543000
0.000000
0.000000
0.000000
0.000000
0.545200
0.530100
0.000000
0.000000
0.543200
0.506300
0.000000
0.038800
0.532900
0.535700
0.555200
0.000000
0.000000
0.000000
0.000000
0.000000
0.000000
0.508500
0.000000
0.533300
0.606900
0.010700
0.000000
0.531400
0.000000
0.000000
0.021800
0.000000
0.506300
0.000000
0.034700
0.544900
0.000000
0.546000
0.000000
0.547500
0.039900
0.525100
0.000000
0.000000
0.536900
0.000000
0.542800
0.000000
0.532100
0.000000
0.000000
0.000000
0.041000
0.000000
0.000000
0.000000
0.534100
0.000000
0.047600
0.000000
0.000000
0.539700
0.000000
0.540300
0.000000
0.000000
0.527200
0.000000
0.000000
0.000000
0.000000
0.000000
0.535700
0.543900
0.547800
0.542700
0.031800
0.544800
0.543100
0.000000
0.000000
1.607700
0.535400
0.546800
0.549100
0.000000
0.000000
0.000000
0.544200
0.039000
0.534000
0.000000
0.000000
0.537700
0.550000
0.000000
0.000000
0.000000
0.038800
0.000000
0.031700
0.000000
0.028400
0.553400
0.000000
0.000000
0.000000
0.549900
0.036000
0.531500
0.000000
0.000000
0.000000
0.000000
0.546000
0.540900
0.000000
0.000000
0.000000
0.000000
0.531000
0.000000
0.000000
0.000000
0.000000
0.538700
0.506500
0.000000
0.000000
1.777000
0.000000
0.000000
0.000000
0.000000
0.000000
0.534200
0.000000
0.000000
0.507000
0.086200
0.000000
0.540400
0.000000
0.551000
0.000000
0.000000
0.000000
0.000000
0.000000
0.550900
0.000000
0.000000
0.000000
0.000000
0.000000
0.000000
0.000000
0.533700
0.000000
0.000000
0.000000
0.000000
0.000000
0.117900
0.536600
0.543700
0.000000
0.000000
0.000000
0.544600
0.000000
0.000000
0.000000
0.000000
0.000000
0.000000
0.000000
0.000000
0.549100
0.000000
0.000000
0.000000
0.000000
0.000000
0.536400
0.000000
0.000000
0.000000
0.532100
0.000000
0.000000
1.520100
0.000000
0.573900
0.000000
0.000000
0.000000
0.000000
0.042700
0.000000
0.000000
0.000000
0.000000
0.000000
0.000000
0.507100
0.000000
0.000000
0.000000
0.545400
2.119300
0.000000
0.023800
0.000000
0.000000
0.000000
0.000000
0.535500
0.000000
0.537300
0.000000
0.000000
0.000000
0.000000
0.000000
2.129900
0.000000
0.536500
0.583100
0.000000
0.000000
0.000000
0.000000
2.677300
0.533600
0.000000
0.000000
0.000000
0.000000
0.000000
0.545800
0.540600
0.000000
0.000000
0.000000
1.588400
0.511200
0.000000
0.000000
0.000000
0.036600
0.000000
0.551500
0.536600
0.000000
0.537100
0.000000
0.542700
0.000000
0.000000
0.542100
0.000000
0.000000
0.538500
0.000000
0.000000
2.111400
0.000000
0.000000
0.000000
0.000000
0.000000
0.000000
0.529700
0.000000
0.009800
0.000000
0.000000
0.030500
0.000000
0.000000
0.545900
0.000000
0.000000
0.000000
0.000000
0.000000
0.000000
0.008900
0.000000
0.000000
0.000000
0.000000
0.549500
0.000000
0.000000
0.000000
0.583500
0.000000
0.000000
0.000000
0.532500
0.000000
0.545200
0.559600
0.000000
0.000000
0.000000
0.000000
0.000000
0.508000
0.535900
0.536400
1.518000
0.000000
0.000000
0.529600
0.000000
0.542400
0.554900
0.000000
0.000000
0.508000
0.000000
0.000000
0.000000
0.038300
0.000000
0.000000
0.000000
0.541300
0.000000
0.000000
0.000000
0.000000
0.000000
0.000000
1.084600
0.000000
0.538800
0.000000
0.061900
0.540100
0.000000
0.030200
0.000000
0.000000
0.588000
0.000000
0.508300
0.534600
0.000000
0.000000
0.535300
0.000000
0.000000
0.536000
0.532600
0.536400
0.000000
0.000000
0.000000
0.000000
0.549300
0.000000
0.000000
0.000000
0.000000
0.000000
0.000000
0.539900
0.546800
0.605100
0.000000
1.088600
0.000000
0.000000
0.000000
0.000000
0.000000
0.000000
0.000000
0.554300
0.000000
0.540200
0.000000
0.585600
0.000000
0.559400
0.000000
0.531200
0.000000
0.510300
0.000000
0.555700
0.000000
0.531200
0.000000
0.000000
0.000000
0.000000
0.536700
0.000000
0.000000
0.000000
0.000000
0.000000
0.000000
0.000000
0.539700
0.000000
0.000000
0.000000
0.537500
0.000000
0.000000
0.000000
0.536500
0.539700
0.000000
0.532800
0.000000
0.030200
0.558800
0.508100
0.000000
0.000000
0.000000
0.532800
0.000000
0.531700
0.000000
0.000000
0.036300
0.000000
0.000000
0.509500
0.540800
0.000000
0.000000
0.000000
0.000000
0.000000
0.000000
0.000000
0.539900
0.000000
0.591600
0.000000
0.000000
0.047500
0.000000
0.538700
0.000000
0.000000
0.000000
0.000000
0.537500
0.035100
0.000000
0.035100
0.539500
0.000000
0.000000
0.572600
0.000000
0.048600
0.000000
0.000000
0.000000
0.000000
0.552400
0.000000
0.532000
0.000000
0.000000
0.532300
0.000000
0.544700
0.000000
0.547700
0.000000
0.538100
0.541900
0.000000
0.000000
0.543000
0.523400
0.000000
0.000000
0.000000
0.000000
0.000000
0.534700
1.059000
0.000000
1.602000
0.535500
0.551300
0.000000
0.000000
0.000000
0.000000
0.000000
0.000000
0.000000
0.532400
0.000000
0.534000
0.000000
0.539300
0.000000
0.000000
0.000000
0.562600
0.041200
0.000000
0.000000
0.000000
0.000000
0.000000
0.545800
0.535600
0.000000
0.000000
0.000000
0.539400
0.000000
0.000000
0.000000
0.000000
0.000000
0.527200
0.000000
0.000000
0.532600
0.534200
0.000000
0.614000
0.587800
0.546100
0.000000
0.000000
0.000000
0.000000
0.000000
0.547300
0.541100
0.000000
0.511500
0.000000
0.548100
0.000000
0.000000
0.549500
0.000000
0.000000
0.000000
0.543600
0.545200
0.551800
0.000000
0.000000
0.000000
0.536200
0.036900
0.000000
0.000000
0.000000
0.000000
0.542300
0.000000
0.000000
0.000000
0.000000
0.542500
0.000000
0.000000
0.000000
0.000000
0.000000
0.000000
0.000000
0.000000
0.000000
0.000000
0.000000
0.533900
0.000000
1.598200
0.000000
0.000000
0.000000
0.000000
0.000000
0.000000
0.000000
0.000000
0.000000
0.000000
0.000000
0.000000
0.537200
0.000000
0.000000
0.064300
0.000000
0.000000
0.000000
0.000000
0.000000
0.000000
0.000000
0.023400
0.000000
0.000000
0.000000
0.508100
1.611500
0.000000
0.000000
0.000000
0.000000
0.543400
0.000000
0.537700
0.000000
0.528400
0.546200
0.556700
0.000000
0.000000
0.546000
0.530800
0.162800
0.000000
0.000000
1.066600
0.000000
0.000000
0.000000
0.562700
0.000000
0.000000
0.000000
0.000000
0.532600
0.000000
0.010000
0.000000
0.000000
0.000000
0.000000
0.000000
0.530200
0.507800
0.632500
0.000000
0.036800
0.000000
0.539100
0.539400
0.029200
0.000000
0.533800
0.000000
0.000000
0.000000
0.000000
0.000000
0.531700
0.000000
0.000000
0.551200
0.000000
1.057300
0.000000
0.000000
0.000000
0.000000
0.559100
0.000000
0.000000
0.541800
0.000000
0.000000
0.000000
0.000000
1.517100
0.000000
0.543200
0.000000
0.000000
0.000000
0.029700
0.583000
0.000000
0.000000
0.507800
0.509300
0.532200
0.000000
0.000000
0.000000
0.533300
0.000000
0.544300
0.548400
0.549400
0.552800
0.000000
0.572700
0.545700
0.538900
0.532600
0.038100
0.000000
0.000000
0.000000
0.000000
0.000000
0.000000
0.000000
0.000000
0.000000
3.191600
0.000000
0.534000
0.550800
0.000000
0.000000
0.000000
0.000000
0.534500
0.540500
0.000000
0.000000
0.000000
0.000000
0.508000
0.000000
0.000000
0.000000
0.000000
0.000000
0.548300
0.000000
0.569200
0.000000
0.000000
0.000000
0.025400
0.000000
0.000000
0.008800
0.000000
0.000000
0.000000
0.528900
0.547100
0.000000
0.000000
0.000000
2.104100
0.000000
0.000000
0.000000
0.000000
0.000000
0.000000
0.000000
0.000000
0.508000
0.000000
0.000000
0.035500
0.000000
0.537700
0.000000
0.543100
0.541300
0.000000
0.000000
0.000000
0.000000
0.512600
0.000000
0.000000
0.535000
0.000000
0.000000
0.000000
0.539500
0.000000
0.000000
0.000000
0.000000
0.546400
0.000000
0.536200
0.547500
0.000000
0.031000
0.556900
0.035700
0.000000
0.541400
0.540300
0.000000
0.000000
0.000000
0.037400
0.000000
0.000000
0.540700
0.000000
0.000000
0.000000
0.000000
0.542000
0.531500
0.026800
0.000000
0.508900
0.000000
0.000000
0.000000
0.034600
0.000000
0.554800
0.031400
0.000000
0.543700
0.539700
0.000000
0.000000
0.000000
0.000000
0.000000
0.000000
0.000000
0.000000
0.758200
0.000000
0.000000
0.540400
0.000000
0.000000
0.000000
0.000000
0.539200
0.544900
0.000000
0.546500
0.000000
0.000000
0.539300
0.000000
0.000000
0.000000
0.528900
0.534200
0.544300
0.000000
0.589600
0.000000
0.000000
0.000000
0.547000
0.000000
0.000000
0.530900
0.000000
0.531600
0.000000
0.000000
0.000000
0.000000
0.539300
0.000000
0.000000
0.000000
0.555100
0.000000
0.000000
0.000000
0.545100
0.000000
0.000000
0.000000
0.000000
0.555400
0.000000
0.533500
0.000000
0.506800
0.000000
0.000000
0.000000
0.034500
0.534300
0.535900
0.000000
0.000000
0.000000
0.537700
0.000000
0.000000
0.000000
0.000000
0.000000
0.532000
0.000000
0.000000
1.063900
0.000000
0.000000
0.629400
0.543000
0.000000
0.000000
0.034400
0.000000
0.000000
0.000000
0.000000
0.000000
0.000000
0.000000
0.031300
0.000000
0.000000
0.000000
0.000000
0.000000
0.000000
0.542200
0.000000
0.000000
0.000000
0.000000
0.536100
0.544500
0.000000
0.000000
0.540600
0.000000
0.000000
0.545700
0.000000
0.000000
0.535300
0.000000
0.000000
0.000000
0.560400
0.000000
0.531400
0.000000
0.552800
0.000000
0.000000
0.000000
0.000000
0.000000
0.000000
0.000000
0.000000
0.031500
0.039600
0.540700
0.000000
0.000000
0.000000
1.519800
2.407000
0.000000
0.744700
0.000000
0.218300
0.544300
0.000000
0.000000
0.543100
0.739200
0.000000
0.000000
0.000000
0.000000
0.000000
0.531000
0.000000
0.000000
0.612800
0.000000
0.000000
0.000000
0.000000
0.000000
0.000000
0.000000
0.537600
0.040600
0.000000
0.104100
0.000000
3.046500
0.000000
0.000000
0.034700
0.000000
0.000000
0.532000
0.000000
0.000000
0.000000
0.000000
0.000000
0.000000
0.000000
0.541800
0.000000
0.039000
0.575500
0.000000
0.000000
0.000000
0.532900
0.000000
0.538800
0.543600
0.536200
0.000000
0.000000
0.038100
0.000000
0.000000
0.000000
0.039200
0.535900
0.000000
1.608400
0.000000
0.000000
0.538300
0.543500
0.000000
0.000000
0.000000
0.000000
0.534000
0.000000
0.524300
0.000000
0.000000
0.535300
0.000000
0.000000
0.508200
0.548200
0.542900
0.560400
0.000000
0.000000
0.000000
0.546000
0.000000
0.534400
0.532300
1.585200
0.000000
0.534800
0.000000
0.000000
0.000000
0.000000
0.041800
0.564500
0.000000
0.042800
0.000000
0.544300
0.046400
0.000000
0.000000
0.000000
0.542200
0.000000
0.548200
0.533900
0.000000
0.534500
0.000000
0.000000
0.580500
0.000000
0.000000
0.000000
0.000000
0.545400
0.000000
0.000000
0.000000
0.541800
0.559300
0.000000
2.099500
0.000000
0.000000
0.543300
0.000000
0.000000
0.509200
0.539900
0.026900
0.546900
0.000000
0.000000
0.000000
0.529400
0.558100
0.000000
0.000000
0.000000
0.000000
0.538700
0.000000
0.605900
0.000000
0.000000
0.000000
0.532000
0.530300
0.537900
0.543300
0.508000
0.000000
0.548100
0.000000
0.000000
0.000000
0.000000
0.000000
0.000000
0.000000
0.055000
0.000000
0.552600
0.000000
0.000000
0.533700
0.000000
0.000000
0.000000
0.000000
0.541600
0.507300
0.000000
0.541600
0.000000
0.027600
0.544400
0.000000
0.547100
0.529100
0.038400
0.000000
0.532900
0.000000
0.532600
0.509800
0.000000
0.525700
0.000000
0.000000
0.000000
0.037500
0.557700
0.536800
0.000000
0.000000
0.000000
0.010200
0.000000
0.547100
0.000000
0.000000
0.546500
0.000000
0.000000
0.000000
0.000000
0.000000
0.558900
0.000000
0.000000
0.000000
0.542600
0.000000
0.000000
0.000000
0.000000
0.534200
0.000000
0.000000
0.000000
0.000000
0.000000
0.000000
0.000000
0.000000
0.000000
0.000000
0.533400
0.000000
0.540700
0.533800
0.000000
0.533600
0.000000
0.529700
0.000000
0.000000
0.000000
0.098200
0.000000
0.000000
0.035600
0.536500
0.000000
0.000000
0.000000
0.000000
0.000000
0.532700
0.529400
0.000000
0.000000
0.000000
0.541600
0.511100
0.000000
0.541800
0.544100
0.000000
0.536400
0.535200
0.000000
0.000000
0.000000
3.150500
0.000000
0.000000
0.533900
0.000000
0.553700
0.022900
0.000000
0.000000
0.000000
0.000000
0.000000
0.547600
0.000000
0.000000
0.537100
0.000000
0.000000
0.000000
0.000000
0.000000
0.000000
0.000000
0.000000
0.540700
0.000000
0.000000
0.000000
0.553600
0.000000
0.000000
0.000000
0.536600
0.000000
0.000000
0.000000
0.000000
0.000000
0.000000
0.000000
0.000000
0.000000
0.000000
1.080800
0.517700
0.000000
0.000000
0.518900
0.000000
0.543800
0.553200
0.531900
0.000000
0.000000
0.000000
0.533700
0.000000
0.000000
0.539100
0.000000
0.000000
0.555600
0.000000
0.534000
0.000000
0.000000
0.000000
0.000000
0.562000
0.544300
0.000000
0.000000
0.000000
0.000000
0.000000
0.000000
0.507300
0.000000
0.000000
0.510200
0.000000
0.038500
0.000000
0.000000
0.000000
0.000000
0.000000
0.000000
0.000000
0.000000
0.000000
0.000000
0.537300
0.000000
0.000000
0.000000
0.000000
0.000000
0.000000
0.545900
0.000000
0.000000
0.000000
0.000000
0.534500
0.000000
0.000000
0.000000
0.000000
0.523300
0.000000
0.508500
0.000000
0.000000
0.549000
0.000000
0.000000
0.000000
0.000000
0.000000
0.543800
0.000000
0.508400
0.533100
0.000000
0.531900
0.539200
0.541700
0.000000
0.000000
0.000000
0.000000
0.000000
0.000000
0.530000
0.000000
0.000000
0.539000
0.000000
0.000000
0.535600
0.000000
0.000000
0.000000
0.000000
0.000000
0.000000
0.000000
0.000000
0.000000
2.063100
0.000000
0.546600
0.545200
0.000000
0.000000
0.000000
0.000000
0.000000
0.538000
0.000000
0.042300
0.544400
0.000000
0.000000
0.034800
0.024300
0.000000
0.000000
0.000000
0.078900
0.529400
0.000000
0.000000
0.530700
0.000000
0.000000
0.000000
0.000000
0.066800
0.000000
0.536000
0.000000
0.538100
0.554500
0.000000
0.000000
0.000000
0.545300
4.219700
0.000000
0.000000
0.000000
0.545100
0.000000
0.000000
0.000000
0.560000
0.000000
0.535400
0.000000
0.000000
0.000000
0.543300
0.507800
0.000000
0.000000
0.000000
0.000000
0.044000
0.000000
0.000000
0.543500
0.000000
0.000000
0.000000
0.542800
0.000000
0.572000
0.522400
0.000000
0.000000
0.044100
0.000000
0.527400
0.000000
0.000000
0.000000
0.531900
0.532700
0.529300
0.507700
0.000000
0.000000
0.509700
0.000000
0.000000
0.584800
0.507100
0.000000
0.527000
0.000000
0.000000
0.000000
0.534400
0.000000
0.000000
0.000000
0.533500
0.507100
0.000000
0.000000
0.000000
0.000000
0.507100
0.507500
0.000000
0.000000
0.000000
0.507900
0.000000
0.507600
0.529500
0.000000
0.549600
0.046800
2.706100
0.000000
0.000000
0.546100
0.506800
0.539700
0.000000
0.000000
0.000000
0.284900
0.000000
0.000000
0.525100
0.550600
0.000000
1.098100
0.000000
0.547700
9.649700
0.000000
0.545100
2.141100
0.527300
0.535900
0.508100
0.520200
0.580400
0.554100
0.538400
0.145500
0.531100
0.533000
0.540400
0.000000
0.522800
0.507900
0.542800
0.000000
0.552400
0.062600
0.559100
0.532800
0.000000
0.000000
0.000000
1.084900
0.550900
0.036200
0.531500
0.000000
0.000000
0.543100
0.000000
0.000000
0.000000
0.000000
0.525900
0.000000
0.000000
0.000000
2.136400
0.038400
0.529200
0.000000
0.548500
0.508700
0.000000
0.542700
0.000000
0.508900
0.000000
0.000000
0.516800
0.000000
0.000000
0.542400
0.000000
0.000000
0.000000
0.000000
0.000000
0.000000
0.000000
0.000000
2.134700
0.000000
0.000000
0.000000
0.000000
0.584600
0.000000
0.000000
0.000000
0.000000
0.000000
0.548100
0.000000
0.543700
0.535200
0.528400
0.000000
0.000000
0.010100
0.543200
0.508300
0.000000
0.544200
0.000000
0.543500
0.552000
0.000000
0.000000
0.000000
0.507800
0.000000
0.000000
0.000000
0.540800
0.000000
0.000000
0.000000
0.000000
0.000000
0.000000
0.000000
0.540600
0.000000
0.000000
0.000000
0.542400
0.000000
0.573700
0.000000
0.000000
0.000000
0.000000
0.000000
0.000000
0.000000
0.000000
0.000000
0.000000
0.000000
0.536100
0.510400
0.543700
0.539600
0.542000
0.047000
0.000000
0.000000
0.000000
0.538400
0.051300
0.000000
0.538200
0.000000
0.535900
0.540400
0.000000
0.000000
0.555000
0.000000
0.534100
0.000000
0.000000
0.000000
0.000000
0.000000
0.540600
0.000000
0.535400
0.546000
0.000000
0.000000
0.000000
0.529600
0.545900
0.000000
0.546600
0.000000
0.000000
0.545900
0.000000
0.000000
0.000000
0.546000
0.000000
0.000000
0.000000
0.000000
0.000000
0.000000
0.000000
0.000000
0.000000
0.569900
0.000000
0.530400
0.000000
0.000000
0.000000
0.508300
0.543800
0.000000
0.000000
0.046600
0.000000
0.537900
0.000000
0.534000
0.000000
0.548600
0.546600
0.000000
0.549900
0.000000
0.000000
0.545500
0.000000
0.000000
0.551800
0.549000
0.000000
0.000000
0.186200
0.000000
0.000000
0.000000
0.000000
0.000000
0.509200
0.000000
0.533100
0.530600
0.531800
0.000000
0.000000
0.530000
0.575800
0.538200
0.000000
0.000000
0.000000
0.532700
0.000000
0.000000
0.530700
3.205600
0.000000
0.546800
0.000000
0.547000
3.208200
0.539100
0.000000
0.000000
0.547600
0.000000
0.000000
0.000000
0.000000
0.531400
0.538800
0.507400
0.000000
0.000000
0.000000
0.623300
0.000000
0.507500
0.000000
0.539300
0.530100
3.698500
0.000000
0.000000
0.532900
0.000000
0.000000
0.000000
0.000000
0.000000
0.534900
0.507600
0.531500
0.000000
0.508800
0.000000
0.506700
0.000000
0.000000
0.000000
0.000000
0.000000
0.508000
0.000000
0.529600
0.000000
0.000000
0.000000
0.549200
0.529500
0.000000
0.000000
0.000000
0.544800
0.000000
0.000000
0.000000
0.000000
0.000000
0.531500
0.000000
0.000000
0.032900
0.546700
0.000000
0.541600
0.506900
0.547600
0.000000
0.577600
0.546900
0.535500
0.000000
0.000000
0.024600
0.000000
0.000000
0.000000
0.549800
0.573400
0.547900
0.000000
0.000000
0.000000
0.000000
0.543600
0.000000
0.000000
0.540300
0.000000
0.000000
0.509900
0.552200
0.000000
0.000000
0.000000
0.000000
0.000000
0.000000
0.000000
0.000000
0.000000
0.544000
0.544600
0.043800
0.043500
0.000000
0.571100
1.058000
0.000000
0.000000
0.547300
0.000000
0.000000
0.000000
0.000000
0.000000
0.000000
0.000000
0.534000
0.000000
0.000000
0.000000
0.528300
0.000000
0.000000
0.000000
0.538600
0.000000
0.579000
0.543900
3.971500
0.549100
0.000000
0.000000
0.578700
0.544800
0.542400
0.000000
0.021000
0.000000
0.535100
0.553300
0.000000
0.000000
0.533900
0.543800
0.000000
0.541800
0.008800
3.137900
0.000000
0.000000
0.000000
0.000000
0.532200
0.000000
0.000000
0.000000
2.113000
0.000000
0.000000
0.000000
0.000000
1.586700
0.000000
0.533000
0.000000
0.000000
0.000000
1.062200
0.000000
0.507500
0.000000
0.000000
0.000000
0.547900
0.000000
0.000000
0.021400
0.551600
0.592300
0.000000
0.000000
0.000000
0.000000
0.551000
0.549100
0.000000
0.000000
0.000000
0.559200
0.000000
0.000000
0.000000
0.000000
0.000000
0.000000
0.544100
0.000000
0.000000
0.539200
0.000000
0.534800
0.000000
0.000000
0.000000
0.000000
0.000000
0.000000
0.509600
0.579000
0.000000
0.544300
0.000000
0.537800
0.000000
0.000000
0.000000
0.540400
0.535800
0.000000
0.000000
0.000000
0.547100
0.000000
0.000000
0.000000
0.000000
0.034400
0.000000
0.535600
0.000000
0.532900
0.000000
0.000000
0.000000
0.000000
0.507200
0.000000
0.000000
0.000000
0.000000
0.000000
0.542600
0.000000
0.522900
0.000000
0.000000
0.000000
0.000000
0.544000
0.000000
0.544900
0.000000
0.545100
0.000000
0.510400
0.000000
0.000000
0.000000
0.000000
0.000000
0.534500
0.533800
0.000000
0.032200
0.542300
0.000000
0.000000
0.508900
0.540700
0.000000
0.000000
0.545200
0.000000
0.548300
0.000000
0.000000
0.000000
0.000000
0.507400
0.000000
0.000000
0.000000
0.507900
0.000000
0.000000
0.000000
0.000000
0.000000
0.000000
0.508800
0.041900
0.000000
0.000000
3.147900
0.000000
0.000000
0.000000
0.000000
3.279700
0.000000
0.000000
2.133000
0.000000
0.000000
0.000000
0.031400
0.000000
0.000000
0.000000
1.077900
0.000000
0.000000
0.000000
0.000000
0.000000
0.000000
0.000000
0.000000
1.051400
0.000000
0.000000
0.000000
0.000000
0.551500
0.000000
0.000000
0.000000
0.539600
0.539700
0.000000
0.542300
0.000000
0.000000
0.000000
0.000000
0.545500
0.000000
0.000000
0.000000
0.075300
0.000000
0.509400
0.508900
0.532900
0.528500
0.532400
0.538700
0.000000
0.000000
0.000000
0.000000
0.000000
0.507700
0.000000
0.000000
0.000000
0.000000
0.000000
0.000000
0.529100
0.041100
0.542700
1.599700
0.000000
0.542300
0.000000
0.000000
0.544400
0.000000
0.538400
0.527600
0.543800
0.545400
0.542800
0.000000
0.000000
0.505800
0.537900
0.000000
0.506700
0.578100
0.000000
0.540300
0.000000
0.000000
0.000000
0.029500
1.053400
0.000000
0.086800
0.000000
0.508400
0.000000
0.000000
0.000000
0.000000
0.543100
0.000000
0.550900
0.538100
0.000000
0.000000
0.000000
0.526300
0.000000
0.000000
0.000000
0.000000
0.000000
0.000000
0.000000
0.559500
0.564200
0.000000
0.000000
0.000000
0.000000
0.000000
0.539400
0.000000
0.511200
0.000000
0.000000
0.000000
0.546500
0.000000
0.000000
0.532700
0.000000
0.033000
0.533600
0.546400
0.530200
0.000000
0.000000
0.506800
0.000000
0.000000
0.530400
0.535300
0.000000
0.000000
0.000000
0.000000
0.550400
0.000000
0.000000
0.000000
0.000000
0.507800
0.000000
0.538700
0.550800
0.511400
0.000000
0.544800
0.000000
0.000000
0.000000
0.000000
0.000000
0.000000
0.000000
0.000000
0.000000
0.000000
0.542000
0.000000
0.000000
0.592000
0.000000
0.000000
0.000000
0.546500
0.000000
0.000000
0.000000
0.532500
0.531900
0.000000
0.000000
0.539100
0.000000
0.000000
0.000000
0.000000
0.000000
0.000000
0.541600
0.000000
0.000000
0.000000
0.000000
0.000000
0.000000
0.000000
0.545600
0.000000
0.000000
0.000000
0.542600
0.508800
0.000000
0.516200
0.000000
0.000000
0.000000
0.000000
0.000000
0.508800
0.530900
0.000000
0.000000
0.546100
0.528400
0.531500
0.000000
0.019700
0.539100
0.542300
0.000000
0.551100
0.000000
0.000000
0.538200
0.000000
0.541300
0.000000
0.000000
0.000000
0.000000
0.540900
0.544500
0.000000
0.000000
0.000000
0.541100
0.000000
0.000000
0.000000
0.000000
0.000000
0.000000
0.530600
0.551000
0.000000
2.106100
0.000000
0.000000
0.000000
0.000000
0.000000
0.549200
0.000000
0.000000
0.000000
0.000000
0.531200
0.000000
0.000000
1.062500
0.000000
0.000000
0.530800
0.000000
0.000000
0.000000
0.000000
0.000000
0.000000
0.536800
0.000000
0.000000
0.000000
0.000000
0.000000
0.000000
0.000000
0.000000
0.000000
0.000000
0.000000
0.000000
0.000000
0.553100
0.546300
0.000000
0.000000
0.000000
0.000000
0.000000
0.000000
0.533100
0.000000
0.000000
0.510600
0.000000
0.000000
0.000000
0.000000
0.000000
0.000000
0.000000
0.548100
0.000000
0.000000
0.508200
0.000000
0.534900
0.000000
0.000000
0.547400
0.530800
0.000000
0.000000
0.000000
0.534600
0.535700
0.000000
0.509100
0.000000
0.000000
0.549900
0.026600
0.000000
0.000000
0.000000
0.000000
0.000000
0.000000
0.000000
2.099900
0.000000
0.000000
0.000000
0.000000
0.000000
0.000000
0.000000
0.000000
0.000000
0.532600
0.000000
0.000000
0.000000
0.000000
0.535300
0.552500
0.000000
0.000000
0.000000
0.000000
0.036000
0.536100
0.541800
0.000000
0.000000
0.000000
0.000000
0.000000
0.045800
0.000000
0.000000
0.540200
0.000000
0.000000
0.000000
0.022200
0.000000
0.536400
4.467100
0.000000
0.000000
0.000000
0.000000
0.000000
0.000000
0.000000
0.516700
0.000000
0.042900
0.556000
0.000000
0.000000
0.000000
0.000000
0.541800
0.531100
0.000000
0.000000
0.000000
0.541800
0.000000
0.555600
0.000000
0.000000
0.551900
0.000000
0.000000
0.531900
0.594900
2.136400
0.538900
0.000000
0.000000
0.000000
0.557300
0.543800
0.000000
0.000000
0.000000
0.000000
0.000000
0.531700
0.533100
0.547100
0.000000
0.000000
0.000000
0.000000
0.000000
0.000000
0.000000
0.000000
0.000000
0.000000
0.000000
0.000000
0.527800
0.539600
0.000000
0.000000
0.539000
0.000000
0.000000
0.534100
0.000000
0.000000
0.545600
0.000000
0.000000
0.000000
0.000000
0.000000
0.000000
0.543900
0.000000
0.534800
0.000000
0.000000
0.509900
0.000000
0.000000
0.000000
0.509300
0.506600
0.000000
0.545700
0.000000
0.558700
0.000000
0.557700
0.000000
0.000000
0.000000
1.516600
0.000000
0.000000
0.038200
0.536100
0.000000
0.000000
0.000000
0.000000
0.000000
0.000000
0.000000
0.000000
0.000000
0.000000
0.000000
0.000000
0.509500
0.000000
0.000000
0.000000
0.555600
0.574100
0.000000
0.000000
0.000000
0.520600
0.527700
0.000000
0.545400
0.532400
0.537400
0.000000
0.000000
0.000000
0.000000
0.535400
0.000000
0.000000
0.000000
0.530100
0.535800
0.000000
0.000000
0.544800
0.510800
0.000000
0.000000
0.000000
0.000000
0.000000
0.000000
0.000000
0.029800
0.540100
0.540500
0.547100
0.000000
0.000000
0.509500
0.134000
0.000000
0.000000
0.512300
0.000000
0.000000
0.000000
0.000000
0.000000
0.535900
0.000000
0.545600
0.000000
0.000000
0.000000
0.000000
0.000000
0.000000
0.000000
0.535600
0.537700
0.000000
0.541800
0.000000
2.134300
0.000000
0.000000
0.531600
0.000000
0.000000
0.000000
0.546600
0.000000
0.549700
0.000000
0.566900
0.000000
0.588700
0.536400
0.000000
0.000000
0.000000
0.000000
0.532100
0.000000
0.537800
0.000000
0.000000
0.000000
0.034200
0.000000
0.023400
0.000000
0.000000
0.000000
0.000000
0.000000
0.000000
0.000000
0.548600
0.529800
0.000000
0.000000
0.000000
0.000000
0.000000
0.000000
0.000000
0.527300
0.544200
0.000000
0.000000
0.000000
0.547700
0.540700
0.524900
0.036000
0.036100
0.000000
0.000000
0.000000
0.000000
0.000000
0.000000
0.000000
0.000000
0.000000
0.000000
0.000000
0.000000
0.000000
0.000000
0.510300
0.000000
0.549400
0.000000
0.549600
0.000000
0.541100
0.000000
0.534600
0.536000
0.536500
0.000000
0.000000
0.000000
0.000000
0.519800
0.000000
0.000000
0.000000
0.000000
0.000000
0.000000
0.000000
0.000000
0.000000
0.000000
0.000000
0.532500
0.000000
0.000000
0.546700
0.510100
0.000000
0.000000
0.541900
0.000000
0.000000
0.000000
0.000000
0.000000
0.571900
0.000000
0.509100
0.529200
0.000000
0.000000
0.546300
0.000000
0.000000
1.071000
0.543100
0.000000
0.555900
0.542300
0.534100
0.000000
0.000000
0.539800
0.000000
2.826600
0.025400
0.000000
0.000000
0.532200
0.541000
0.000000
0.533300
0.000000
0.572700
0.545000
0.000000
0.000000
0.000000
0.000000
0.000000
0.528400
0.000000
0.000000
0.000000
0.000000
0.000000
0.000000
0.000000
0.000000
0.560800
0.000000
0.511300
0.000000
0.000000
0.000000
0.000000
0.000000
0.000000
0.000000
0.000000
0.000000
0.000000
0.000000
0.546200
0.000000
0.000000
0.000000
0.539900
0.000000
0.000000
0.518600
0.000000
0.000000
0.000000
0.000000
0.000000
0.000000
0.507800
0.000000
0.000000
0.000000
0.000000
0.542800
0.000000
0.000000
0.543100
0.000000
0.000000
0.000000
0.000000
0.000000
0.000000
0.534800
0.530400
0.000000
0.000000
0.000000
0.534900
0.537000
0.000000
0.000000
0.536200
0.000000
0.000000
0.000000
0.000000
0.000000
0.000000
0.000000
0.000000
0.000000
0.000000
0.544600
0.000000
0.000000
0.000000
0.000000
0.000000
0.143700
1.588200
0.000000
0.000000
0.000000
0.000000
0.000000
0.000000
0.549200
0.000000
1.311200
0.000000
0.000000
0.000000
0.000000
0.000000
0.526200
0.000000
0.000000
0.000000
0.546600
0.000000
0.000000
0.000000
0.000000
0.000000
0.000000
0.000000
0.000000
0.000000
0.000000
0.000000
0.000000
0.541700
0.539800
0.000000
0.000000
0.539100
0.551600
0.000000
0.000000
0.547300
0.000000
0.000000
0.534800
0.000000
0.000000
0.000000
0.000000
0.000000
0.000000
0.000000
0.000000
0.000000
0.000000
0.508200
0.000000
0.000000
0.000000
0.545700
0.000000
0.000000
0.000000
0.000000
0.000000
0.000000
0.508600
0.000000
0.000000
0.000000
0.508700
0.530400
0.000000
0.618400
0.000000
0.000000
0.000000
0.000000
0.543200
0.000000
0.000000
0.000000
0.000000
0.550600
0.000000
0.000000
0.000000
0.000000
0.000000
0.539800
0.000000
0.000000
0.000000
0.000000
0.000000
0.000000
0.044800
0.035100
0.000000
0.541600
0.533500
0.000000
0.507200
0.000000
0.000000
0.537000
0.000000
0.533200
0.574400
0.000000
0.000000
0.000000
0.544800
0.000000
0.555800
0.000000
2.147800
0.533400
0.000000
0.510300
0.000000
0.000000
0.540400
0.000000
0.508600
0.146200
0.000000
0.000000
0.000000
0.540800
0.535500
0.539900
0.551800
0.000000
0.540300
0.538900
0.540400
0.000000
0.000000
0.000000
0.542100
0.000000
0.000000
0.506600
0.549200
0.000000
0.000000
0.000000
0.000000
0.000000
0.000000
0.541800
0.000000
0.000000
0.000000
0.000000
0.000000
0.574400
0.549100
0.543800
0.000000
0.000000
0.537400
0.509200
0.000000
0.023100
0.000000
0.000000
0.000000
0.000000
0.542200
0.538100
0.541300
0.000000
0.511600
0.539000
0.000000
0.531200
0.000000
0.000000
0.573400
0.537800
0.000000
0.000000
0.000000
0.000000
0.537500
0.000000
0.510200
0.000000
0.000000
0.000000
0.539300
0.000000
0.000000
0.000000
0.000000
0.000000
0.000000
0.000000
0.000000
0.000000
0.000000
0.000000
0.000000
0.531700
0.000000
0.000000
0.541900
0.535800
0.000000
0.000000
0.000000
0.544200
0.528900
0.531800
0.000000
0.000000
0.000000
0.000000
0.000000
0.027200
0.545300
0.000000
0.534700
0.000000
0.000000
0.000000
0.537900
0.000000
0.000000
0.509300
0.542100
0.000000
0.000000
0.000000
0.044300
0.000000
0.000000
0.000000
0.000000
0.000000
0.000000
0.000000
0.529000
0.000000
0.000000
0.000000
0.000000
0.000000
0.000000
0.000000
0.000000
0.000000
0.000000
0.000000
0.000000
0.000000
0.000000
0.000000
0.000000
0.000000
0.573200
0.000000
0.000000
0.000000
0.000000
0.000000
0.000000
0.000000
0.537600
0.000000
0.000000
0.000000
0.000000
0.000000
1.068500
0.000000
0.000000
0.000000
0.629400
0.000000
0.000000
0.542100
0.000000
0.506500
0.000000
0.000000
0.035700
0.000000
0.540700
0.508100
0.533400
0.000000
0.000000
0.000000
0.000000
0.000000
0.000000
0.000000
0.000000
0.540000
0.539600
0.534300
0.528200
0.000000
0.000000
0.537200
0.000000
0.000000
0.000000
0.000000
0.000000
0.541600
0.000000
0.000000
0.000000
0.040900
0.000000
0.000000
0.000000
0.000000
0.025000
0.000000
0.000000
0.538400
0.000000
0.000000
0.508500
0.040600
0.000000
0.000000
0.000000
0.532600
0.543300
0.000000
0.000000
0.544700
0.000000
0.000000
0.539500
0.000000
0.022300
0.550700
0.000000
0.000000
0.000000
0.000000
0.506500
0.000000
0.528000
0.024800
0.547900
0.000000
0.508100
0.000000
0.000000
0.000000
0.541500
0.000000
0.000000
0.000000
0.000000
0.556300
0.000000
0.536200
0.000000
0.000000
0.000000
0.000000
0.538200
0.000000
0.000000
0.000000
0.548100
0.000000
0.000000
0.000000
0.529200
0.000000
0.000000
0.000000
0.000000
0.000000
0.000000
0.030700
0.000000
0.000000
0.000000
0.000000
0.000000
0.000000
0.000000
0.000000
0.000000
0.533000
0.000000
0.040500
0.548000
0.537900
0.000000
0.632200
0.000000
0.537400
0.000000
0.507100
0.000000
0.000000
0.000000
0.000000
0.000000
0.531900
0.000000
0.000000
0.000000
1.066100
0.000000
0.000000
0.000000
0.534900
0.537900
0.184600
0.529000
0.000000
0.511100
0.000000
0.000000
3.150100
0.000000
0.000000
0.029100
0.021600
0.507800
0.000000
0.534600
0.000000
0.000000
0.000000
0.000000
0.536800
0.000000
0.000000
0.000000
0.581300
0.000000
0.570300
0.000000
0.544000
0.529600
0.000000
0.000000
0.000000
0.537200
0.523400
0.549200
0.000000
0.547500
0.555700
0.000000
0.000000
0.509100
0.000000
0.000000
0.508200
0.544500
0.024200
0.000000
0.000000
0.000000
0.000000
0.534400
0.000000
0.508600
0.000000
0.539100
0.538500
0.000000
0.000000
0.000000
0.042500
0.000000
0.000000
0.000000
0.550800
0.000000
0.538300
0.000000
0.000000
0.000000
0.000000
0.528700
0.000000
0.000000
0.018700
0.000000
0.000000
0.506400
0.000000
0.000000
0.537200
0.000000
0.000000
0.000000
0.000000
0.000000
0.000000
0.506100
0.543300
0.551700
0.000000
0.000000
0.000000
0.538500
0.000000
0.000000
0.510900
0.000000
0.509500
0.000000
0.546400
0.000000
0.000000
0.000000
0.000000
0.000000
0.000000
0.599900
0.000000
0.000000
0.509900
0.000000
0.506800
0.000000
0.000000
0.000000
0.000000
0.000000
0.000000
0.000000
0.000000
0.000000
0.000000
0.000000
0.000000
0.000000
0.000000
0.537400
0.000000
0.000000
0.000000
0.000000
0.000000
0.000000
0.000000
0.000000
0.540600
0.000000
0.543300
0.000000
0.000000
3.167800
0.000000
0.000000
0.000000
0.000000
0.000000
0.000000
0.000000
0.539300
0.533900
0.000000
0.000000
0.000000
0.000000
0.543100
0.000000
0.000000
0.000000
0.000000
0.525000
0.534000
0.000000
0.000000
0.000000
0.000000
0.546800
0.000000
0.000000
0.000000
1.066500
0.000000
0.000000
0.627300
0.540100
0.557400
0.000000
0.534700
0.049100
0.000000
0.000000
0.000000
0.000000
0.000000
0.000000
0.000000
0.535300
0.606800
0.000000
0.000000
0.530500
0.008600
6.154700
1.596000
0.000000
0.000000
0.000000
0.541100
0.000000
0.000000
0.530800
0.549300
0.000000
0.000000
0.000000
0.000000
0.000000
0.000000
0.537500
0.000000
0.000000
0.024400
0.000000
0.541300
0.000000
0.000000
0.000000
0.000000
0.539200
0.000000
0.000000
0.538700
0.000000
0.000000
0.000000
0.000000
0.000000
0.000000
0.000000
0.075700
0.000000
0.000000
0.000000
0.000000
0.541900
0.000000
0.508100
0.000000
0.531000
0.000000
0.000000
0.000000
0.539000
0.000000
0.000000
0.000000
0.038300
0.546600
0.000000
0.035200
0.000000
0.528000
0.000000
0.000000
0.000000
0.151800
0.532000
0.000000
0.000000
0.533000
0.000000
0.000000
0.538800
0.000000
0.000000
0.000000
0.000000
0.000000
0.000000
0.000000
0.000000
0.000000
0.000000
0.000000
0.000000
0.000000
0.000000
0.000000
0.000000
0.583000
0.000000
0.000000
0.000000
0.000000
0.000000
0.000000
0.539800
0.000000
0.539400
0.544200
0.000000
0.509300
0.000000
0.000000
0.000000
2.121400
0.000000
0.564900
0.000000
0.000000
0.546400
0.000000
0.000000
0.000000
0.544400
0.000000
0.000000
0.000000
0.000000
0.000000
0.104800
0.541300
0.000000
0.000000
0.000000
0.000000
0.000000
0.000000
0.000000
0.000000
0.000000
0.534400
0.000000
0.000000
0.000000
0.546700
0.544600
0.000000
0.000000
0.537700
0.000000
0.000000
0.000000
0.000000
0.000000
0.000000
0.000000
0.545500
0.508400
0.000000
0.547900
0.000000
0.000000
0.534600
3.173200
0.000000
0.000000
0.000000
0.000000
0.000000
0.000000
0.000000
0.000000
0.538600
0.535400
0.000000
0.000000
0.531800
0.000000
0.554000
0.000000
0.000000
0.559400
0.538800
0.000000
0.547100
0.537100
0.531100
0.545800
0.533600
0.000000
0.000000
0.000000
0.000000
0.000000
0.000000
0.541400
0.000000
0.000000
0.000000
0.000000
0.544400
0.000000
0.000000
0.000000
0.000000
0.000000
0.000000
0.000000
0.045100
0.000000
0.000000
0.000000
0.000000
0.552700
0.533300
0.000000
0.000000
0.000000
0.000000
0.028100
0.000000
0.540200
0.000000
0.000000
0.000000
0.531200
0.000000
0.000000
0.000000
0.508200
0.000000
0.549400
0.000000
0.000000
0.035500
0.000000
0.000000
0.625200
0.541700
0.508700
0.000000
0.548800
0.000000
0.000000
0.000000
0.000000
0.000000
0.542100
0.586400
0.000000
0.000000
0.000000
0.000000
0.000000
0.000000
0.000000
0.000000
0.542800
0.000000
0.000000
0.000000
0.000000
0.000000
0.000000
0.539100
0.000000
0.000000
0.000000
0.533100
0.543600
0.000000
0.000000
0.000000
0.142800
0.000000
0.000000
0.000000
0.000000
0.000000
0.000000
0.000000
0.000000
0.000000
0.000000
0.000000
0.055700
0.545700
0.000000
0.541600
0.576100
0.000000
0.535100
0.000000
0.000000
0.000000
0.000000
0.000000
0.000000
0.540100
0.000000
0.000000
0.538600
0.000000
0.031400
0.538600
0.000000
0.000000
0.000000
0.036100
0.000000
0.000000
0.000000
0.540100
0.000000
0.524200
0.000000
0.046000
0.535700
0.000000
0.541700
0.000000
0.000000
0.551600
0.000000
0.000000
0.000000
0.586000
0.000000
0.000000
0.000000
0.000000
0.074300
0.000000
3.673100
0.539900
0.549200
0.000000
0.000000
0.000000
3.176900
0.000000
0.527200
0.000000
1.515900
0.000000
0.000000
0.000000
0.039400
0.545400
0.533500
0.000000
0.532700
0.000000
0.000000
0.543500
0.533500
0.000000
0.037900
0.000000
0.023500
0.537700
0.000000
0.552900
0.000000
0.000000
0.000000
0.000000
0.000000
0.000000
0.031500
0.000000
0.000000
0.541900
0.000000
0.544500
0.000000
0.541800
0.000000
0.552200
0.533700
0.000000
0.000000
0.000000
0.535500
0.000000
0.000000
0.000000
0.528100
0.535000
0.531000
0.000000
0.535800
0.533100
2.136400
0.000000
0.000000
0.000000
1.078700
0.000000
0.000000
0.538200
0.546300
0.000000
0.000000
0.029200
0.000000
0.000000
0.000000
0.000000
0.000000
0.027700
0.000000
0.000000
0.000000
0.000000
0.000000
0.530700
0.000000
0.000000
0.509000
0.508800
0.534300
0.000000
0.000000
0.542500
0.584000
0.532100
0.000000
0.000000
0.000000
0.544900
0.000000
0.000000
0.017700
0.000000
0.552900
0.000000
0.000000
0.508600
0.000000
0.000000
0.000000
0.000000
0.000000
0.000000
0.544300
0.528800
0.532000
0.000000
0.000000
0.000000
0.000000
0.000000
0.000000
0.000000
0.527600
0.507000
0.000000
0.000000
1.610700
0.035700
0.032400
0.000000
0.000000
0.000000
0.000000
0.534000
0.000000
0.000000
0.071400
0.545300
0.000000
0.542500
0.068800
0.551300
0.000000
0.000000
0.000000
0.145300
0.537600
0.000000
0.506300
0.000000
0.000000
0.000000
0.000000
0.000000
0.000000
0.558900
0.543400
0.548000
0.000000
0.531100
0.000000
0.000000
0.026500
0.000000
0.000000
0.000000
19.541700
0.689000
0.541200
0.000000
0.000000
0.553600
0.536800
0.025700
0.000000
0.000000
0.547600
0.506900
0.000000
0.000000
5.053000
0.000000
0.000000
0.000000
0.000000
0.000000
0.548800
0.083900
0.000000
0.038500
0.028700
0.562100
0.536800
0.534800
0.000000
0.531500
0.000000
0.000000
0.000000
0.000000
0.000000
0.000000
0.000000
0.508300
0.000000
0.510100
0.000000
0.000000
0.000000
0.541800
0.000000
0.000000
0.000000
0.024200
0.535200
0.540100
0.000000
0.536400
0.535700
0.529400
0.000000
0.000000
0.000000
0.000000
0.009600
0.000000
0.537500
0.537500
0.000000
0.000000
0.000000
0.000000
0.000000
0.000000
0.032300
0.000000
0.000000
0.000000
0.000000
0.000000
0.506500
0.000000
0.000000
0.000000
0.549200
0.544600
0.545400
0.000000
0.000000
0.000000
0.000000
0.000000
0.000000
0.000000
0.000000
0.000000
0.542800
0.000000
0.547900
0.000000
0.000000
0.000000
0.536100
0.000000
0.000000
0.543300
0.000000
0.000000
0.000000
0.000000
0.000000
0.000000
0.000000
0.000000
0.540900
0.000000
0.000000
0.000000
0.042500
0.569800
0.556800
0.000000
0.000000
0.540000
0.539700
0.000000
0.534500
0.000000
0.000000
0.000000
0.000000
0.000000
0.023200
0.562700
0.000000
0.537500
0.000000
0.018300
0.542700
0.000000
0.510000
0.540600
0.000000
0.000000
0.000000
0.000000
0.000000
0.031000
0.000000
0.000000
0.000000
0.000000
0.000000
0.000000
0.546600
0.000000
0.000000
0.000000
0.000000
0.000000
0.000000
0.034900
0.000000
0.523600
0.000000
0.031800
0.000000
0.000000
0.550700
0.533800
0.000000
0.550500
0.000000
0.000000
0.548300
0.000000
0.555100
0.000000
0.034800
0.000000
0.000000
0.542600
0.539200
4.518900
0.000000
0.534300
0.541300
0.000000
0.000000
0.553800
0.000000
0.000000
0.528800
0.543000
0.540800
0.000000
0.000000
0.542800
0.000000
0.000000
0.532800
0.000000
0.000000
0.537500
0.000000
0.534400
0.000000
0.000000
0.000000
0.000000
0.000000
0.000000
0.000000
0.000000
0.538300
0.031300
0.000000
0.000000
0.531000
0.511700
0.000000
0.534700
0.000000
0.000000
0.549000
0.532500
0.000000
0.000000
0.000000
0.000000
0.000000
0.544200
1.575700
0.036400
0.000000
0.000000
0.000000
0.545400
0.000000
0.000000
0.534900
0.000000
0.000000
0.000000
0.000000
0.541800
0.532100
0.543200
0.543100
0.000000
0.537500
0.540800
0.000000
0.545800
0.540200
0.000000
0.000000
0.000000
0.000000
0.000000
0.000000
0.000000
0.000000
0.000000
0.000000
0.000000
0.000000
0.000000
0.000000
0.000000
0.558500
0.000000
0.000000
0.538200
0.000000
0.000000
0.000000
0.000000
0.000000
0.000000
0.000000
0.000000
0.000000
0.000000
0.539100
0.000000
0.000000
0.000000
0.542300
0.000000
0.000000
0.542500
0.543800
0.000000
0.000000
0.000000
0.543100
0.000000
0.000000
0.000000
0.000000
0.000000
0.543300
0.000000
0.035700
0.000000
0.531600
0.000000
0.556500
0.000000
0.000000
0.000000
0.000000
0.534800
0.000000
0.544200
0.000000
0.046200
0.543300
0.000000
0.000000
0.000000
0.000000
0.541700
0.000000
0.000000
0.000000
0.000000
0.000000
0.000000
0.000000
0.000000
0.541000
0.000000
0.000000
0.000000
0.000000
0.000000
0.542400
0.000000
0.000000
0.547200
0.000000
0.000000
0.000000
0.000000
0.000000
0.553700
0.000000
0.000000
0.000000
0.000000
0.000000
0.000000
0.000000
0.531500
0.000000
0.000000
0.535400
0.000000
0.529200
0.000000
0.619500
0.000000
0.000000
0.536000
0.546200
0.000000
0.565700
0.533800
0.538800
0.000000
0.000000
0.000000
0.000000
0.000000
0.000000
0.000000
0.000000
0.000000
0.527100
0.535200
0.124200
0.000000
0.538200
0.000000
0.509000
0.533700
0.000000
0.000000
0.536300
0.540200
0.000000
0.000000
0.000000
0.000000
0.544700
0.535900
0.000000
0.000000
0.000000
0.000000
0.000000
0.000000
0.000000
0.520600
0.534900
0.533300
0.000000
0.538800
0.556700
0.000000
0.536100
0.000000
0.000000
0.023100
0.000000
0.509200
0.041300
0.000000
0.000000
0.000000
0.541500
0.000000
0.000000
0.000000
0.000000
0.000000
0.000000
0.000000
0.000000
0.537800
0.000000
0.000000
0.547400
0.000000
0.000000
0.000000
0.000000
0.000000
0.000000
0.532100
0.031900
0.563600
0.534800
0.548800
0.544400
0.544800
0.000000
0.553900
0.000000
0.536200
0.000000
0.000000
0.000000
0.543800
0.537400
0.000000
0.000000
0.000000
0.541600
0.547600
0.529800
0.000000
0.000000
0.000000
0.000000
0.000000
0.539300
0.000000
0.000000
0.000000
0.000000
0.533200
0.000000
0.540000
0.000000
0.000000
0.000000
0.000000
0.000000
0.000000
0.000000
0.000000
0.544200
0.000000
0.542200
0.029100
0.000000
0.000000
0.000000
0.537600
0.000000
0.000000
0.000000
0.000000
0.000000
0.533500
0.000000
0.534100
0.000000
0.544700
0.551300
0.540900
0.000000
0.507200
0.546400
0.542400
0.000000
0.031300
0.529700
0.544400
0.533200
0.531800
0.543500
0.000000
0.000000
0.000000
0.531500
0.000000
0.000000
0.000000
0.533100
0.000000
0.565000
0.000000
0.000000
0.000000
0.000000
0.000000
0.000000
0.589600
0.550000
0.000000
0.539600
0.000000
0.000000
0.000000
0.000000
0.508600
0.000000
0.000000
0.000000
0.000000
0.000000
0.000000
0.000000
0.532600
0.000000
0.000000
0.507800
0.000000
0.000000
0.550600
0.000000
0.000000
0.000000
0.000000
0.540400
0.541200
0.000000
2.337500
4.739700
0.000000
0.535000
0.000000
0.000000
0.000000
0.000000
0.000000
0.000000
0.546000
1.050500
0.000000
0.036100
0.537200
0.000000
0.000000
0.000000
0.000000
0.545500
0.000000
0.000000
0.000000
0.000000
0.000000
0.540200
0.000000
0.000000
0.000000
0.533600
0.000000
0.000000
0.000000
0.000000
0.000000
0.000000
0.000000
0.024200
0.000000
0.535700
0.550600
0.537400
0.528800
0.000000
0.512400
3.767500
0.000000
0.547500
0.000000
0.545100
0.527100
0.000000
0.000000
0.000000
0.539400
0.025300
0.000000
0.000000
0.000000
0.000000
1.513500
5.475600
0.000000
0.000000
0.000000
0.000000
0.000000
0.000000
0.547400
0.000000
0.000000
0.548900
0.538400
0.000000
0.000000
0.026300
0.000000
0.000000
0.000000
0.000000
0.000000
0.000000
0.027100
0.000000
0.000000
0.000000
0.000000
0.000000
0.000000
0.000000
0.528400
0.538100
0.049500
0.000000
0.507300
0.000000
0.000000
0.000000
0.000000
0.536100
0.000000
0.000000
0.000000
0.000000
0.000000
0.000000
0.000000
0.000000
0.025300
0.000000
0.000000
0.000000
0.507100
0.000000
0.000000
0.543500
0.000000
0.000000
0.000000
0.540900
0.000000
0.000000
0.000000
0.536100
0.000000
0.000000
0.539400
0.000000
0.000000
0.000000
0.000000
0.000000
0.000000
0.000000
0.000000
0.000000
0.538400
0.000000
0.535300
0.538000
0.536200
0.000000
0.000000
0.000000
0.000000
0.000000
0.000000
0.000000
0.000000
0.000000
0.000000
0.584000
0.543000
0.540300
0.532500
0.545000
0.556200
0.553500
0.000000
0.078500
0.000000
0.000000
0.000000
0.000000
0.000000
0.000000
0.000000
0.508900
0.000000
0.000000
0.541700
0.000000
0.000000
0.534800
0.000000
0.544300
0.000000
0.000000
0.510100
0.000000
0.000000
1.072700
0.541400
0.000000
0.000000
0.509200
0.538700
0.000000
0.000000
0.000000
0.000000
0.579000
0.533300
0.025300
0.000000
0.000000
0.534900
0.000000
0.510600
0.000000
0.000000
0.000000
0.000000
0.000000
0.000000
0.000000
0.532400
0.000000
0.000000
0.534500
0.000000
0.541800
0.000000
0.000000
0.000000
0.000000
0.000000
0.042500
0.000000
0.000000
0.000000
0.000000
0.000000
0.541400
0.542800
0.000000
0.000000
0.000000
0.000000
0.000000
0.000000
0.000000
0.000000
0.000000
0.547100
0.000000
0.545700
0.000000
0.547400
0.000000
0.539600
0.644300
0.563800
0.000000
0.529300
0.000000
0.048600
0.562300
0.539400
0.544600
0.000000
0.000000
0.000000
0.000000
0.000000
0.000000
0.531500
0.000000
0.000000
0.024600
0.000000
0.000000
0.000000
0.000000
0.000000
0.000000
0.000000
0.000000
0.534100
0.506200
0.000000
0.000000
0.000000
0.000000
0.510300
0.000000
0.000000
0.000000
0.000000
0.031600
0.000000
0.000000
0.000000
0.000000
0.507200
0.000000
0.000000
0.000000
0.045200
0.000000
0.000000
0.000000
0.543700
0.000000
0.000000
0.000000
0.536400
0.510300
0.000000
0.032500
0.000000
0.000000
0.549700
0.598700
0.000000
0.000000
0.000000
0.527100
0.000000
0.000000
0.000000
0.000000
0.000000
0.000000
0.552300
0.000000
0.000000
0.000000
0.000000
0.000000
0.545800
0.000000
0.000000
0.000000
0.543000
0.000000
0.000000
0.000000
0.546300
0.000000
0.000000
0.000000
0.000000
0.000000
0.000000
0.534400
0.000000
0.000000
0.000000
0.000000
0.538900
0.543500
0.040600
0.000000
0.544600
0.541600
0.560300
0.000000
0.000000
0.000000
0.000000
0.549000
0.000000
0.000000
0.000000
0.537300
0.000000
0.000000
0.505900
0.530800
0.000000
0.000000
0.000000
0.030100
0.542500
0.573600
0.000000
0.000000
0.017700
0.534200
0.000000
0.509000
0.543500
0.000000
0.000000
0.581100
0.000000
0.000000
0.000000
0.000000
0.000000
0.538900
0.000000
0.537100
0.000000
0.539000
0.000000
0.000000
0.000000
0.000000
0.507600
0.000000
0.000000
0.000000
0.535300
0.507100
0.000000
0.000000
0.000000
0.000000
0.000000
0.000000
0.000000
0.000000
0.000000
0.000000
0.530200
0.542300
0.000000
0.000000
0.000000
0.000000
0.544600
0.540500
0.000000
0.000000
0.000000
0.000000
0.000000
0.546500
0.000000
0.000000
0.508000
2.127000
0.000000
0.538800
0.000000
0.000000
0.000000
0.000000
0.550700
0.000000
0.000000
0.509400
0.000000
0.539300
0.000000
0.000000
0.023500
0.506300
0.000000
0.000000
0.000000
0.000000
0.557900
0.549700
0.000000
0.000000
0.000000
0.000000
0.000000
0.506500
0.000000
0.009600
0.000000
0.549300
0.000000
0.631700
0.532400
0.533300
0.000000
0.000000
0.000000
0.000000
0.000000
0.000000
0.000000
0.000000
0.538100
0.000000
0.000000
0.000000
0.533800
0.000000
0.507300
0.000000
0.550400
0.000000
0.000000
0.508800
0.041000
0.000000
0.000000
0.508300
0.000000
0.539000
0.000000
0.590700
0.551500
0.544300
0.000000
0.000000
0.000000
0.507100
0.535600
0.000000
0.000000
0.000000
0.541100
0.533600
0.000000
0.000000
0.000000
0.035000
0.000000
0.535800
0.000000
0.000000
0.536500
0.542000
0.000000
0.538800
0.000000
0.000000
0.540200
0.000000
0.542800
0.000000
0.000000
0.548900
0.000000
0.000000
0.029500
0.000000
0.000000
0.000000
0.000000
0.509400
0.000000
0.569400
0.563400
0.000000
0.000000
0.038800
0.000000
0.000000
0.000000
0.000000
1.606600
0.000000
0.538900
0.000000
0.000000
0.608000
0.535900
0.000000
0.000000
0.000000
0.526000
0.000000
0.508700
2.132300
2.119800
0.508300
0.529600
0.000000
0.000000
0.542500
0.000000
0.000000
0.553700
0.538900
0.531900
0.535200
0.528200
0.543700
0.000000
0.000000
0.000000
5.943800
0.531800
0.000000
0.532200
0.000000
0.024100
0.542300
0.000000
4.553400
0.000000
0.531200
0.507400
0.043200
0.000000
0.000000
0.540300
0.000000
0.531500
0.537800
0.538600
0.537700
0.000000
0.000000
0.545000
0.000000
0.000000
0.000000
0.000000
0.000000
0.000000
0.544200
0.542300
0.000000
0.000000
0.000000
0.000000
0.000000
0.000000
0.506800
0.000000
0.045700
0.533600
0.536500
0.535300
0.000000
0.535900
0.000000
0.000000
0.541800
0.000000
0.000000
0.000000
0.000000
0.000000
0.000000
0.528000
0.000000
0.000000
0.509700
0.000000
0.000000
0.546900
0.026400
0.076100
0.532800
0.000000
0.000000
0.000000
0.000000
0.000000
0.000000
0.000000
0.000000
0.000000
2.116200
0.000000
0.000000
1.064400
0.025900
0.000000
0.032900
0.000000
0.000000
0.550700
0.000000
0.000000
0.000000
0.540200
0.000000
0.033100
0.543100
0.000000
0.000000
0.000000
0.000000
0.000000
0.000000
0.000000
0.000000
0.000000
0.000000
0.529800
0.000000
0.533900
0.538000
0.000000
0.000000
0.026700
0.000000
0.542300
0.027300
0.000000
0.000000
0.000000
0.000000
0.000000
0.542500
0.535200
0.000000
0.000000
0.000000
0.000000
0.000000
0.000000
0.000000
0.537600
0.000000
0.034300
0.000000
0.000000
0.000000
0.040900
0.000000
0.000000
0.000000
0.000000
0.536300
0.545200
0.039600
0.000000
0.000000
0.543300
0.011200
0.000000
0.000000
0.000000
0.000000
0.000000
0.000000
0.000000
0.535200
0.000000
0.000000
0.000000
0.547800
0.507900
0.000000
0.000000
0.000000
0.000000
0.000000
0.000000
0.000000
0.000000
0.530400
0.042100
0.000000
0.000000
0.521200
0.000000
0.545900
0.000000
0.548600
0.532900
0.000000
0.000000
0.541800
0.000000
0.545100
0.000000
0.000000
0.546000
0.000000
0.000000
0.536500
0.508000
0.000000
0.000000
0.508900
0.000000
0.000000
0.559100
0.000000
0.026800
0.000000
0.000000
0.540100
0.000000
0.506000
0.000000
0.000000
0.000000
0.023600
0.000000
0.536300
0.000000
0.000000
0.000000
0.000000
0.000000
0.545600
0.538200
0.524600
0.000000
0.566200
0.000000
0.556500
0.535300
0.000000
0.000000
0.000000
0.534700
0.000000
0.000000
0.000000
0.000000
3.218100
0.000000
0.550400
0.000000
0.000000
0.000000
0.000000
0.000000
0.000000
0.544300
0.000000
0.537400
0.543600
0.009100
0.000000
0.000000
0.000000
0.000000
0.000000
0.022100
0.540100
0.000000
0.539400
0.542000
0.000000
0.000000
0.000000
0.000000
0.162800
0.000000
0.000000
0.000000
0.000000
0.000000
0.546700
1.060000
0.000000
0.536200
0.000000
0.544300
0.541300
0.000000
0.532900
0.536600
0.538100
0.000000
0.537200
0.000000
0.000000
0.000000
0.000000
0.537400
0.000000
0.000000
0.539300
0.000000
0.000000
0.536600
0.000000
0.546900
0.539100
0.000000
0.528000
0.539700
0.000000
0.000000
0.000000
0.029000
0.000000
0.031700
0.000000
0.532900
0.543300
0.000000
0.541900
0.000000
0.000000
1.612700
0.000000
0.000000
0.000000
0.000000
0.000000
0.000000
0.000000
0.000000
0.000000
0.000000
0.000000
0.000000
0.000000
0.550900
0.506900
0.000000
0.000000
0.000000
0.000000
0.544700
0.000000
0.000000
0.000000
0.507000
0.021400
0.000000
0.000000
0.533100
0.000000
0.545400
0.000000
0.000000
0.000000
0.000000
0.509100
0.514400
0.549900
0.000000
0.000000
0.000000
0.528200
0.538500
0.537000
0.000000
0.000000
0.530700
0.000000
0.022900
0.000000
0.000000
0.548300
0.545800
0.000000
0.000000
0.000000
0.556700
0.021100
0.000000
0.000000
0.539600
0.000000
0.000000
0.000000
0.000000
0.000000
0.000000
0.000000
0.532900
0.000000
0.000000
0.537600
0.000000
0.000000
0.000000
0.541700
0.000000
0.000000
0.000000
0.550400
0.000000
0.034900
0.521500
0.000000
0.000000
0.000000
0.000000
0.000000
0.539600
0.000000
0.000000
0.000000
0.000000
0.000000
0.672400
0.000000
0.582900
0.000000
0.000000
0.538600
0.506700
0.536300
0.000000
0.544200
0.000000
0.534900
0.000000
0.038800
0.000000
0.000000
0.000000
0.000000
0.000000
0.531200
0.543000
0.000000
0.000000
0.537900
0.035800
0.538300
0.000000
0.540700
0.000000
0.576000
0.000000
0.000000
0.022300
0.539600
0.567900
0.000000
0.534000
0.067100
0.551300
0.000000
0.026700
0.544700
0.507200
0.000000
0.029700
0.000000
0.000000
0.542000
0.000000
0.507500
0.000000
0.538200
0.000000
0.000000
0.000000
0.070600
0.000000
0.000000
0.569500
0.000000
0.000000
0.000000
0.000000
0.509200
0.535400
0.000000
0.000000
0.000000
0.000000
0.000000
0.000000
0.531400
0.000000
0.000000
0.000000
0.000000
0.652800
0.039600
0.000000
0.000000
0.000000
0.530900
0.000000
0.544300
0.000000
0.000000
0.551400
0.000000
0.000000
0.000000
0.506900
0.000000
1.062000
0.000000
0.679000
0.000000
0.544800
0.000000
0.000000
0.000000
0.000000
0.000000
0.000000
0.000000
0.000000
0.000000
0.000000
0.549900
0.000000
0.000000
0.533500
0.000000
0.542800
0.000000
0.000000
0.000000
0.000000
0.541100
0.024900
0.000000
0.510400
0.000000
0.000000
0.000000
0.000000
0.533100
0.000000
0.000000
0.000000
0.000000
0.000000
0.000000
0.545100
0.546200
0.000000
0.526500
0.000000
0.541500
0.000000
0.535300
0.000000
0.000000
0.000000
0.534800
0.000000
0.521800
0.566700
0.563300
0.000000
0.512800
0.569900
0.536400
0.000000
0.000000
0.539400
0.000000
0.000000
0.000000
0.000000
0.543600
0.532400
0.000000
0.000000
0.538600
0.000000
0.556200
0.000000
0.000000
0.000000
0.534200
0.000000
0.551700
0.000000
0.000000
0.000000
0.000000
0.000000
0.000000
0.000000
0.000000
0.000000
0.000000
0.000000
0.000000
0.000000
0.000000
0.509700
0.555200
0.555900
0.000000
0.506700
0.544500
0.000000
0.000000
0.546900
0.000000
0.000000
0.000000
0.547900
0.000000
0.000000
0.000000
0.539000
0.507500
0.000000
0.531100
0.550300
0.000000
0.000000
0.540700
0.000000
0.532000
0.000000
0.544500
0.000000
0.000000
0.536500
0.000000
0.548900
0.000000
0.548200
0.559400
0.000000
0.531300
0.000000
0.000000
0.000000
0.540200
0.000000
0.000000
2.114900
0.000000
0.000000
0.541200
0.000000
0.538000
0.000000
0.546900
0.000000
0.000000
0.000000
0.000000
0.000000
0.000000
0.000000
0.531500
0.000000
0.000000
0.000000
0.539900
0.000000
0.000000
1.069700
0.535700
0.533800
0.000000
0.000000
3.735600
0.545800
0.000000
0.000000
0.038500
0.000000
0.548100
0.000000
0.000000
0.000000
0.000000
0.000000
0.000000
0.000000
0.586400
0.529400
0.000000
0.037800
0.000000
0.000000
0.000000
0.000000
0.000000
0.556900
0.529300
0.037100
0.000000
0.000000
0.510600
0.000000
0.549400
0.000000
0.539600
0.000000
0.000000
0.542600
0.000000
0.000000
0.539100
0.000000
0.532700
0.541200
0.550800
0.547500
0.000000
0.000000
0.000000
0.000000
0.088100
0.036000
0.539100
0.000000
0.540700
0.000000
0.547300
0.000000
0.000000
0.000000
0.000000
0.556100
0.000000
0.000000
1.056400
0.000000
0.561900
0.000000
0.000000
0.000000
0.000000
0.000000
0.000000
0.548400
0.000000
0.550900
0.000000
0.000000
0.529600
0.532000
0.000000
0.000000
0.000000
0.000000
0.000000
0.512100
0.000000
0.000000
0.000000
0.532700
0.000000
0.000000
0.000000
0.541700
0.000000
0.000000
0.000000
0.000000
0.000000
0.000000
0.000000
0.534800
0.530400
0.000000
0.542400
0.000000
0.539200
0.000000
0.000000
0.550100
0.000000
0.000000
0.000000
0.000000
0.000000
0.000000
0.554400
0.000000
0.000000
0.000000
0.533100
0.000000
0.102700
0.000000
0.000000
0.532600
3.885500
0.000000
0.000000
0.000000
0.000000
0.000000
0.536500
0.000000
0.548800
0.528200
0.547600
0.000000
0.000000
0.000000
0.536800
0.000000
0.000000
0.000000
0.509400
0.000000
0.000000
0.000000
0.000000
0.000000
0.000000
0.000000
0.000000
0.532400
0.000000
0.000000
0.548200
0.540600
0.000000
0.000000
0.000000
0.000000
0.550100
0.000000
0.547400
0.000000
0.567500
0.531600
0.532000
0.000000
0.000000
0.000000
0.534000
0.000000
0.000000
0.541200
0.000000
0.000000
0.000000
0.000000
0.000000
0.000000
0.000000
0.000000
0.000000
0.000000
0.028200
0.000000
5.316400
0.000000
0.549200
0.000000
0.000000
0.000000
0.549200
0.000000
0.536800
1.584100
0.000000
0.000000
0.000000
0.000000
0.000000
0.000000
0.000000
0.590800
0.000000
0.000000
0.000000
0.000000
0.000000
0.000000
0.539800
0.000000
0.541700
0.535300
0.000000
0.000000
0.000000
0.000000
0.000000
0.000000
0.000000
0.000000
0.000000
0.000000
0.000000
0.000000
0.036700
0.000000
0.000000
0.000000
0.507700
0.538600
0.000000
0.531800
0.000000
0.541700
0.000000
0.000000
0.000000
0.033900
0.000000
0.525300
0.000000
0.000000
0.530700
0.581000
0.529300
0.000000
0.000000
0.000000
0.000000
0.000000
0.026700
0.000000
0.000000
0.000000
0.000000
0.000000
0.536000
0.000000
0.000000
0.000000
0.000000
0.000000
0.535300
0.000000
0.000000
0.548000
0.000000
0.000000
0.000000
0.000000
0.000000
0.537600
0.000000
0.000000
0.532500
0.000000
0.000000
1.586700
0.000000
0.000000
0.533200
0.000000
0.538700
0.000000
0.000000
0.000000
1.605300
0.000000
0.000000
0.000000
0.000000
0.000000
0.538300
0.033500
0.000000
0.537600
0.029800
0.542100
0.000000
2.685600
0.538500
0.000000
0.000000
1.075100
0.000000
0.000000
0.530200
0.026500
0.000000
0.000000
0.000000
0.000000
0.000000
0.000000
0.000000
0.536800
0.535100
0.541200
0.539200
0.000000
0.062000
0.516200
0.539200
0.000000
0.532000
0.000000
0.532300
0.547100
0.537200
0.000000
0.546600
0.543800
0.000000
0.541500
0.527300
0.000000
3.065100
0.506800
0.536400
0.000000
0.541500
0.529800
0.000000
0.539700
0.000000
0.544500
0.511300
0.000000
0.000000
0.545300
0.000000
0.536700
0.000000
0.550700
0.539500
0.000000
0.000000
0.000000
0.000000
0.000000
0.530600
0.000000
0.000000
3.514400
0.549300
0.000000
0.000000
0.541500
0.000000
0.000000
0.534100
0.000000
0.000000
0.000000
0.000000
0.000000
0.000000
0.542100
0.000000
0.000000
0.000000
0.000000
0.548100
0.000000
0.541400
0.999800
0.000000
0.000000
0.509100
0.000000
0.529000
0.548200
0.000000
0.000000
0.607100
0.542900
0.762200
0.000000
0.000000
0.000000
0.509900
0.000000
0.000000
0.044100
0.000000
0.000000
0.000000
0.000000
0.000000
0.000000
0.010400
0.000000
0.000000
0.000000
0.528200
0.000000
0.559800
0.000000
0.551300
0.000000
0.082700
0.544300
0.595000
0.036800
0.009900
0.000000
0.000000
0.000000
0.000000
0.535800
0.544100
0.000000
0.000000
0.540100
0.532800
0.000000
0.509800
0.000000
0.000000
0.540600
0.023400
0.000000
0.000000
0.554700
0.000000
0.034000
0.543600
0.000000
0.000000
0.553200
0.000000
0.507000
0.538900
0.000000
0.541600
0.508600
0.000000
0.000000
0.000000
0.000000
0.037500
0.000000
0.507400
0.000000
0.000000
0.000000
0.000000
0.507000
0.000000
0.000000
0.000000
0.000000
0.530300
0.000000
0.000000
0.527000
0.000000
0.549000
0.000000
2.041700
0.542400
3.222700
0.000000
0.549500
0.530900
0.000000
0.000000
0.000000
0.531600
0.542800
0.534000
0.000000
0.000000
0.000000
0.549700
0.000000
0.547100
0.544800
0.544600
0.000000
0.000000
0.536300
0.000000
0.000000
0.000000
0.000000
0.032400
0.000000
0.000000
0.533800
0.000000
0.000000
0.548500
0.000000
0.000000
0.576800
0.000000
0.000000
0.000000
0.000000
0.548500
0.551000
0.545100
1.517200
1.590300
0.000000
0.000000
0.000000
0.559400
0.000000
0.529900
0.000000
0.000000
0.541900
0.000000
0.000000
0.531400
0.000000
0.000000
0.000000
0.549400
0.000000
0.000000
0.535400
0.000000
0.536600
0.000000
0.000000
0.000000
0.000000
0.000000
0.535800
0.536600
0.000000
0.000000
0.000000
0.000000
0.000000
0.548600
0.000000
0.542800
0.000000
0.000000
0.532000
0.000000
0.532300
0.000000
0.044800
0.000000
0.000000
0.536800
0.000000
0.000000
0.000000
0.539400
0.000000
0.541900
0.000000
0.534400
0.000000
0.539300
0.000000
0.000000
0.000000
2.143500
0.000000
0.527300
0.000000
0.000000
0.535100
0.528800
0.531900
0.000000
0.000000
0.000000
0.000000
0.000000
0.000000
0.000000
0.000000
0.000000
0.569700
0.025800
0.000000
0.531700
0.000000
0.553000
0.000000
0.544600
0.532500
0.000000
0.000000
0.543200
0.537600
0.000000
0.000000
0.000000
0.000000
0.000000
0.000000
0.033300
0.561300
0.000000
0.000000
0.000000
0.032500
0.506600
0.547700
0.015500
0.000000
0.000000
0.000000
2.164600
0.000000
0.000000
0.539000
0.000000
0.000000
0.000000
0.000000
0.000000
0.531200
0.000000
0.000000
0.000000
0.554100
0.000000
0.000000
0.000000
0.553800
0.509800
0.506900
0.000000
0.000000
0.533900
0.548800
0.000000
0.000000
0.000000
0.507500
0.544800
0.557800
0.000000
0.000000
0.540600
2.116700
0.552300
0.000000
0.547800
0.548700
0.533600
0.000000
0.000000
0.000000
0.000000
0.509700
0.000000
0.000000
0.545100
0.000000
0.000000
0.000000
0.000000
0.000000
0.552400
0.000000
0.000000
0.000000
2.055800
0.030200
0.526700
0.000000
0.000000
0.000000
0.000000
0.540500
0.541200
0.000000
0.000000
0.000000
0.530300
0.000000
0.000000
0.509500
0.000000
0.000000
0.551400
0.000000
0.000000
0.000000
0.535500
0.507000
0.551900
0.000000
0.509600
0.000000
0.000000
0.028600
0.000000
0.000000
0.000000
0.549400
0.030100
0.000000
0.000000
0.547500
0.000000
0.000000
0.000000
0.536100
0.000000
0.000000
3.678200
0.037000
0.567800
0.000000
0.545700
0.000000
0.000000
0.000000
0.000000
0.000000
0.545200
0.538600
0.539000
0.000000
0.000000
0.000000
0.000000
0.000000
0.000000
0.527700
0.551300
0.000000
0.000000
0.000000
0.000000
0.000000
0.538000
0.543500
0.533300
0.000000
0.000000
0.000000
0.000000
0.534300
0.000000
0.000000
0.000000
0.000000
0.000000
0.000000
0.508800
0.000000
0.533000
0.000000
0.000000
0.000000
0.540500
0.000000
0.000000
0.000000
0.540500
0.544000
0.000000
0.000000
0.000000
0.000000
0.000000
0.000000
0.537800
0.000000
0.000000
0.000000
0.000000
0.547900
0.000000
0.000000
0.000000
1.051600
0.546000
0.000000
0.000000
0.000000
0.000000
0.553700
0.000000
0.000000
0.000000
0.000000
0.000000
0.585000
0.000000
0.000000
0.000000
0.541900
0.000000
0.000000
0.000000
0.509500
0.000000
0.000000
0.000000
0.000000
0.539800
0.000000
0.000000
0.041900
0.000000
0.000000
0.535400
0.544300
0.000000
0.000000
0.000000
0.000000
0.559600
0.000000
0.542700
0.000000
0.000000
0.010100
0.536200
0.000000
0.000000
0.000000
0.000000
0.555400
4.187300
0.556200
0.000000
0.000000
0.534500
0.000000
0.000000
0.000000
0.000000
0.000000
0.000000
0.000000
0.000000
0.000000
0.000000
0.000000
0.000000
0.547500
0.000000
0.000000
0.000000
0.541300
0.000000
0.000000
0.141500
0.000000
0.526700
0.000000
0.000000
0.033300
0.536900
0.000000
0.031600
0.000000
0.000000
0.000000
0.540200
0.000000
0.000000
0.000000
0.000000
0.000000
0.000000
0.000000
0.544100
0.000000
0.000000
0.000000
0.000000
0.000000
0.000000
0.043200
0.000000
0.030700
0.000000
0.000000
0.545400
0.000000
0.000000
0.000000
0.000000
0.535600
0.000000
0.000000
0.000000
0.539500
0.527300
0.535900
0.000000
0.000000
0.536100
0.534000
0.000000
0.000000
0.537500
0.000000
0.000000
0.538500
0.000000
0.000000
0.000000
0.000000
0.000000
0.043200
0.000000
0.000000
0.552800
0.000000
0.000000
0.000000
0.000000
0.000000
0.000000
0.533000
0.000000
0.000000
0.000000
0.000000
0.534800
0.000000
0.000000
0.541200
0.527400
0.000000
0.000000
0.000000
0.538300
0.000000
0.000000
0.000000
0.000000
0.528100
0.539100
0.538000
0.000000
0.000000
0.000000
0.000000
0.000000
0.536500
0.000000
0.000000
0.000000
0.547600
0.000000
0.000000
0.000000
0.000000
0.000000
0.000000
0.000000
0.528800
0.000000
0.000000
0.539800
0.000000
0.000000
0.000000
0.534400
0.000000
0.546800
0.000000
0.532700
0.000000
0.000000
0.000000
0.000000
0.000000
0.549500
0.000000
0.540700
0.000000
0.000000
0.544600
0.000000
0.000000
0.000000
0.000000
0.000000
0.576000
0.027400
0.000000
0.587500
0.000000
0.550200
0.508600
0.027200
0.000000
0.000000
0.000000
0.529600
0.000000
0.000000
0.540800
0.000000
0.000000
0.037700
0.000000
0.000000
0.000000
0.000000
0.029500
0.000000
0.000000
0.550700
0.537700
0.534100
0.000000
0.000000
0.550900
0.000000
0.537900
0.000000
0.000000
0.533600
0.000000
0.556700
0.000000
0.000000
0.533400
0.000000
0.000000
0.000000
0.000000
0.000000
0.545500
0.000000
0.000000
0.000000
0.531400
0.569500
0.000000
0.000000
0.000000
0.000000
0.000000
0.000000
1.047600
0.000000
0.000000
0.000000
0.000000
0.000000
0.000000
0.000000
0.538400
0.000000
0.000000
0.542200
0.000000
0.000000
0.557200
0.000000
0.000000
0.506400
0.000000
0.000000
1.570400
0.551600
0.000000
0.000000
0.000000
0.000000
0.532200
0.000000
0.000000
0.000000
0.000000
0.540600
0.000000
0.519700
0.000000
0.037200
0.511800
0.543000
0.000000
0.553300
4.215600
0.541700
0.552100
0.032800
0.000000
0.535700
0.000000
0.538900
0.550700
0.533500
0.000000
0.000000
0.025000
0.000000
0.000000
0.000000
0.542100
0.000000
0.536600
1.515300
0.000000
0.000000
0.551600
0.000000
0.532700
0.000000
0.540500
0.549600
0.546600
0.532000
0.000000
0.543600
0.000000
0.550300
0.000000
0.000000
0.000000
0.000000
0.000000
0.000000
0.000000
0.000000
0.535300
0.038500
0.000000
0.000000
0.000000
0.000000
0.000000
0.000000
0.000000
0.000000
0.000000
0.530000
0.000000
0.545800
0.000000
0.000000
0.000000
0.507800
0.000000
0.000000
0.000000
0.537200
0.000000
0.536300
0.000000
0.000000
0.000000
0.000000
0.000000
0.000000
0.541300
0.000000
0.544000
0.534500
0.000000
0.000000
0.530600
0.538300
0.541900
0.000000
0.000000
0.538800
0.000000
0.000000
0.000000
0.000000
0.034600
0.000000
0.000000
0.535200
0.000000
0.548300
0.000000
0.553000
0.532700
0.548300
0.579500
0.542700
0.000000
1.078000
0.000000
0.000000
0.000000
0.000000
0.551100
0.000000
0.000000
0.530400
0.000000
0.000000
0.000000
0.000000
0.000000
0.000000
0.530900
0.000000
0.537600
0.000000
0.000000
0.000000
0.557600
0.545200
0.000000
0.539100
0.000000
0.000000
0.000000
0.000000
0.000000
0.000000
0.000000
0.000000
0.000000
0.000000
0.000000
0.000000
0.000000
0.000000
0.539900
0.000000
0.000000
0.000000
0.027000
0.000000
0.527700
0.000000
0.019500
0.000000
0.539600
0.000000
0.000000
0.537900
0.000000
0.000000
0.000000
0.000000
0.000000
0.000000
0.000000
0.545000
0.000000
0.000000
0.000000
0.506600
0.000000
0.009200
0.000000
0.000000
0.531400
0.000000
0.000000
0.000000
0.533500
0.000000
0.533100
0.542000
0.000000
0.528400
0.000000
0.000000
0.000000
0.000000
0.000000
0.000000
0.523800
0.000000
0.000000
0.540200
0.505500
0.538200
0.539400
0.000000
0.000000
0.000000
0.000000
0.000000
0.537900
0.000000
0.000000
0.525100
0.024200
0.000000
0.000000
0.000000
0.000000
0.000000
0.536300
0.000000
0.000000
0.000000
0.000000
0.532500
0.507000
0.522800
0.000000
0.000000
0.555100
0.000000
0.000000
0.000000
0.000000
0.000000
0.000000
0.537300
0.536100
0.530000
0.000000
0.000000
0.000000
0.000000
0.000000
0.000000
0.535900
0.000000
0.032800
0.000000
0.000000
0.000000
0.000000
0.000000
0.088700
0.000000
0.000000
0.024900
0.522000
0.000000
0.000000
0.030400
0.508800
0.000000
0.000000
0.000000
0.000000
0.000000
0.000000
