0.561500
10.783100
0.532500
0.538700
0.555400
11.154700
0.556300
8.266600
15.932500
6.203700
10.460600
0.540600
0.554800
0.531100
0.539700
0.508000
3.794600
0.533500
0.551000
12.566000
1.080900
0.000000
0.544100
0.538100
0.544700
0.537800
0.532300
0.527500
0.534000
0.558700
1.646700
1.340200
1.457300
0.560000
0.531500
0.537400
0.532500
0.530200
0.525000
0.536100
0.533100
0.509500
0.523900
0.506800
0.545400
0.531100
0.531400
0.510700
0.542200
4.287900
0.549400
15.203800
0.536200
9.921000
0.534600
0.539200
0.531000
0.538900
0.531800
0.535100
0.536600
0.531600
0.532300
1.103500
0.527800
0.528000
0.521200
0.542100
0.544000
0.542400
0.000000
0.533600
0.536600
0.568300
0.523900
0.538700
0.537300
0.539900
0.520300
0.545600
0.574000
0.538600
0.538200
0.528900
0.540000
0.506900
0.541700
0.028400
0.508400
0.543400
1.155300
0.542900
0.545800
0.537200
0.538400
0.528900
0.534700
0.542300
0.549800
0.544000
0.551000
0.027800
0.546100
0.534000
0.533300
0.535300
0.542300
0.531300
0.536000
0.525700
0.523300
0.545700
0.534400
0.556600
0.026700
0.531200
0.532700
0.539000
0.540400
0.550200
0.532800
0.535100
0.541200
0.542600
0.542900
0.534800
0.536300
0.540200
0.547700
0.548000
0.530600
0.532300
0.594500
0.538200
0.539500
0.526800
0.534500
0.530100
0.541100
15.214100
1.075200
0.539100
0.546200
0.530700
0.537000
0.537500
0.580300
0.536000
0.537800
0.525200
0.525200
0.543800
0.531900
0.528000
0.534500
0.532100
1.046300
0.532300
0.531300
0.562500
0.594800
0.505900
0.000000
0.509000
0.531700
0.518000
0.000000
0.529300
0.537300
1.000000
0.528900
0.000000
0.000000
0.556900
0.524700
0.524400
0.539800
0.539400
0.528700
0.535800
0.539400
0.014700
0.538400
0.508000
0.536500
0.531500
0.575200
1.043400
0.534500
0.530400
0.535600
0.530900
0.568700
0.525400
0.522100
0.528900
0.604900
0.547900
0.536300
0.529200
0.508400
0.534800
0.525500
0.529400
0.565600
0.533900
0.534000
0.529600
0.537300
0.539800
0.535600
0.534000
0.530600
0.527800
0.531900
0.530700
0.549000
0.547900
0.532900
0.528700
0.534500
0.527800
0.533500
0.530700
0.535200
0.524600
0.523100
0.538500
1.119600
0.526100
0.000000
0.535000
0.538200
0.000000
0.567200
0.540900
1.079200
0.549900
13.802400
13.802400
0.531500
0.507500
0.539600
1.162100
12.933600
0.534000
0.533100
0.586600
0.000000
0.525300
0.539700
0.531200
0.536200
0.507700
0.531200
0.534100
0.532300
0.526900
0.531600
0.530800
0.523300
0.523300
0.544300
0.529700
0.556700
0.533900
0.531800
0.530000
0.531500
0.534400
0.532000
0.535300
0.536200
0.525800
0.534200
0.532600
0.530200
0.550900
0.536200
0.527300
1.048500
0.534800
0.540800
0.540600
0.540900
0.535900
0.552500
0.541500
0.525000
0.525700
0.537200
0.551300
0.029200
0.534300
0.529100
0.532200
0.540900
0.525200
0.535300
0.531700
0.525000
0.530800
0.524800
0.528300
0.527500
0.524800
0.538600
0.537000
0.531700
0.526200
0.534000
0.542100
0.531800
0.534300
0.523500
0.534800
0.532500
0.522200
0.540200
0.539500
0.614800
0.527000
0.559000
1.066600
0.545300
0.524100
0.531500
1.047600
0.547400
0.568300
43.744200
48.978100
53.324900
59.752200
44.986700
33.460200
0.533700
4.047700
13.354900
20.198900
16.522300
13.792700
42.496300
43.108500
25.693300
24.425600
22.572700
26.676400
48.767800
6.971000
21.241700
15.998500
20.410300
13.518000
13.518000
14.126700
3.832100
3.788200
14.928600
13.333100
10.039500
1.198600
0.734000
0.283600
11.033500
0.540500
0.402800
0.535400
7.049400
0.550500
1.086500
0.856700
14.471400
0.532700
0.531300
0.548200
0.038600
0.569400
0.536300
0.535500
0.535900
0.534800
0.536000
1.055200
0.535000
1.091600
0.529500
1.050300
1.670000
1.071700
10.676200
1.064300
3.578100
0.531400
13.916700
0.534400
0.536600
0.537400
0.639200
1.081900
10.570500
0.526800
0.532600
0.536500
0.523100
0.538800
0.555700
0.529300
0.544700
12.170700
0.540600
19.649800
1.053300
14.003000
9.691300
16.737800
0.603900
11.691800
1.239900
0.543100
1.049700
5.448600
32.113400
0.600700
21.928600
25.312600
0.545700
17.037000
0.549600
0.564600
20.107700
0.572800
20.622800
21.114800
0.559900
18.007000
1.118700
0.532900
12.196900
1.002100
0.999900
0.543300
0.548800
0.533000
0.526700
0.527200
0.522100
0.527300
0.529900
0.525100
0.530000
0.525300
0.039200
0.537100
0.538000
0.529600
0.559100
0.634900
0.529600
0.538800
0.532400
0.535600
0.526500
0.539400
0.530800
0.553900
0.542000
0.532900
0.527900
0.539300
0.533400
0.535000
0.588100
0.533100
0.535600
0.509600
0.544800
0.521100
0.539100
0.522900
0.542500
0.540800
0.539300
0.528800
0.530500
0.534800
0.540600
0.532200
0.531700
0.000000
0.544900
0.535600
0.526000
0.522300
1.086900
0.532000
0.533200
0.533200
0.534400
0.543000
0.532500
0.533300
0.585600
0.545700
0.531300
1.068300
1.519200
0.925200
1.432300
0.535700
17.826000
0.531100
4.047800
5.744000
10.814400
0.532400
11.514300
12.046700
0.546300
0.546300
1.119600
0.542000
6.057500
0.596800
2.187100
9.086200
8.935200
18.021400
0.537700
11.114000
0.544800
1.084900
7.678900
10.905900
0.525100
0.544800
11.601300
0.547000
0.535900
0.535700
0.527400
0.531000
0.529700
0.539800
0.536700
0.536500
0.526100
0.539600
0.569800
0.536000
0.536400
0.541700
0.537900
0.539700
0.535500
0.565700
0.521100
0.527500
0.000000
0.540100
0.525200
0.546100
0.537000
0.527700
4.113400
0.533900
0.531800
0.525800
0.530600
0.541300
0.534900
0.540300
0.526400
0.523200
0.526000
0.529000
0.526500
0.536600
0.532200
0.534000
0.563200
0.532500
1.049800
0.549900
0.548100
0.537800
0.545400
0.508300
0.537500
0.535700
0.552500
0.547200
0.545800
0.537800
0.610800
1.037600
1.148300
0.536600
1.086400
0.538500
6.913100
0.545000
0.579000
11.095300
0.537800
4.052700
4.318100
8.832000
1.128900
4.278300
14.130400
5.652700
11.708200
34.790500
34.320400
4.003600
7.918200
1.224000
28.602900
42.283300
23.989900
39.456300
27.346800
20.184200
8.447700
23.054000
29.909600
29.909600
0.545400
16.766800
0.573400
4.008200
17.879900
0.528900
12.710700
0.549000
0.545900
0.528000
0.528700
0.549900
0.000000
0.534500
0.549900
0.571000
0.575800
0.544600
0.539200
0.536700
0.533500
0.544800
0.534900
0.534200
0.532000
0.544500
1.065100
0.532100
13.637000
0.537400
0.539400
0.564300
0.544200
0.536400
0.538400
1.092400
1.150300
5.444400
5.273100
1.155800
4.227600
0.568100
5.438100
5.490100
29.838700
52.937800
15.111900
57.308200
49.982500
56.985400
123.321200
149.842400
35.747900
35.784100
71.638200
49.603300
17.291400
84.192700
25.233400
82.582300
100.255600
104.368000
113.443900
24.010300
25.347700
52.021500
52.062800
100.659100
77.453300
77.453300
70.351300
48.862600
38.656000
46.753500
33.678800
38.309300
54.934000
4.269900
73.408800
45.234200
25.577500
22.221600
74.308900
93.465100
7.404000
0.537600
20.878000
41.908300
43.111600
54.955300
73.861000
75.064300
3.726900
34.391300
10.895600
31.944900
45.971000
44.182000
39.617200
46.362000
41.257000
56.528300
75.584300
20.903600
33.996500
33.996500
76.886500
55.484900
68.486200
21.160500
57.929700
37.678200
27.887100
33.885400
64.343900
9.103300
17.508200
16.875000
17.416600
51.337400
63.342000
47.361100
52.044800
1.048400
11.514500
12.097100
20.576300
0.564600
10.856800
10.856800
27.369600
0.531100
21.836800
1.070600
0.546400
0.543000
1.050700
1.166300
1.166300
1.119400
1.145000
0.541300
5.078200
21.487200
29.324000
0.545700
27.771400
29.244700
0.552700
12.109400
0.554500
6.385000
6.341800
16.776700
16.956300
9.033500
11.745100
20.734900
1.071500
8.609900
1.080300
10.604800
5.558700
0.528900
13.902500
0.537700
0.525600
0.535000
0.531800
0.532300
4.181300
8.447200
0.588400
3.783200
0.538500
0.541700
0.584500
0.552100
0.550400
0.564700
0.539700
0.539100
0.543000
0.533700
1.103600
0.510000
0.543200
0.537600
0.544200
0.539200
0.543100
0.530800
0.531700
0.534200
0.558200
0.543900
0.536700
0.508600
0.549000
0.546000
0.532600
0.543000
0.508500
0.534300
0.552200
0.534800
0.531000
0.546800
0.544200
0.544400
0.000000
0.000000
0.534800
0.537000
0.521900
0.524400
0.532300
0.541100
0.033600
0.529900
0.528400
0.000000
0.521900
0.536900
0.526100
0.530100
0.540300
0.541600
0.538900
0.533600
0.535700
0.529900
0.558400
0.531800
0.000000
0.617600
0.530000
0.577300
0.528100
0.539800
0.530600
0.534300
0.541000
0.531900
0.521000
0.524700
1.037300
0.536500
0.542500
0.525000
0.545000
0.532400
0.538400
0.535400
0.537300
0.528300
0.545000
0.536500
0.547900
0.540400
0.529700
0.541400
0.546900
0.575800
0.528600
0.542800
0.531400
0.546100
0.541800
0.539700
0.533000
0.543000
0.541900
0.542200
0.542400
0.508800
0.542600
0.574100
0.542900
0.577200
0.542800
1.095400
0.558700
0.534900
0.533300
0.552800
0.533300
1.120200
0.538300
0.542700
0.541900
0.541000
0.528800
6.538100
0.597900
4.233100
1.117300
4.124500
12.265800
1.344000
11.864700
11.080900
1.107500
12.932000
12.378000
12.932000
0.546300
2.015600
11.830000
0.572600
0.537800
0.544700
0.556500
0.507200
1.143200
0.532400
0.536700
11.974000
0.557200
0.549200
0.553700
0.538600
0.543500
0.531600
0.534000
0.545600
0.533300
0.538900
0.530800
0.582300
0.544900
0.532400
0.539800
0.542800
0.534500
0.542100
0.532800
0.532600
0.537800
0.512100
0.537400
0.532400
0.537700
0.546000
0.541900
0.547400
0.542100
0.542100
0.578200
1.107500
0.762300
0.550900
1.448300
5.057600
1.085100
18.056700
0.597600
0.529200
0.535400
0.547200
19.087400
0.536200
1.098700
0.533400
0.529800
0.530300
1.293000
30.444300
1.083500
9.408600
26.423700
0.543100
4.276000
0.549200
15.641200
23.542100
1.176400
9.054500
34.607000
34.607000
32.609200
27.425000
1.070900
8.588000
10.588600
6.415100
22.869500
0.553400
17.741700
0.994100
10.635700
0.546000
0.531400
0.535400
10.889500
0.540700
16.518100
1.099900
0.531300
1.001600
0.512100
1.766500
4.218600
20.898000
21.416500
6.953100
1.484700
16.237500
31.358500
26.288000
0.718400
7.095500
8.095300
8.234600
27.086000
0.534200
21.239200
21.239200
1.125300
0.530400
0.542700
1.081000
0.533900
0.537400
0.547300
0.536300
0.540700
0.545500
0.546100
0.545600
0.536900
0.532900
0.533200
0.542900
0.545200
0.546100
0.541000
0.543300
0.547700
0.542900
0.529400
54.000400
26.220600
22.636700
23.634900
30.863900
0.532800
10.563100
13.227300
13.227300
0.533400
15.053100
15.053100
0.542000
11.122500
0.541400
0.547500
8.075000
0.525500
0.539700
13.126900
0.550200
0.557800
0.560000
0.549600
0.552200
0.535100
1.068800
0.538600
0.530600
1.115200
0.539400
1.074700
0.545100
1.132900
18.547500
1.199300
5.640700
0.572300
9.393400
0.554700
0.546000
0.562300
7.680200
0.543700
0.547600
0.542000
0.531400
0.534900
0.543400
0.540200
0.550700
1.100800
0.510400
1.140400
0.534200
0.540300
0.551600
0.540600
0.508300
0.540200
0.540400
0.526600
0.530200
0.532100
0.535700
0.544700
0.552800
0.532900
0.547700
0.573500
0.536400
0.545200
0.547100
0.000000
0.541400
0.537800
0.542700
0.542800
0.530900
0.528500
0.529000
0.528900
0.534200
1.053200
0.543700
0.536000
4.870500
29.015600
13.133300
0.548800
16.064500
19.064100
0.534100
22.755600
0.507000
15.149900
0.540400
1.093400
1.073300
11.321600
0.561200
1.162000
1.678600
1.129200
1.082700
0.546000
0.556300
0.557400
0.539500
1.139000
13.678200
0.613300
0.537600
0.525700
0.531900
0.533000
0.541500
0.526900
0.538500
0.540900
0.549300
0.532400
0.538000
0.000000
0.168500
0.539900
0.558300
0.538400
0.578600
1.100800
0.524800
0.522700
1.098600
0.526600
0.528100
0.558800
0.535600
0.000000
0.533600
0.532500
0.533900
0.531200
0.540000
0.597700
0.527200
0.548000
0.542800
0.556000
0.000000
0.016000
0.000000
0.541100
0.527100
0.545300
0.521300
0.536800
0.000000
0.532000
0.532800
0.531000
0.539200
0.543700
0.545600
0.618900
0.544600
0.525000
1.174200
0.534000
0.537700
0.537500
1.068700
0.529400
0.528000
0.531000
0.537500
1.080400
0.534500
0.550800
0.537500
0.534900
0.532100
0.544700
0.533600
1.090200
12.906100
23.539900
15.576700
15.576700
0.549300
1.159800
11.823700
0.540500
4.270800
13.720700
0.532400
0.542900
0.543600
10.194200
1.045500
0.542700
16.474300
22.481600
1.100100
0.553200
9.981000
0.507600
0.536800
0.531200
19.571800
0.558700
5.403900
0.556000
6.701400
1.169000
12.325300
0.534900
0.532400
0.535600
0.529500
0.526300
0.531800
0.533700
0.531900
0.552800
0.534900
0.535200
1.045900
0.529400
0.531100
0.528400
1.088600
0.547200
0.533600
0.523900
0.535800
1.072200
0.538600
0.567900
0.527000
0.544300
0.533000
0.532600
1.090300
0.531700
0.546900
0.533300
0.533400
0.543400
0.651000
20.489600
0.535800
5.613700
11.162900
17.029200
1.394200
11.824200
14.872900
18.833400
16.742000
36.630700
28.907600
17.775900
0.540200
14.055600
14.523700
3.599000
10.470800
26.160400
19.847900
33.895400
0.896000
2.628700
13.173000
12.072500
19.548700
31.036100
28.788100
29.547500
16.425100
17.673200
11.191700
45.489000
54.524000
59.863000
0.508300
10.391100
10.391100
10.391100
13.533500
5.583000
20.235300
20.135500
31.702900
33.997800
0.561900
13.048100
14.048100
14.048100
0.541000
4.873100
12.277400
12.277400
8.955400
19.819800
19.819800
20.375900
19.819800
6.837700
0.536800
11.602800
11.066000
0.544200
4.245800
4.201400
0.550100
0.541400
0.534800
0.531900
0.530600
0.524700
0.526500
0.528100
0.532900
0.547500
0.531500
0.561000
0.524900
0.532100
0.543000
0.526500
0.534300
0.543900
0.543300
0.542400
0.532200
0.550900
0.544100
1.169000
0.557800
1.096600
0.578600
0.534200
0.528100
0.589700
0.557000
0.548200
0.544500
0.548100
0.544700
0.547100
0.528500
0.541900
66.538800
91.695400
83.483500
99.630800
99.630800
107.638500
85.746800
33.601700
48.499400
62.189800
36.125900
52.837800
21.959300
82.147400
63.701800
84.610700
20.046200
92.797800
82.271700
72.903800
82.967800
106.450100
82.051700
86.842000
83.608900
86.807800
4.001800
20.000300
30.107500
41.105300
41.105300
41.105300
52.107800
41.105300
49.104100
10.142800
5.860800
0.531000
9.981400
0.540700
7.661700
0.559400
6.296800
0.527700
12.601400
0.624300
12.060200
18.413800
0.545800
4.059300
2.000600
0.543300
0.539700
13.567400
0.549200
0.540200
4.050000
0.537900
1.085600
0.538000
0.628800
0.530600
9.378300
0.000000
0.534600
0.543300
0.541700
0.539600
0.550300
0.540900
0.546300
0.546100
0.565300
0.553100
0.539700
0.529300
0.547600
0.532800
1.237600
0.542600
1.067800
0.549400
0.540400
0.530300
0.527000
0.520800
0.528400
0.519800
0.537200
0.544600
0.536700
0.528900
0.542700
0.547500
0.554100
0.535100
0.531400
0.543400
11.555600
10.154700
28.508200
27.295500
11.075800
32.414600
4.821300
22.608400
27.992600
0.542700
12.737400
0.528500
0.530200
0.539100
1.088000
0.542300
0.549300
0.530200
0.539400
0.570700
0.541800
0.549700
1.129200
0.555000
0.540600
0.537900
0.599200
0.538000
1.069500
0.527700
0.548000
0.532300
0.536000
0.521100
0.540400
0.544900
0.531500
0.000000
0.508000
0.529200
0.552300
0.527200
0.529500
0.535300
0.526900
0.530200
0.536900
0.542400
0.543300
0.000000
0.528300
0.559500
0.570400
0.525800
0.718600
0.533400
0.533800
0.531400
0.507800
0.530300
0.546800
0.530400
0.523900
0.525300
0.533400
0.507700
0.540000
0.530700
0.525100
0.545500
0.531500
0.546900
0.534500
0.542200
0.522900
0.533300
0.524300
0.531800
0.531500
0.541300
0.528500
0.529700
0.536800
0.024000
0.562900
0.575600
0.579900
0.536200
0.528700
0.525400
0.537100
0.548100
0.538100
0.530600
0.546600
0.533600
1.066900
0.555900
1.089100
0.939600
0.764100
1.043500
1.142200
0.535500
1.087000
0.548000
0.535700
0.526400
0.526600
0.527700
0.530700
0.521900
0.525600
0.540800
0.551000
0.000000
0.534000
0.039800
0.533300
0.536200
0.531700
0.521500
0.543200
0.533700
0.530200
0.627400
0.526000
0.526900
0.530000
0.534000
0.526000
0.547300
1.051800
0.527900
0.526100
0.535100
1.509000
0.553800
0.546300
0.534100
0.529400
0.538300
0.528900
0.534500
0.509400
0.567000
0.527300
0.534400
0.534600
0.537800
0.507900
0.577300
0.536600
0.530100
11.034900
0.533900
0.537600
0.531500
0.538300
0.532100
0.531900
0.526400
0.531100
0.537000
0.524500
0.527400
0.586700
1.122400
0.508900
0.534600
0.561500
0.532400
0.545200
0.544600
0.533200
0.539800
0.538800
0.539200
0.533200
0.527400
0.536900
0.531300
0.525500
0.564900
0.535900
0.554700
0.508000
0.597600
12.419700
0.536600
8.584300
1.105500
16.074500
0.523100
0.538300
0.543700
0.536900
0.533400
0.544000
0.527100
0.549100
0.545500
0.529400
0.550700
1.086700
0.539900
0.541700
0.562000
0.521700
0.529300
0.536600
0.528400
0.530900
0.506400
0.529600
0.014900
0.525900
0.528400
0.019100
0.527100
0.539200
0.533500
0.528100
0.535600
0.529100
0.530200
0.526500
0.537000
0.520700
0.539400
0.536700
0.531900
0.541000
0.540500
0.531700
0.530100
0.536300
0.532600
0.549200
0.553400
0.536000
0.530900
0.534900
0.533900
35.590900
44.929800
41.932800
0.595400
12.718900
22.465900
18.881700
15.490300
8.459100
26.404500
41.807300
33.029500
36.544600
36.544600
1.133000
0.543400
18.725000
19.757500
3.046000
3.046000
2.539300
0.537200
9.059300
0.535000
0.543000
0.546500
0.545400
0.534300
0.530600
0.527800
0.531500
0.539300
0.529400
1.066200
0.555400
0.543800
1.475200
0.956300
1.483000
0.550000
10.221900
3.678500
1.106000
0.531300
12.894800
0.535800
0.536200
0.526700
0.040200
0.511800
0.537200
0.547200
0.538900
0.533700
0.531900
1.064400
0.546600
0.541700
0.532500
0.556200
0.538600
0.537300
0.522200
0.535700
0.540200
0.538600
0.531000
0.528100
0.536300
0.548000
0.529500
0.529200
0.521600
0.020000
0.527900
0.537000
0.538900
0.529100
0.535300
0.509500
0.534400
0.559400
0.539100
0.528200
0.528100
0.529600
0.533300
0.527600
0.538000
0.531400
0.046200
1.043800
0.531000
0.527700
0.530300
0.549500
0.532100
0.524700
0.529400
0.528900
0.539200
0.538700
0.527500
0.508900
0.555700
0.534200
0.540300
0.532100
0.527900
0.534300
0.542100
0.533700
0.525900
0.529200
0.535700
0.543500
0.533400
0.543600
0.543200
0.543300
0.056800
0.545900
0.542100
1.094500
0.544400
0.531500
0.539700
1.042300
0.545600
1.063600
0.534900
3.103400
17.439100
9.066300
15.507000
18.384500
0.545500
20.482800
20.482800
3.067200
11.739900
1.704000
0.540200
0.530900
18.000800
1.130300
0.526600
0.522300
0.551400
0.542800
0.539300
0.530900
0.533000
0.533100
0.524300
0.535300
0.541400
0.528600
0.533000
0.530800
0.581600
0.547800
0.531500
0.538400
0.508400
0.531900
0.531100
0.539500
0.523600
0.540700
0.528000
0.000000
0.543500
0.535100
0.527100
0.527700
0.524200
0.538700
0.529400
0.540100
0.525400
0.534900
1.077300
1.139900
0.663900
0.526300
0.541500
0.534800
0.535300
0.532800
0.528700
0.539800
0.530100
0.546400
0.537800
0.543000
0.525700
0.528300
0.529800
0.537300
0.547300
0.528800
0.536400
0.532100
0.552600
0.525400
0.537900
0.536700
0.532300
0.534500
0.537900
0.537800
0.537500
0.533500
0.529700
0.586300
0.538500
0.522700
0.544300
0.029300
0.528100
0.529800
0.543100
0.550400
4.348100
1.253800
0.547800
0.532900
0.527400
0.530100
0.536200
0.527100
0.530400
0.534200
0.523600
0.535700
0.539300
0.532600
0.532500
0.531300
0.522200
0.530300
0.546600
0.595200
0.535800
0.604300
0.540300
0.528900
0.526400
0.528600
0.509000
0.548100
0.536400
0.532000
0.543700
0.537300
0.531000
0.547500
0.000000
0.546400
0.530900
0.533700
1.128400
1.093800
4.402100
23.780900
9.693600
21.419000
23.626100
0.868700
0.546200
1.079700
1.090700
6.606000
0.535200
1.364000
1.048400
0.545100
11.039100
0.538700
0.551300
5.076900
1.154800
6.921700
10.265000
17.121000
0.526300
0.533500
0.546600
0.539200
0.538700
0.536200
0.542700
0.556700
0.576900
0.529600
0.528600
0.533800
0.527800
0.536600
0.538600
0.540500
0.540000
0.000000
0.535300
0.533800
0.525700
0.540400
0.528100
0.527300
0.525500
0.545900
0.541600
14.385200
0.527700
20.141900
1.061000
1.060200
10.648900
0.537100
0.536200
10.491200
0.532400
0.531800
0.537000
0.568400
0.534200
0.529100
0.563900
1.066100
0.541400
0.550200
1.055000
0.526900
0.537700
0.530400
1.054400
0.542400
0.533000
5.444700
0.544800
0.551000
10.892000
0.576100
4.903900
6.451100
12.082700
0.551000
0.591200
0.537900
59.526500
41.583700
29.989300
40.001000
58.842900
20.497800
35.480100
32.100300
9.509700
32.455500
26.620800
10.227200
7.002700
12.257800
0.536000
11.247000
1.050300
0.531800
13.051200
0.525300
0.546500
0.549100
1.043900
11.218000
9.955400
0.606700
3.097700
16.131400
21.645300
4.553200
10.960700
14.499100
10.609600
7.410100
11.734600
16.305700
27.343900
24.764800
28.480600
10.551000
18.451700
18.451700
29.705000
24.932400
11.277400
26.122700
0.553700
3.902400
0.571100
7.439400
15.292700
12.531300
14.843100
14.843100
9.578900
1.128000
8.406000
0.533800
9.205100
10.848400
0.543000
4.057200
17.758800
8.188800
13.704800
0.026600
13.591200
0.533900
0.507700
0.524200
0.544600
0.527700
0.537900
0.755300
0.523400
0.532500
0.522000
0.539800
0.526200
0.538500
0.543200
0.531900
0.533900
0.539100
0.531800
0.538700
0.544400
0.536100
0.523600
0.533900
0.531900
0.000000
1.087200
0.561300
0.531500
0.528200
0.529400
0.528600
0.528600
0.529600
0.552900
0.000000
0.526400
0.531500
0.537700
0.529300
0.527500
0.544300
0.526400
0.542900
0.534100
0.534800
0.520900
0.549100
1.136000
0.535700
0.526700
0.558500
0.525800
0.528000
0.531000
0.534600
0.529100
0.530800
0.523100
0.522400
0.534700
0.533500
0.612900
0.534200
1.041600
0.536500
0.542600
0.533900
0.000000
0.539300
0.542900
0.510600
0.530300
0.532800
0.537200
0.544200
0.000000
0.525900
0.539700
0.530500
0.536100
0.526600
0.532500
0.536200
0.532900
0.535300
0.531100
0.530100
0.540900
0.546700
0.537200
0.540000
0.585600
0.543800
0.532400
0.539900
0.554100
0.544300
0.532900
0.533600
0.528800
0.538300
0.531700
0.582400
0.576800
0.526800
0.539700
0.525600
0.533500
0.542200
0.533700
1.082800
0.510500
0.533200
0.536800
0.543800
0.535800
0.542500
0.535900
0.534300
0.540300
0.540500
0.526000
0.535400
0.527400
0.539600
0.537800
0.536300
0.000000
0.000000
0.528300
0.535800
0.539200
0.538800
0.533900
0.551700
0.534400
0.534000
0.529700
0.534900
0.533200
0.535400
0.542800
0.523700
0.522300
0.536300
0.524400
0.532800
0.538000
0.529000
0.525700
0.527200
0.554400
0.527600
0.522300
0.534700
0.536000
0.000000
0.532200
0.532800
0.522500
0.526600
0.537800
0.507900
0.543000
0.529200
0.532200
0.606400
0.566500
0.529400
0.527300
0.533200
0.533100
0.532400
0.530200
0.532600
0.590800
0.537200
1.037000
0.535200
0.534900
0.536700
0.535400
0.538600
0.530100
0.526600
0.534200
0.531100
0.537000
0.546200
0.535000
0.528600
0.546600
0.544400
0.532500
0.537700
0.525200
0.529500
0.524000
0.537000
0.528100
0.000000
0.527900
0.538000
0.535300
0.532100
0.530600
0.527000
0.548600
0.532900
0.529400
0.539100
0.521700
1.095100
0.539900
5.404200
4.305900
1.094400
0.542100
0.529000
1.163000
0.534600
0.541800
0.541100
0.571000
8.341400
1.556500
1.519500
3.899000
7.594400
17.387300
26.625800
12.327200
17.754500
30.976800
19.454100
19.454100
4.345900
3.764000
3.764000
24.992300
5.408800
5.475800
15.961600
16.067300
26.074100
35.273800
44.925000
40.280600
34.743900
35.754600
33.720500
58.961100
22.805700
49.282300
22.735800
45.154100
18.430800
77.040100
53.312300
72.308300
71.312600
72.308300
107.656700
87.771200
1.162100
1.217400
13.515100
39.264300
39.753800
39.753800
1.056400
14.784700
27.167500
26.659900
0.522400
23.675600
27.397000
19.627300
0.649400
17.164700
16.515300
0.528900
0.523900
0.535600
0.536200
0.540400
0.525100
0.540200
0.529900
0.537100
0.537300
0.545700
0.544200
0.528300
0.552000
5.890100
5.338100
7.059000
9.369200
0.546400
0.550000
0.536100
0.530400
0.522100
0.521600
0.540000
0.538100
0.536900
0.554000
0.526600
0.539400
0.535800
0.510500
0.531300
0.522500
0.525500
0.523700
0.509400
0.539100
35.704200
67.563600
76.573500
90.882200
13.339200
19.559900
27.447300
37.394700
42.287900
0.562300
19.076900
19.076900
3.199000
0.527700
24.687600
7.371900
13.217100
4.489100
19.117000
19.697200
1.116000
1.116000
0.028500
7.515100
7.926500
9.198300
9.916500
5.385300
0.547600
0.544300
0.528600
0.559400
0.577900
0.531400
0.531300
0.541900
0.528800
0.535200
0.537300
0.528900
0.560500
1.166200
1.258500
1.074100
0.527800
0.537000
0.533200
0.534100
0.000000
0.545200
0.534400
0.551600
0.540800
0.537400
0.539800
0.506200
0.522500
0.524000
0.537900
0.036100
0.551000
0.542400
0.533900
0.525600
0.541300
0.531600
0.525500
0.543800
0.531000
0.538200
0.529000
0.521400
0.523400
0.559100
0.554200
0.530900
0.531600
0.528200
0.524800
0.529300
0.527900
0.528400
0.532900
0.537200
0.529500
0.523800
0.531900
0.527600
0.530000
0.527600
0.542100
1.097200
0.534700
0.522400
0.528100
0.551600
0.533200
0.542700
0.546400
1.076200
4.453400
3.522100
0.535500
20.328100
1.084700
27.801200
27.884400
24.652000
0.544700
9.063200
0.540000
22.178800
0.526600
0.532700
0.533900
0.523400
0.539400
0.000000
0.541400
0.534400
0.533200
0.553800
0.529800
0.530800
0.533500
0.536400
0.539100
0.526700
0.530800
0.717800
0.527900
0.540700
0.540000
0.532700
0.533200
0.547600
0.527800
0.528900
0.548900
0.526500
0.563700
0.528600
0.522900
0.533700
0.537200
0.523400
0.539300
0.533500
0.509300
0.533100
0.534600
0.529800
0.528500
0.524000
0.532800
3.050000
0.000000
11.998800
0.582900
11.071100
1.064000
20.418700
0.537000
0.532500
0.528000
0.529500
0.527300
0.523200
0.528800
0.525900
0.586300
0.535000
0.539500
0.558800
0.529300
0.525900
1.131000
11.843700
0.546900
11.218900
7.188800
7.890300
8.414200
13.169400
0.561000
4.056000
1.081200
24.039700
20.434400
10.927500
7.139900
17.226100
19.303100
18.925200
33.414400
33.414400
0.532400
12.997500
16.508600
16.508600
8.195400
10.036800
10.033500
0.554600
24.469500
23.616100
2.951600
4.248000
4.248000
15.685900
11.291200
15.890700
3.178300
14.459000
14.459000
1.092800
19.383100
20.383000
19.324200
16.206800
15.668000
16.206800
16.624600
35.194500
0.590400
16.603000
17.052200
19.136900
19.136900
1.084000
0.531800
0.540400
0.744000
0.538500
10.016700
0.546300
15.836100
0.538200
4.206600
0.529100
0.561000
10.626200
0.533400
0.534500
0.522400
0.537600
0.525700
0.529400
0.525400
0.531000
0.546300
0.507200
0.542600
0.354500
0.539200
0.531900
0.527200
0.523500
0.540300
0.530100
0.534900
0.520100
0.528400
0.544500
0.527600
0.532900
0.526600
0.532400
0.525100
0.532200
0.524900
0.521600
0.515800
0.521100
0.536500
0.540600
0.530600
0.530700
0.538500
0.530200
0.522400
0.534700
0.538000
0.535700
0.532300
0.530400
0.534600
0.526300
0.536700
0.534700
0.522600
0.533700
0.032700
0.505900
0.528600
0.548800
1.080200
0.525000
0.532500
0.525400
0.506000
0.536600
0.528200
0.537100
1.082200
0.544400
0.532800
0.533100
0.531600
0.535600
0.527300
0.537800
0.538300
0.537400
0.538100
0.531700
0.535600
0.533400
0.533500
0.531400
0.540500
0.529000
11.159900
0.595700
10.059300
13.890700
17.099300
20.476100
0.541200
10.650900
18.519400
1.072200
9.805000
9.805000
3.802800
4.315900
1.091500
0.542500
0.549200
0.539500
12.438500
0.545600
1.079900
0.528200
4.049300
4.274100
0.552300
1.128300
18.505800
0.543200
0.536000
0.526600
0.535200
0.545400
0.539100
61.446600
72.916800
92.123400
109.462100
135.638400
72.391200
76.213200
111.465300
4.478200
8.472400
18.646600
36.640500
37.148200
60.770800
12.775100
23.399300
24.254100
37.218900
44.313600
44.313600
0.538400
21.616500
21.616500
21.616500
36.065900
24.384500
39.622500
1.176100
4.315700
4.930100
19.449100
1.096500
23.003400
24.003300
1.106300
40.164000
40.164000
23.259700
12.207700
36.554400
30.674700
30.674700
41.100300
37.512800
15.829400
19.482100
22.488400
52.557200
49.421000
67.806500
44.872300
32.757500
27.230500
32.254700
21.610600
20.105600
36.613500
47.752900
46.672200
35.701900
67.934200
34.002800
0.579100
13.658700
13.658700
13.658700
44.652300
43.505600
1.462300
25.558200
34.338200
34.929300
1.967800
17.825800
16.511200
38.519500
13.585500
26.948900
15.660000
11.428200
11.428200
39.221600
45.133900
0.667700
6.519500
20.521200
25.378600
1.284400
7.201200
4.002100
5.003200
28.999300
0.552300
11.847600
23.410100
0.538300
5.589900
6.255200
30.015000
30.015000
4.285700
4.285700
3.741600
4.285700
4.701600
10.842300
0.541800
0.534600
0.540600
0.536700
0.531100
0.546900
0.521800
0.550500
0.543800
0.532700
0.010000
0.529000
0.538600
0.543700
0.533000
0.537600
0.535000
0.525900
0.530600
1.067900
0.546900
0.524500
0.539900
1.039300
0.533600
0.024400
0.535800
0.526700
0.538900
0.531000
0.510600
0.546000
0.534700
0.524300
0.528900
0.530700
0.533200
0.566800
0.534000
0.529700
0.535700
0.537800
0.527300
0.000000
1.087100
0.525500
0.530800
0.535600
1.115300
0.526300
0.539900
0.541400
0.582500
8.626300
1.083300
10.907500
0.546700
8.066300
4.764800
10.392600
0.533300
11.572400
0.546600
1.038100
0.529700
0.537400
0.608000
0.000000
0.581300
0.565800
0.529600
0.528300
0.663700
0.533000
0.535000
0.527600
0.534300
0.534200
0.543800
0.541000
0.537200
0.027300
0.522700
0.529300
0.532100
0.524000
0.530000
0.533600
1.062600
0.547900
0.571700
11.168400
5.612900
0.538300
8.963400
9.850200
0.535800
10.683500
0.526000
10.552600
0.524400
4.190300
4.283400
0.537900
10.368200
0.545000
0.533500
0.535700
0.523100
0.538800
0.531900
0.532900
0.526500
0.521400
0.527600
0.537600
0.535200
0.526800
0.556600
0.536100
0.537000
0.528900
0.529600
0.531700
0.532800
0.539100
0.528300
0.528000
0.537200
0.526200
0.544100
0.544300
0.527100
0.545400
0.534500
1.075800
0.548900
0.548800
0.526800
0.000000
0.543000
0.554000
0.539500
1.079000
0.541500
0.523400
0.540800
0.507700
0.530800
0.530400
0.529500
0.522200
0.525100
0.532700
0.551000
0.525500
0.534000
0.532000
0.538300
0.530400
0.547100
0.527500
0.529400
0.529900
0.531700
0.540200
0.530900
0.578800
0.542200
0.538600
0.000000
0.531300
0.523600
0.531900
0.523700
0.531300
0.536600
0.553100
0.528400
0.535500
1.090100
0.533800
0.536400
0.553800
0.541700
0.534400
0.508200
0.538100
0.522300
0.535800
0.526100
0.539000
0.535700
0.535700
0.530100
0.535300
0.573400
0.534500
1.082800
1.161100
1.537700
1.161900
1.060900
1.082500
0.547600
0.530800
10.727800
5.082400
0.559300
0.934000
1.189900
0.546700
0.552500
0.535500
0.535800
0.529800
1.075900
0.590900
0.544400
0.537900
1.072800
0.599200
0.588300
10.493400
18.323300
0.557600
3.698700
0.585200
12.391600
18.394300
0.507100
13.688900
13.688900
0.543800
13.768400
13.768400
16.160500
49.392100
0.625500
1.156200
18.682200
9.000100
28.183300
9.368200
21.779000
37.140500
20.098300
14.989100
11.038700
14.038900
19.373300
15.524900
14.999300
15.319700
7.591400
13.051600
0.546500
12.189700
21.011100
0.539300
4.053200
1.598500
7.233700
0.537400
6.480000
0.549000
4.203700
3.711100
0.579700
10.691000
18.433000
49.398700
56.476900
34.769400
21.884600
37.325200
17.890200
40.282800
43.913800
30.614700
45.502500
17.776300
25.479600
16.379800
21.216200
50.793400
46.630200
20.225200
10.923600
6.698500
16.520300
23.222900
1.807800
17.508700
0.531800
10.632300
0.542600
0.526800
0.543900
0.541400
0.527600
0.538800
0.527200
0.536100
0.533300
0.532800
1.070300
0.548200
1.082800
4.358700
9.732800
5.542900
4.833600
0.571700
9.546100
3.752000
31.969400
35.068800
15.819200
10.182800
0.537700
21.519100
0.579900
19.212200
0.559200
0.540100
0.544400
0.507200
1.092800
0.544300
0.538400
5.421900
0.549400
7.810300
0.540100
0.564500
0.535800
0.542500
0.532400
1.068400
0.542000
0.536500
0.533100
0.535300
0.541800
1.160400
0.547600
0.549500
0.536900
0.536200
0.546400
0.536600
0.531800
0.623200
0.535800
0.523300
0.567800
0.532800
0.546900
0.000000
0.528800
0.523600
0.531700
0.533000
0.014900
0.542800
0.530200
0.540100
0.532900
0.510600
0.560300
0.528100
0.534800
0.527000
0.528800
0.566800
0.557100
0.542800
1.089600
0.551300
1.272300
1.128800
0.542900
0.539500
0.549600
0.531800
0.696800
7.725900
20.543300
0.797300
0.529000
0.629600
15.431200
22.811100
0.534000
11.046700
10.238000
10.238000
10.238000
10.238000
10.735500
14.661900
46.443500
49.027300
46.443500
40.928100
3.637700
45.752400
49.215700
24.046600
28.112000
28.112000
34.560300
41.934800
18.770800
14.517200
41.343900
42.850000
37.955000
61.714400
23.041300
0.537000
26.752200
23.539700
30.055500
64.372400
48.747200
67.777900
74.779700
5.670800
18.985500
18.477700
18.985500
25.935100
58.870800
1.049000
33.032500
49.923000
50.429100
4.319100
0.611000
12.434600
12.537400
24.075300
0.548500
6.320400
6.320400
6.320400
4.971600
14.019400
25.694100
34.984900
46.348500
11.763500
51.247900
70.140000
118.551100
72.435500
39.469200
51.914200
65.696700
57.485600
47.201600
54.945900
64.215100
45.340500
76.935300
75.025300
46.055100
80.453700
60.454900
123.951600
111.972200
131.155000
207.318400
137.567600
159.083800
173.299800
212.240900
240.907800
234.909100
31.668600
55.342400
269.922100
267.053800
267.440200
74.122500
255.338400
249.338100
50.465600
118.600500
57.617900
122.921300
93.107200
117.038000
66.401900
141.099900
100.295800
135.286900
95.876800
112.701300
141.026600
128.302200
134.878400
106.498300
101.721300
93.235700
128.824100
118.310000
45.466500
37.945200
111.547900
136.116200
149.143500
139.096600
107.955700
115.795100
163.430700
192.725300
197.098400
174.723500
209.170800
220.526900
241.125400
75.702800
197.765900
84.445900
92.570700
102.838300
150.204800
111.953000
150.664000
89.930600
70.967500
117.627400
121.160100
88.282900
114.575300
162.497000
207.797200
158.876600
117.682700
148.497700
149.007100
174.743700
191.096800
201.945700
121.546800
205.170300
147.049900
146.572500
126.190900
131.493900
28.559100
42.862100
91.266700
74.553900
51.721500
86.964100
83.548000
109.993800
134.679800
121.146000
109.993800
146.796500
138.554700
139.981200
196.905100
200.404500
200.404500
201.038300
217.088200
157.046900
218.011500
29.597300
29.597300
30.603300
30.603300
45.606200
179.616700
161.370400
155.304700
210.691100
240.692800
225.000400
213.348800
345.235500
121.592900
297.913400
65.880700
312.296800
299.702400
330.014100
326.014000
217.293600
426.400200
228.052500
233.050400
249.752500
382.316800
304.216000
359.027100
326.442300
307.101000
263.564400
388.790400
399.192100
164.783600
690.347600
411.650200
166.107300
396.483700
427.690000
364.028900
398.093200
196.738600
389.428000
159.009700
37.927400
34.413500
34.413500
62.383700
294.226600
241.420400
285.536800
241.105900
215.878600
247.505700
246.734900
255.597100
118.523700
314.672900
283.779900
209.192600
182.562900
325.704800
182.562900
216.125300
215.709900
233.709000
307.111800
266.444600
76.293500
110.386500
137.532800
143.542500
132.395500
168.274600
190.871900
179.649000
73.061000
189.888500
77.063300
210.139400
179.430100
196.274800
196.180300
161.702400
133.058300
76.298500
238.367000
169.755900
116.706300
226.376000
225.841500
193.665900
188.662700
188.320400
124.310800
67.236400
57.214200
75.123400
75.365100
79.364900
101.525500
139.480200
139.480200
129.495700
87.208400
114.728700
129.879700
154.767300
113.527900
10.585300
147.167600
151.168900
195.091100
118.741600
119.788000
32.117300
46.520800
44.104000
44.363800
197.248300
188.881100
153.672000
160.672200
156.367400
110.065000
63.900500
53.393700
51.080800
60.849300
99.549200
92.462600
98.282000
115.789700
125.939200
125.430900
128.887500
121.909800
124.557300
24.038300
30.227500
39.517600
39.370100
170.935200
61.620700
170.935200
86.239600
88.658700
85.333400
32.779000
26.957500
118.945200
135.734300
121.597300
43.073000
91.720000
100.052000
108.884300
156.559500
168.459200
133.344100
108.390800
174.650900
117.385300
89.942300
14.846800
8.655800
68.087700
73.711400
74.554500
72.547500
80.924300
13.610600
112.024100
104.399200
104.399200
2.883400
123.192800
126.339400
127.967600
144.246200
22.152900
19.677900
58.468600
58.976900
36.818900
43.676100
22.277000
97.828500
71.368700
70.860400
70.533400
152.474000
107.224600
95.346000
4.079500
32.725600
33.246900
32.714500
38.362000
33.246900
70.713900
77.160000
77.135100
0.684100
8.668900
8.668900
8.668900
43.896500
0.589200
18.544400
18.912300
19.501500
19.501500
0.533800
10.636100
1.591600
22.711800
0.562100
10.591300
1.073900
0.542600
0.540300
0.541000
0.536300
1.079100
0.550200
0.532800
0.544300
0.506400
1.083000
10.973100
1.615200
46.871900
46.871900
1.012200
11.717900
25.172000
38.438800
1.165000
27.593300
32.594200
35.593700
13.626600
0.863700
11.820000
26.070700
33.873500
25.957200
18.294300
26.438800
23.278000
17.340900
0.543400
10.874600
10.852900
1.186000
14.458000
16.188100
15.096500
21.539400
23.263500
23.263500
2.734000
1.615000
0.534600
4.220600
13.255000
33.617200
30.710500
1.204800
22.376900
20.752800
1.044200
10.211900
10.211900
8.335900
11.522200
0.545100
11.178800
1.077200
7.387100
0.864200
0.508600
12.626200
0.546000
0.550800
6.688100
1.096300
8.600200
0.539500
0.539600
0.553300
2.730700
1.041600
0.531400
0.542700
0.531800
0.542500
0.553100
0.585300
0.537900
0.030700
0.541400
0.537900
0.543900
0.041600
0.526000
0.537400
0.546200
0.533200
0.529900
0.534800
0.509400
0.528700
0.538600
0.534000
0.000000
0.527200
0.531100
0.537100
0.541700
0.541800
0.538000
0.540600
0.530700
0.538500
1.034700
0.536300
0.529600
0.527400
1.120400
4.321500
1.138400
11.284700
0.573200
17.484900
0.544500
0.536900
13.882500
0.526100
0.535800
0.570700
0.000000
0.537000
0.536700
0.534800
0.532800
0.534500
0.540800
1.062100
0.535400
0.547200
0.584900
0.539900
0.546300
0.534200
0.535900
3.741200
5.873700
0.559200
13.294600
1.086600
6.057300
18.725400
11.004300
5.556700
7.163500
0.542700
3.592000
13.680600
0.997800
7.000900
0.536300
15.134400
0.532800
19.245200
1.089100
11.126400
3.761800
11.506600
1.043900
0.535400
0.534600
0.531600
0.532300
0.533500
0.538700
0.536100
0.533500
0.537800
0.538400
0.539300
0.537900
0.538700
0.536300
0.529700
0.538900
0.530600
0.535700
0.532400
0.023500
0.544100
1.037300
0.546300
1.077300
0.532500
1.279700
1.093000
0.549700
0.582600
0.644600
0.536600
0.543900
0.536700
0.538800
0.539000
0.602200
0.531500
0.540300
0.534900
0.584100
0.529500
0.537200
0.543200
0.533000
0.534300
0.536000
0.537700
0.552700
0.545000
0.536100
0.531700
0.584900
0.534700
0.520500
0.535300
0.540900
0.531900
0.541400
0.590400
0.540500
0.527700
0.533800
1.078000
0.550100
0.533300
0.532300
0.544400
0.533400
0.543700
0.532600
0.540100
0.535900
0.541000
0.542400
0.536000
0.534900
0.031300
0.537000
0.541900
0.536100
0.582100
0.533600
0.570900
0.538600
0.524600
0.543500
0.541100
0.568500
0.542700
0.530800
0.506000
0.524300
0.536600
0.534700
0.547000
42.587400
5.876000
12.413900
0.533000
0.550700
19.712700
30.086000
5.453300
13.270100
12.577700
0.537200
10.733100
0.545500
8.041900
0.527600
0.542300
0.554200
0.530500
0.556100
0.551800
0.613200
0.534300
1.069000
0.506100
0.551800
0.027600
0.529400
0.536400
0.533300
1.074400
0.509100
0.527000
0.533000
0.528100
0.533400
0.540900
0.508800
0.539900
0.533500
0.535600
0.536400
0.534000
0.535600
0.534800
0.533800
0.538400
0.509900
0.548900
0.540000
0.521300
0.540800
0.544200
0.543200
0.534500
0.532600
0.531300
0.524400
0.533200
0.531500
0.532700
0.531300
0.531200
0.525400
0.584400
0.538800
0.528000
0.529000
0.540000
0.533600
0.522700
0.529700
0.537100
0.539800
0.542000
0.549800
0.542400
0.537200
0.521000
0.530800
0.547200
0.580700
0.532500
0.527500
0.510100
0.526800
0.532700
0.529900
0.527800
1.040800
0.568600
0.537100
0.530200
0.536600
0.535200
0.534500
0.523100
0.535300
1.101300
0.534700
0.533500
0.534300
0.535900
0.779800
0.520200
0.532100
0.531300
0.531200
0.534000
1.055300
0.532100
0.521600
0.531700
0.507300
0.538600
0.534900
1.000500
0.535900
0.525900
0.525200
0.539700
0.533000
0.540200
0.528100
0.535900
0.553800
0.541400
0.543400
0.530400
0.000000
0.544200
0.536400
0.524200
0.529300
0.546300
0.532000
0.535000
0.536900
0.535600
0.529500
0.527200
0.529300
0.539500
0.531800
0.577700
0.535500
0.530200
0.538300
0.530100
0.534700
0.564100
0.121300
0.533400
0.530500
0.533800
0.535100
0.525400
0.538300
0.531600
0.524800
0.539800
0.526700
0.524300
0.588100
0.534300
0.537700
0.513300
0.533300
1.073400
0.526100
0.542900
0.534000
0.524300
0.522000
0.529600
0.524900
0.534700
0.000000
0.534800
0.036200
0.524900
0.529800
0.531400
0.534100
0.542400
0.589600
0.531100
0.544300
0.523900
3.679900
0.540000
0.545500
12.006500
0.529000
0.595300
0.543900
12.378300
0.526900
0.529400
0.528700
0.553800
0.530500
0.534100
0.541200
0.542200
0.535000
0.535300
0.540100
0.529600
0.533900
0.529400
0.529800
0.538000
0.524000
0.000000
0.564100
0.578300
0.532500
0.611900
1.030600
0.532900
0.537100
0.538400
0.538300
0.529000
1.114800
0.578800
0.532500
0.529500
0.561000
10.817000
0.526200
0.536200
0.524100
0.529500
0.532800
0.544600
0.537600
0.520600
0.527600
0.534500
0.531700
0.531900
0.539200
0.538900
0.531800
0.550100
0.528500
0.524000
0.535600
0.536200
0.541500
0.551300
1.120600
0.508800
0.509200
0.527400
0.529400
0.525200
0.522400
0.538000
0.547100
0.534100
0.530800
0.534200
0.552000
0.550100
0.524100
0.539900
0.544200
0.544700
0.540100
0.565200
0.533100
0.548800
0.532600
0.519600
0.534900
0.526100
0.508800
0.521500
0.541400
0.532000
0.538800
0.538600
0.522100
0.541000
1.084900
0.534900
0.547600
0.532900
0.552300
0.540900
0.528900
0.538600
0.530700
0.533000
0.542000
0.528400
0.531500
0.529600
0.532700
0.531000
0.555400
0.529300
0.531500
0.540000
0.530300
0.534000
0.530800
0.532400
0.542900
0.532800
0.525200
0.008400
0.530300
0.539400
0.524500
0.529200
0.539600
0.531700
0.535800
0.529300
0.526500
0.536500
0.000000
0.000000
0.542400
0.686200
0.535300
0.536600
0.737200
1.135400
0.537800
0.559100
0.530800
0.540000
0.535400
0.532700
0.533500
0.535400
1.079700
0.541700
0.536600
0.527400
0.536400
0.534600
0.549300
0.535200
0.528400
0.573300
0.000000
0.525300
0.524700
0.528900
0.533100
0.530000
0.537200
0.528900
0.546900
0.524700
0.538500
43.365600
10.088600
21.258100
1.593200
6.603800
5.728300
33.001400
0.530300
4.045900
4.948100
4.948100
0.543600
6.858700
0.543400
10.739800
0.541000
7.374000
0.531300
0.531400
0.548100
0.548600
0.541000
0.543300
0.535500
0.529000
0.533800
0.531700
0.541700
0.542100
0.028900
0.530000
0.522700
0.538600
0.527400
0.532100
0.535800
1.114000
0.525400
0.530400
0.526900
0.531900
0.540700
0.507200
0.528300
0.535800
0.523200
0.536100
0.530700
0.521400
0.580200
0.531800
0.506700
0.527500
0.535900
0.536900
0.545800
0.529300
0.525800
0.527200
0.543300
0.535100
0.529100
0.000000
0.527100
0.540400
0.566700
0.530500
0.519200
0.534400
0.532200
0.530200
0.537600
0.531500
0.531200
0.533100
0.529400
0.535900
0.533800
0.536700
0.529100
0.522900
0.528300
0.537800
0.525700
0.532500
0.523600
0.530900
0.000000
0.523400
0.533200
0.529200
0.526200
5.463300
0.534800
0.596700
15.323200
23.786700
0.551900
0.526300
0.540900
0.540700
0.547300
0.523700
0.524900
3.086600
0.525500
0.527500
0.519500
0.549800
0.524100
0.539400
0.533600
0.540400
0.546700
0.534500
1.073400
0.541400
0.528100
0.017700
0.521200
0.180600
1.000700
0.541300
0.048500
0.533000
0.506200
0.574800
0.526000
0.532600
0.533800
0.552000
0.526200
0.524500
0.526800
0.529800
0.529500
0.523200
1.055400
0.541100
0.000000
0.536400
0.000000
6.948200
0.673300
0.533800
0.552400
0.537700
0.550500
0.520800
0.522900
0.523800
0.521900
1.088600
0.533500
0.532200
0.027400
0.000000
0.532100
0.529700
0.525100
0.544700
0.536000
0.530000
0.535500
0.522900
0.535900
0.556900
0.525800
0.531400
0.550400
0.531900
0.535300
0.527600
0.545800
0.529900
0.537800
0.529100
0.530100
0.839300
0.535200
0.529000
0.544900
0.535400
0.528800
0.532300
0.529300
0.534700
0.539400
0.534300
0.524700
0.525200
0.524500
0.534800
0.531100
0.522800
0.534000
0.555600
0.550500
0.000000
0.526200
0.529200
0.536100
0.527000
0.528800
0.546500
0.542300
0.538100
0.533700
0.530400
0.530300
1.087500
0.533300
0.532200
0.523300
0.524600
0.523300
0.530000
0.531000
0.534700
0.534000
0.529600
0.528900
0.539700
0.536200
0.550700
0.536600
0.528200
0.528100
0.539700
0.548600
0.539300
0.525500
0.542800
0.506300
0.757700
0.534500
0.534500
0.521100
0.538700
0.535000
0.531200
0.529700
0.537700
0.000000
0.553800
0.543400
0.508500
0.550500
0.537100
0.537700
0.541000
0.506500
0.536300
0.533200
0.544100
0.543000
0.000000
0.528000
0.530700
0.535500
0.549000
0.529900
0.545000
0.551500
0.536500
0.530200
0.524200
0.539700
0.539600
0.524500
0.529500
0.533300
0.538200
0.520600
0.533600
0.526400
0.015800
0.544100
0.531900
0.535500
0.534300
0.533000
0.524300
0.506200
1.065900
0.547300
0.539900
5.193500
0.537100
6.301900
8.518900
0.528200
0.531800
0.537800
0.555700
0.538900
0.535100
0.536700
0.000000
0.506900
0.506900
0.530900
0.531900
0.529400
0.533900
0.533100
0.538800
0.559400
0.526600
0.529700
0.549400
0.525900
0.531100
0.529000
0.532600
0.528800
0.533200
0.531800
0.543500
0.550900
0.533500
0.524300
0.532900
0.536100
0.537900
0.528200
0.544500
0.542400
0.540400
0.542100
0.530700
0.528400
0.545600
0.538400
0.540500
0.531600
0.521400
0.536300
0.532600
0.000000
0.539000
0.509700
0.548600
0.533600
0.532300
0.538900
0.540000
0.541900
26.594400
52.668900
97.789300
28.339700
14.338100
13.811000
13.811000
37.330100
21.221700
35.683700
30.856500
25.548100
15.110900
55.504000
1.038700
12.101200
12.632900
7.097400
13.688700
0.546600
0.534000
0.543300
0.539800
0.546300
0.531200
0.547300
0.521600
0.537500
0.511300
0.525000
0.543400
0.542400
0.534100
0.540300
0.522000
0.535400
0.521000
0.538200
0.534800
0.539600
0.525000
0.527000
0.534000
0.536000
0.585000
0.540400
1.091500
0.539700
0.534300
0.534600
0.636400
0.520300
0.529100
0.534000
0.524300
0.520400
0.536900
0.534900
0.532200
0.538000
0.533600
0.529400
0.539000
0.542200
0.525400
0.522600
0.530000
1.052700
0.574900
0.538600
0.530800
0.540800
0.534400
0.524800
0.541400
0.526300
0.535900
0.529100
0.534600
0.536700
0.538100
0.608800
0.507600
0.542300
0.535100
0.537600
0.544200
0.524100
0.000000
0.535400
0.529300
0.534500
0.533400
0.526500
0.527000
0.000000
0.532700
0.530000
0.530000
0.533200
0.530900
0.540100
0.523000
0.536500
0.532800
0.540800
0.528500
0.527200
0.042900
0.542800
0.524400
0.527300
0.533600
0.529200
0.527600
0.537100
0.535300
0.507800
0.536400
0.532800
0.531400
0.539100
0.531700
0.539500
0.552900
0.523700
0.541300
0.523700
0.530600
0.530500
0.537000
0.531900
0.532200
0.525500
0.531100
0.529900
4.177200
0.533700
0.531100
0.524600
0.525400
0.536700
0.535800
0.535600
0.527600
0.539200
0.531300
0.526600
0.532200
0.534000
0.531300
0.532000
0.507600
0.535900
0.546100
0.525700
0.524200
0.530300
0.532200
0.528600
0.528400
0.529800
0.536100
0.523600
0.034200
0.553200
0.533800
0.535300
0.533900
0.528500
0.528600
0.535500
0.546300
0.539300
0.531700
0.531400
0.540900
0.525800
0.532400
0.521300
0.553200
0.025600
0.533100
0.576000
0.530200
0.547000
0.537500
0.536800
0.527800
0.532800
0.530200
0.534200
0.532400
0.538300
0.546000
0.520900
0.522400
0.526900
0.543000
0.533300
0.538400
0.540400
0.506500
1.040600
0.527100
0.000000
0.536200
0.527900
0.537200
0.539600
1.096200
0.529800
0.541000
0.542100
0.520600
0.534100
0.548300
0.550000
0.533400
0.538600
0.541900
0.543100
0.534600
0.534500
0.539900
0.528100
0.533600
0.527600
0.542700
0.540200
0.531500
0.054300
0.534700
0.529000
0.530000
0.529800
0.532600
0.534200
0.027400
0.535000
0.534300
0.533800
0.542900
0.000000
0.541000
0.533500
0.532700
0.534900
0.542400
0.529700
0.541800
0.558800
0.528200
0.531300
0.524500
0.000000
0.532900
0.527100
0.523800
0.536000
0.625500
0.530200
0.529800
0.563900
0.526100
0.506500
0.079200
0.530000
0.533200
0.000000
0.540600
0.522300
0.532100
0.014900
0.522900
0.524500
0.526000
0.538000
0.046200
0.536700
1.074900
0.533600
0.539100
0.530200
0.526400
0.537200
0.528400
0.029500
0.535000
0.524300
0.539900
0.533700
0.534700
0.537600
0.542400
0.540100
0.532800
0.541000
0.533300
0.531000
0.541800
0.033500
0.532300
0.534500
0.560000
0.528700
0.537500
0.543100
0.550600
0.529100
0.536400
0.524300
0.529700
0.525500
0.528100
0.528900
0.533700
0.535000
0.530900
0.522900
0.529900
0.526500
0.526900
0.539800
0.000000
0.508600
0.537900
0.535000
0.526700
0.541200
0.527100
0.545300
0.506900
0.534400
0.509400
0.533700
0.535800
0.536100
0.532500
29.093200
42.826300
18.058600
22.053000
0.539900
9.047200
20.537600
1.972200
4.230900
0.544500
14.060600
0.545300
1.083400
0.527200
0.530400
0.530600
0.531900
0.526900
0.539600
0.532300
0.520100
0.535100
0.542800
0.531100
0.000000
0.532200
0.531100
0.523400
0.532000
0.543600
0.527000
0.537800
0.535700
0.526600
0.532900
0.509200
0.549300
0.528000
0.521100
0.531100
0.543700
0.536400
0.607800
0.527200
0.532200
0.563700
0.535600
0.523000
0.526300
0.524100
0.542500
0.533600
0.547600
0.536700
0.541300
0.533400
0.542000
0.525500
0.533700
0.506800
0.552300
0.528100
0.532100
0.000000
0.532800
0.535300
0.533200
0.533600
0.559100
0.521500
0.532400
0.521000
0.525500
0.535500
0.540600
0.599300
0.537300
0.528600
0.011700
0.537100
0.529800
0.530900
0.533700
0.533300
0.543700
0.548100
0.028200
0.526500
0.530000
0.548200
0.529100
0.542300
0.533000
0.532200
0.507000
0.529600
0.536500
0.531900
0.529500
0.538400
1.091400
0.549500
0.547600
0.538200
0.535800
0.530700
0.535200
0.533000
0.552100
0.522500
0.534000
0.533900
0.532800
0.535300
0.530800
0.025500
0.532200
0.560000
0.529900
0.558100
0.529400
0.535200
0.537600
0.559700
0.520800
0.000000
0.530300
0.531400
0.532400
0.528900
0.524500
0.522200
0.523200
0.532700
0.547400
0.015000
0.000000
0.534100
0.538300
0.527900
0.508400
0.535100
0.527700
0.534200
0.538200
0.603400
0.527100
0.529600
1.043500
0.530900
0.621100
0.534800
0.535400
0.534600
0.525300
0.522900
0.531000
0.539100
0.525900
0.541100
0.554900
0.507500
0.549500
7.492300
16.995200
16.457600
0.196800
12.572100
0.535900
0.536000
0.529000
0.521800
0.529100
0.540900
0.540800
0.531400
0.546300
0.000000
0.537700
0.024800
0.534700
0.539500
0.532000
0.530600
0.000000
0.535000
0.527100
0.000000
0.534000
0.533600
0.537400
0.248900
0.565000
0.509300
0.534900
0.551100
0.537200
0.538900
0.535400
0.541800
0.539300
0.551500
0.534900
0.524400
0.532400
0.541700
0.533000
0.527900
0.530300
0.529200
0.538400
0.532700
0.522000
0.528400
0.530000
0.910700
0.526000
0.506400
0.541900
0.528100
0.525500
0.529000
0.542100
0.537900
0.540400
0.532800
0.534500
0.532100
0.521800
0.526700
0.532200
0.524300
0.534000
0.540700
0.526500
0.530500
0.532800
0.529500
0.538000
0.526100
0.544200
0.529900
0.537500
0.527600
0.528800
0.536800
0.527000
0.522800
0.533500
0.529900
0.536100
0.524900
0.538900
0.532300
0.531400
0.528000
0.536800
0.530900
0.533900
0.531600
0.545600
0.528200
0.531300
0.521400
0.531000
0.529700
0.538200
0.529400
0.524200
0.530700
0.527500
0.533400
0.523100
0.532900
0.544100
0.540800
0.535800
0.538800
0.532900
0.549600
0.528700
0.540200
0.543400
0.545400
0.534600
0.548400
0.000000
0.543600
0.530600
0.530800
0.534500
0.544700
0.538800
0.555200
0.528500
0.532700
0.545900
0.528100
0.528600
0.030700
0.532700
0.529700
0.540900
0.000000
0.536400
0.527800
0.536100
0.533200
0.530800
0.525100
0.535000
0.546600
0.528400
0.543800
0.533100
0.537200
0.524400
0.000000
0.541200
0.000000
0.567400
0.541300
0.536800
0.535600
0.324600
0.531700
0.549500
0.538500
0.538000
0.539300
0.550100
0.532800
0.535600
0.530900
0.534900
0.528200
0.550400
0.536600
0.527800
0.530500
0.530600
0.543900
0.536900
0.528200
0.537900
0.541700
0.547100
0.000000
0.507300
0.536700
0.529100
0.529400
0.532600
0.543200
0.532400
0.526900
0.510500
0.570000
0.545400
0.539600
0.527800
0.528200
0.540600
0.530700
0.031400
0.536600
0.025000
24.873500
47.099100
40.540300
42.274000
1.079300
28.516600
29.057200
28.516600
27.244600
26.925100
26.415200
19.840000
0.542200
18.055700
18.055700
0.539300
16.962100
3.145200
0.529600
11.205100
0.543900
0.533400
0.544900
0.535500
0.535400
0.533400
0.543200
0.532800
0.043000
0.535300
0.536300
0.540700
0.524800
0.536300
0.536600
0.540100
0.543000
0.529400
0.528500
0.523200
0.534100
0.536400
0.534000
0.529600
0.541300
0.525100
0.554600
0.533400
0.532600
0.539200
0.537100
0.547200
0.539400
0.539700
0.527900
0.510200
0.000000
0.541200
0.522100
0.533700
0.531000
0.533900
0.568000
0.539300
0.535700
0.536200
0.539400
0.533300
0.545200
0.531600
0.539200
0.528200
0.533300
0.533600
0.541300
0.529900
0.534600
0.528800
0.544500
0.530300
0.531700
0.542900
0.523100
0.607700
0.527300
0.530500
0.540100
0.538200
0.535400
0.531300
0.533200
0.572000
0.531400
0.538400
0.540200
0.530100
0.536700
0.536800
0.535200
0.531600
0.526800
0.536900
0.538200
0.540300
0.511800
0.546700
0.534900
0.538100
0.538600
0.544300
0.536000
0.530300
0.531800
0.533300
0.530500
0.521500
0.537000
0.532000
0.543400
0.576900
0.587200
0.523600
0.533000
0.525900
0.532200
0.527300
0.527800
0.547600
0.028300
0.530100
0.526200
0.556700
0.530200
0.534100
0.000000
0.521800
0.529700
0.536900
0.000000
0.531000
0.538600
0.526600
0.541500
0.537400
0.543700
0.544700
0.530900
0.021300
0.529100
0.535800
0.541200
0.538500
0.534700
0.507400
0.000000
0.538200
0.000000
0.542200
0.535900
0.548100
0.535200
0.542400
0.549500
0.542600
0.540900
0.544100
0.532000
0.547400
0.523100
0.541900
0.542800
0.535000
0.540300
0.531600
0.545700
0.541100
0.543600
0.536800
0.540700
0.527000
0.535200
0.553900
1.053600
0.542100
0.531800
1.082600
0.537400
0.533500
0.534400
0.547100
0.543700
0.544400
0.528600
0.542600
0.527300
0.531100
0.000000
0.541300
0.548000
0.539200
0.539100
0.548200
0.555900
0.539400
0.544300
1.230000
0.531600
0.530900
0.536600
0.531500
0.531900
0.032300
0.544100
0.560400
0.532600
0.549500
0.548100
0.538800
0.540200
0.540100
0.544100
0.537700
0.540000
0.539100
0.544100
0.533000
0.640200
0.528700
0.549600
0.534400
0.000000
0.526800
0.533700
0.529700
0.540900
0.542700
0.507700
0.530800
0.529400
0.532900
0.529600
0.532800
0.529600
0.544900
0.520100
0.522500
0.533700
0.544100
0.533200
0.530700
0.538400
0.532200
0.530300
0.530200
0.531300
1.061700
0.535300
0.541000
0.529300
0.529700
0.535300
0.536200
0.523700
0.542700
0.546900
1.077800
0.520500
0.528900
0.546500
0.526900
0.000000
0.563200
0.529700
0.541300
0.524300
0.521700
0.537800
0.530700
0.530800
0.529900
0.534900
0.546700
0.000000
0.532700
0.525900
0.534200
0.533800
0.531500
0.536500
0.526200
0.532400
0.537300
0.532100
0.537200
0.527900
0.526600
0.528300
0.552800
0.531800
0.532200
0.537500
0.544700
0.533300
0.521200
0.528800
1.079900
0.532500
0.525200
0.533100
0.522800
0.537000
0.533600
0.525200
0.532700
0.596200
0.533000
0.528800
0.536700
0.529400
0.522500
0.532500
0.526000
0.534400
0.532600
0.529700
1.035900
0.544000
0.528700
0.541500
0.540000
0.529900
0.529100
0.521100
0.531200
0.538100
0.524400
0.524800
0.525800
0.541000
0.543800
0.531700
0.544800
0.547000
0.531400
0.525800
0.526100
0.527100
0.533500
0.530900
0.527200
0.521800
0.508400
0.575700
0.543400
0.526200
1.043300
0.527900
0.530200
0.523400
37.724000
41.387200
31.917500
68.943900
0.529000
58.848000
58.319000
58.319000
58.319000
20.027800
31.478000
32.836100
33.171600
35.464400
16.763300
14.407700
9.200700
34.292800
1.113600
11.154500
11.154500
0.526600
9.514200
0.543400
11.776600
1.170900
10.234500
6.981700
0.531600
9.366500
1.073100
0.527300
0.532300
0.533500
0.568600
0.543400
0.528000
0.527000
0.534300
0.000000
0.529800
0.595300
0.557300
0.541400
0.535500
0.539600
0.530300
0.532100
0.536500
0.505400
0.530100
0.529000
0.537200
0.524200
0.029700
0.528300
0.625200
0.523900
0.536200
0.530500
0.533400
0.540900
0.000000
0.566400
0.539500
0.534400
0.544500
0.539300
0.534000
0.535600
0.533800
0.509600
0.545000
0.544300
0.538800
0.536100
0.534000
0.000000
0.534900
0.530900
0.535700
0.528500
0.531700
0.547500
0.540000
0.552600
0.525400
0.534500
0.542100
0.000000
1.077900
0.558300
0.558800
0.547000
0.533400
0.542700
0.534700
0.533700
0.542600
0.533600
0.574200
0.543700
0.547900
0.523900
0.524900
0.538500
0.529100
0.507600
0.632400
0.539200
0.539200
0.543400
0.536300
0.531600
0.530400
0.577600
0.545500
0.541500
0.524700
0.558300
0.530200
0.544200
0.544700
0.527600
0.000000
0.533700
0.522200
0.533300
0.533600
0.529300
0.541400
0.532300
0.526300
0.548900
0.534500
0.530400
0.536500
0.535300
0.542600
0.538400
0.521900
0.533200
0.529600
0.518600
0.534200
0.528700
0.542900
0.520300
0.533800
0.000000
0.522000
0.535300
1.039400
0.527400
0.524200
0.521300
0.060500
0.528900
0.532000
0.535200
1.069000
0.532900
0.581200
0.538600
0.542600
0.525800
0.531600
0.535400
1.081100
0.810400
0.643200
1.112000
0.529500
0.589300
0.533800
0.546400
0.545100
0.534800
0.560800
0.542400
0.537300
0.557000
0.547600
13.246500
19.630600
10.782800
9.454400
4.456500
1.089000
25.985300
1.040000
13.049000
0.538300
6.352600
1.082600
1.082600
9.886800
57.557600
53.236200
1.086300
26.769900
26.729700
27.281000
29.590700
7.170400
12.236300
22.616000
22.598700
0.544700
12.516600
21.326200
10.340300
10.170600
20.559100
26.431200
1.090900
11.375800
11.375800
11.375800
0.592600
7.987500
1.052600
13.973400
9.559000
0.539700
10.611000
0.546900
0.533600
0.526700
0.000000
0.530000
0.530200
1.099400
0.535400
0.532000
0.525000
0.544200
0.538700
0.543300
0.538800
0.532400
0.553300
1.050800
0.583600
0.534200
1.081800
7.049500
4.826300
4.272700
2.272700
14.232900
0.537000
12.579100
12.579100
0.539900
10.038700
0.534600
0.511300
1.074500
1.100500
12.008300
2.855500
27.863900
0.540900
6.593500
6.593500
22.949600
4.053400
4.761300
0.539600
11.054500
27.823800
4.811700
4.270500
26.715900
48.389200
11.467900
5.379100
21.991100
30.877000
34.374700
26.894100
13.206400
61.830900
44.858000
43.144300
69.201400
80.320600
0.692700
8.431600
10.939700
10.939700
38.714800
10.753400
17.811800
7.150100
17.903500
38.604400
5.329300
5.327100
20.780000
35.578900
1.271200
1.456000
18.522000
18.504800
0.531700
18.318600
19.698800
1.097400
1.057100
0.579000
1.087800
10.712600
0.527600
0.546600
12.783500
0.537800
9.806500
1.062600
3.712800
4.241600
9.041300
0.541600
0.532900
0.000000
38.579900
59.568500
47.828300
22.280300
21.122800
14.736300
17.794200
28.741200
46.535400
28.992400
12.302900
20.856500
37.756200
41.756100
55.553700
44.787100
17.650900
27.651600
44.873200
69.172000
72.845900
45.484500
35.002100
59.996000
85.996700
85.996700
60.998000
73.998300
88.606800
3.767100
58.285500
36.077300
4.713000
54.410700
52.095700
63.242300
77.333000
73.427000
76.933900
43.503500
46.785000
63.724900
67.309400
28.653700
96.653500
96.653500
61.195200
106.780600
81.079900
37.483300
105.761000
48.783000
37.399700
36.254500
49.517600
51.002000
52.009700
69.921000
73.028400
99.719900
101.725600
96.714400
43.686600
106.089600
20.735500
48.827100
40.921800
37.144400
59.196200
56.063500
83.147900
46.241000
52.016900
38.697900
44.199700
21.662300
34.203100
59.770500
41.154300
56.032600
56.032600
56.032600
59.620800
46.364900
37.139100
10.861100
29.168400
17.540400
29.458300
17.540400
55.285100
49.115600
2.456400
6.124600
1.609300
23.218700
21.443300
27.567900
0.538500
3.710300
20.124600
0.535900
0.534000
0.528100
0.542100
0.536700
0.549500
4.210800
0.540800
11.069700
0.524600
0.529200
0.538300
0.527600
0.534300
0.546100
0.577200
0.539000
0.540600
0.534300
0.526600
0.537700
0.527100
0.521800
0.533400
0.540800
0.531400
0.545000
0.532200
0.541100
0.529400
0.548700
0.563900
8.991900
0.549800
0.532900
0.532700
0.521600
0.542300
0.537300
0.526900
0.535600
0.538900
0.561200
0.535600
0.532600
0.530100
0.536300
0.530100
0.529700
0.529300
0.537100
0.535600
1.082700
0.545800
0.538900
0.539700
0.545000
0.535000
0.523500
0.544000
0.536100
0.527900
0.523400
0.532600
0.532800
0.529700
0.532700
0.533400
0.541000
0.534300
0.526700
0.526400
0.531700
0.545200
0.508300
0.533800
0.533400
0.000000
0.537000
0.530900
0.558100
0.529500
1.056700
0.000000
0.533300
0.523700
0.534400
0.533000
0.528100
0.530100
0.527900
0.572200
0.534600
0.571000
0.538300
0.568800
0.537300
0.544200
0.545300
0.529100
0.539900
0.535600
0.535900
0.531100
0.523700
0.537300
0.535300
0.544100
0.535900
0.527500
0.535100
0.539800
0.539300
0.540200
0.510300
0.533800
0.530700
0.525500
0.531300
0.542700
0.543500
0.529600
0.537000
0.536700
0.576500
0.538400
0.535200
0.030400
0.541500
0.508700
0.000000
0.528400
0.551900
0.525600
0.525900
0.534700
0.527200
0.527500
1.049900
0.548800
0.532700
0.528700
0.527200
0.538100
0.526400
0.542700
10.129600
0.678500
0.533300
0.534200
0.529400
0.530000
0.000000
0.540600
0.529100
1.000600
0.537700
0.522700
0.536500
0.540500
0.535600
0.529200
0.533600
0.541500
0.567900
0.522500
0.539100
0.537700
0.000000
0.524000
1.079800
0.532100
0.541800
0.556500
0.528800
0.541800
0.538200
0.032000
0.547900
0.540800
0.546100
0.554500
0.554500
0.545800
0.539900
0.543600
0.547400
0.560600
0.554900
0.539300
0.530300
0.551400
0.543100
0.533000
0.538900
0.535100
0.540500
0.583300
0.542600
0.535800
0.541500
0.553300
0.540700
0.539200
0.540100
0.538400
0.538600
0.539400
0.536700
0.542300
0.532000
0.541400
0.548800
0.538400
0.549700
0.542100
0.542400
0.529900
0.527900
0.634800
0.541200
0.543100
0.530300
0.534900
0.549900
0.529500
0.539900
0.539400
0.548200
0.545200
0.537800
0.541400
0.537800
0.528500
0.000000
0.507900
0.535200
0.528900
0.539100
0.529100
0.535300
0.541300
0.529900
0.539400
0.534900
0.525300
0.541900
0.533400
0.533700
0.522900
0.530100
0.530900
0.536100
0.531900
0.557200
0.537100
0.533900
0.529900
0.024600
0.537400
0.542900
0.544500
0.524900
0.506300
0.530000
0.507100
0.624000
0.530900
0.530300
38.737500
42.965700
30.646100
45.570700
59.640200
60.077900
33.951600
34.810300
30.559400
54.714800
6.331600
24.484200
24.484200
21.804300
22.345400
0.545400
10.870400
0.539400
0.532500
0.531700
0.529300
0.000000
0.000000
0.528600
0.538800
1.002700
0.538200
0.532700
0.534300
0.533200
0.000000
0.522700
0.530500
0.531500
0.528400
0.531400
0.507200
0.544300
0.530700
0.538000
0.533800
0.523000
0.523200
0.525100
0.543100
0.544200
0.535600
0.542300
0.538000
0.541600
0.547700
0.538100
0.552000
0.534200
0.533600
0.537200
0.585100
0.531500
1.175800
0.540400
0.508000
0.540700
0.531700
0.533800
0.509400
0.533100
0.542000
0.537400
0.545500
0.538400
0.532700
0.534400
0.537100
0.540400
0.542900
0.549100
0.523300
0.541800
0.536800
0.554800
0.539300
0.556900
11.355600
0.546600
0.000000
0.540600
0.538700
1.088900
0.555900
0.561900
0.524000
0.526000
0.000000
0.526600
0.534700
0.534200
0.542100
0.541000
0.530500
0.506300
0.524600
0.529400
0.530700
0.537900
0.543800
0.537200
0.544600
0.535400
0.536400
0.529500
0.539500
0.623300
0.530400
0.529100
0.522000
0.535900
0.543000
0.535400
0.529000
0.528800
0.533400
0.535500
0.528000
0.522200
1.065000
0.521300
0.529300
0.534400
0.522700
0.538000
0.533000
0.533800
0.537200
0.539400
0.532700
0.000000
0.554200
0.537700
0.532700
0.539800
0.534800
0.539400
0.528200
0.533800
0.536900
0.539400
0.558300
0.524400
0.548700
0.531300
0.526700
1.065900
0.529400
0.531800
0.527100
0.529600
0.537300
0.550700
0.533000
0.523300
0.529700
0.531200
0.531700
0.577600
3.899600
0.529700
0.532400
0.531300
0.531400
0.536900
0.537500
1.055900
0.541400
20.063000
0.536200
11.221500
0.576200
6.468000
0.563200
20.504100
1.085000
12.720900
0.542300
17.242000
17.619900
33.142700
1.618800
10.116200
10.116200
1.098900
18.884200
29.182200
0.528500
23.933700
24.494100
5.143400
16.777800
17.634200
41.513900
10.274900
1.222400
10.855900
7.399500
20.153400
21.430500
6.587100
15.666800
6.933900
13.502800
23.490300
6.292800
3.383800
12.909300
0.531900
1.086100
3.681500
0.524000
5.306800
0.541700
0.507700
0.538800
1.214900
10.761300
0.532100
1.032100
0.533700
0.531900
0.535400
0.527900
0.531200
0.530900
0.532500
0.532800
0.528800
0.534000
0.036600
0.535200
0.525400
0.535000
0.548900
0.570200
17.108000
0.532300
3.513200
0.532500
5.617500
5.617500
1.136500
11.705200
11.705200
1.077700
10.613400
3.746900
2.099700
0.537100
0.543600
0.527600
0.526400
0.529900
0.534800
0.527100
0.525200
0.532700
0.527900
0.533500
0.529000
0.525500
0.533100
0.531600
1.127400
0.561300
0.523100
0.538000
0.533200
0.582200
0.509800
0.527300
0.529600
0.529400
0.533700
0.546000
0.690400
0.000000
0.527600
0.541100
0.546700
0.525700
0.532400
0.538000
0.552300
0.580400
0.528300
1.679400
14.980900
1.224100
10.357300
1.097800
4.353600
10.638600
11.822200
0.530200
8.985400
0.507900
1.086900
0.529300
0.526000
0.537300
0.534900
0.530600
0.546100
0.520000
0.613800
0.544800
0.533600
0.509800
0.539600
0.526300
0.528200
0.513600
0.538200
0.533600
0.562200
0.535400
0.533700
0.524500
1.056500
0.551600
0.527700
0.533000
0.533100
0.064800
0.538400
0.544600
0.533100
0.539300
0.562200
0.540000
0.506900
0.539700
1.094100
0.530000
0.544400
0.538700
0.548100
0.535200
0.526600
0.523300
0.522500
0.536100
0.148700
0.032000
0.528000
0.000000
0.545400
0.000000
0.543800
0.549600
1.072600
0.541300
0.544800
0.541000
0.543900
0.540400
0.541000
0.538600
0.538000
0.551100
1.045900
0.537200
0.531100
0.533500
0.542000
0.000000
40.981100
61.984900
44.585100
3.695800
52.088600
20.550900
36.283100
33.124200
25.522100
25.522100
27.352600
44.722800
49.950400
16.644800
28.010000
13.331700
19.456500
0.539400
10.814200
0.531600
0.545900
5.903500
1.111100
0.540100
0.531600
9.696800
0.545700
0.538100
0.543100
0.533400
0.546600
1.101900
0.028600
0.543400
0.000000
0.526600
0.540200
0.541600
0.542400
1.066100
1.092300
0.507800
0.584900
0.548200
0.547100
0.548000
0.529800
0.541600
0.544000
0.534700
0.530900
0.528900
0.532100
0.608300
0.528800
0.674700
0.534900
0.537800
0.533100
0.542700
0.536400
0.544800
0.531200
0.580100
0.540600
0.536400
0.541600
0.533400
0.550400
0.532900
0.538800
0.545200
0.545400
0.532000
0.529000
0.540300
0.523000
0.538000
0.000000
0.535400
0.544800
0.538000
0.531800
0.534300
0.541900
0.542800
0.545700
0.533000
0.000000
0.543600
0.558000
0.540500
0.527400
0.538700
0.539000
1.069500
0.543300
0.538700
0.531900
0.531400
1.128700
0.539500
0.545100
0.535700
0.541500
0.542900
0.561700
0.532600
0.538600
0.548700
0.538700
0.532200
0.554100
0.526000
0.543100
0.541600
0.556300
0.542500
0.545800
0.542200
0.531000
0.534500
0.540300
0.540100
0.542900
0.540700
0.529500
0.028700
0.526900
0.582000
0.538600
0.538200
0.528700
0.524600
0.534100
0.540400
0.531300
0.537200
0.545700
0.526800
0.537200
0.507000
0.531800
0.538700
0.527900
0.526200
0.529400
0.535100
0.533800
0.538000
0.540600
0.539000
0.530400
0.541800
0.023000
0.559700
5.470600
15.330400
1.215600
14.927400
11.714900
7.782000
9.658700
9.658700
0.544500
16.737500
16.737500
17.515100
0.541500
11.056600
0.529000
0.539300
0.590900
1.097100
11.902900
33.828700
23.923500
9.116400
1.039000
13.461500
19.516200
0.625200
26.461300
28.568600
0.546400
24.026100
24.235300
1.098800
20.271300
20.271300
0.524900
0.541300
0.524700
0.527200
0.532000
0.536700
0.535800
0.552900
0.531200
0.534800
0.532700
0.571000
1.442100
0.536800
0.529400
0.540300
0.536400
0.526600
0.525400
0.530000
0.545300
0.543700
0.544300
0.549200
0.532400
0.526900
0.530300
0.533300
0.524300
0.524500
0.528700
0.532100
0.535300
0.528800
0.510800
0.532600
0.536900
0.534500
0.535800
3.658700
4.063500
0.534100
0.540200
0.534800
0.526700
0.527200
0.546700
0.524800
0.574900
0.508100
0.535400
0.529800
0.530500
0.526300
0.528500
0.534400
0.528900
0.546900
0.544300
0.533300
0.532100
0.541400
0.539100
0.531600
0.534800
0.529400
0.530400
1.052400
0.533000
0.529100
0.523900
0.560500
0.528900
0.530600
0.527700
0.530500
0.521800
0.540600
0.535400
0.529200
0.539000
0.531400
0.507400
0.552700
0.543500
0.534300
0.534400
0.507400
0.000000
0.031500
0.536400
0.528100
0.527900
0.550300
0.543900
0.504900
0.529400
0.550500
0.537600
0.551900
0.528400
0.028100
0.522400
0.530800
1.071500
0.531000
0.541700
0.536100
0.526100
0.543900
0.534300
0.532700
0.521300
0.533700
0.531400
0.534600
0.533700
0.549000
0.534400
0.537100
0.566200
0.526200
0.528600
0.525200
0.541100
0.522200
0.531000
0.532500
0.534900
0.546000
0.536100
0.529000
0.531800
0.533000
0.537900
0.534100
0.530500
0.535600
0.547000
2.692200
0.528200
0.574600
0.026300
0.535000
0.526900
0.547000
0.530000
0.534500
0.527200
0.536700
0.534300
0.531400
0.539900
0.530700
0.533900
0.535200
0.527400
0.527600
0.546100
0.541600
0.535300
0.536300
0.020500
0.533600
0.532900
0.528400
0.527000
0.532400
0.542100
0.535100
0.527800
0.535200
0.524300
1.195100
0.562600
0.527300
0.527700
0.000000
0.536400
0.544300
0.532500
0.535200
0.530600
0.525800
0.527400
41.397500
33.166400
0.600500
43.042900
13.010900
18.551100
10.822000
27.274700
29.929400
38.691600
14.516600
15.825800
60.288500
7.791300
10.539600
13.033800
34.937600
35.612900
14.996100
11.630800
12.155500
20.813100
11.570200
11.243500
16.553300
29.836500
18.098900
0.549900
13.218900
13.863700
5.358300
0.586200
19.646400
19.646400
0.540400
14.377100
4.316300
0.523300
0.539200
8.460800
15.054300
0.546700
0.562300
0.552000
0.533400
0.536400
0.529400
0.533700
0.539100
0.525900
0.535300
0.531700
0.522500
0.543700
0.538600
0.526900
0.526000
0.526100
0.528000
0.532000
0.529500
0.549500
0.528300
0.539300
0.539200
0.537500
0.543000
0.556200
0.541600
0.532500
0.531700
0.533300
0.524500
0.539700
0.030300
0.543600
0.539200
0.527200
0.038000
0.529700
0.524600
0.530800
0.532000
0.547600
0.524600
0.519400
0.000000
0.532500
0.532200
0.525900
0.532300
0.532300
0.524700
0.000000
0.537000
0.542400
0.533000
0.526300
0.530200
0.529400
0.524800
0.529800
0.538000
0.587800
0.531500
0.528500
0.571900
0.533600
0.536900
0.546100
0.522900
0.528500
0.535100
0.530100
0.532000
0.548000
0.531000
0.528000
0.544200
0.524600
0.539100
0.541400
0.529900
0.552000
0.535300
0.525800
0.528300
0.531100
0.533800
0.534100
0.525100
0.553100
0.532400
0.544100
0.544000
0.543500
0.536300
0.537100
0.540300
0.525200
0.542700
0.526500
0.543700
0.530600
0.533800
0.531400
0.541200
0.533600
0.520000
0.537800
0.506100
0.532800
0.553300
0.527200
0.521600
0.542800
0.533000
0.560700
0.000000
0.534900
0.546600
0.544600
0.521800
0.530000
0.533300
0.532900
0.523700
0.528400
0.535200
0.510700
0.528900
0.530800
0.552500
0.528100
0.527300
0.534700
0.509800
0.525800
0.535000
0.535500
0.527300
0.539900
0.527900
0.535000
0.032100
0.028800
0.031300
0.554000
0.536300
0.550800
4.195500
0.589300
11.235600
1.122400
7.636500
0.551300
10.036900
0.543700
0.529600
0.537600
0.537500
0.542300
0.531100
0.530700
0.528200
0.032700
0.544900
0.530200
0.526100
0.531500
0.528600
0.535100
0.534100
0.526700
0.535700
0.527900
0.546700
0.535400
0.535300
0.528500
0.538400
0.529200
0.527900
0.537100
0.546700
0.533000
0.531300
0.530100
0.537100
0.538400
0.567300
0.527200
0.532000
0.567100
0.534900
0.535900
0.532000
0.538900
0.000000
0.548100
0.032700
0.535700
0.525900
0.525100
0.570900
0.535400
0.533700
0.034200
0.533400
0.532500
0.531700
0.548700
0.000000
0.527800
0.577300
1.057600
0.531200
0.000000
0.532400
0.537800
0.533000
0.532200
0.533000
0.524800
0.531200
0.027800
0.537000
0.549200
0.534000
0.530900
0.533400
0.530700
0.540100
0.544200
0.540000
0.524500
0.540000
0.521900
0.529600
0.535500
0.530400
0.535500
0.538800
0.530700
0.000000
0.531200
0.533100
0.531800
0.540600
0.532300
0.530800
0.535500
0.544500
0.532700
0.531100
0.527200
0.539500
0.530900
0.529700
0.530500
0.538400
0.550500
0.537100
0.529700
0.531800
0.524500
0.533100
0.541400
0.530000
0.538700
0.525900
0.535100
0.521400
0.582000
0.533600
0.533900
0.526300
1.153900
0.539000
0.531300
0.607800
0.529800
0.534400
0.535100
0.534200
0.521500
0.533500
0.526600
0.538400
0.528300
0.506700
0.527700
0.523300
0.551200
0.508000
0.532000
0.532800
0.539700
0.534400
0.544600
0.536800
0.547700
0.551300
0.529800
25.154800
14.994200
30.309900
11.821200
11.469300
18.665500
20.978600
14.188200
25.782300
19.125900
20.080200
36.056700
27.632200
28.415300
4.413300
1.053000
0.545900
10.568600
0.536700
0.526000
16.976000
0.534600
0.533700
0.532300
0.535500
0.534000
0.556200
0.522300
0.545200
0.529000
0.518700
1.069000
0.563100
0.000000
0.526000
0.552000
0.532500
0.529900
0.000000
0.025700
0.537100
0.506200
0.523300
0.614900
0.550100
0.534000
0.534100
0.525300
0.520800
0.530100
0.531700
0.536100
0.546300
0.522600
0.537400
0.532400
0.539800
0.568500
0.537400
0.570900
0.000000
0.540800
0.546900
0.555100
0.527000
0.507700
0.545900
0.000000
40.175100
3.111300
35.124300
25.896200
15.516800
21.483100
21.483100
0.543200
4.056600
8.472100
9.643500
8.988300
12.379700
0.545600
8.180600
15.104400
0.553700
10.137000
10.690700
1.045000
1.076100
0.541900
0.537400
0.545100
0.531500
0.541400
0.550100
0.531400
0.537200
0.532400
0.530600
0.541900
0.531700
0.567600
0.535700
0.545700
0.553200
0.549000
0.555900
0.531200
0.508800
0.529400
0.531100
1.095800
0.538200
0.527800
0.542700
0.548400
0.532500
0.538600
0.538200
0.542500
0.530900
0.551500
0.537300
0.536300
0.530100
0.000000
0.586700
0.543900
0.537700
0.542900
0.535800
0.533900
0.529000
0.536400
0.546300
0.544100
0.537300
0.536600
0.536400
0.527600
0.549500
0.539200
0.529400
0.534600
0.535800
0.538700
0.541000
0.540800
0.599400
0.547000
1.081600
0.540300
0.527600
0.553300
1.070900
0.564700
1.104900
0.555700
4.014300
12.397400
0.551300
16.069900
16.208900
1.112700
7.900200
1.070900
6.929300
1.044800
5.044700
1.085000
18.278800
1.236500
10.855700
0.507800
0.539800
8.915400
0.532000
0.531000
0.540000
0.532700
0.577300
0.531200
0.000000
0.526200
0.541100
0.542900
0.530600
0.534300
0.548200
0.541200
0.531700
0.540500
0.531300
0.536300
0.538900
0.542200
0.530600
0.547800
0.542900
0.534600
0.562700
0.000000
0.562800
0.537600
0.544400
0.540000
0.580400
0.529300
0.507600
0.529300
0.542600
0.539100
0.603500
0.545700
0.527000
0.546600
0.545300
0.542400
0.529800
0.541900
0.536000
0.542300
0.536800
0.538000
0.549300
0.529900
0.542000
0.538600
0.561900
0.539900
0.558000
0.542400
0.545700
0.529200
0.540700
0.543000
0.547000
0.558300
0.531700
0.534600
0.511600
0.033800
0.539900
0.538300
0.548800
0.542300
0.533700
0.542100
0.535600
1.047000
0.527700
0.544400
0.543100
10.812200
1.042300
0.538300
1.056800
3.208200
0.545100
17.356900
0.031700
10.703300
0.538300
10.735700
0.532700
0.543300
0.528400
0.533500
0.556400
0.537200
0.541900
0.547000
0.530400
0.525600
0.536600
0.544900
0.538500
0.533500
0.538100
0.538400
0.541800
1.049500
0.536600
0.535400
0.526400
0.521300
0.522700
0.049200
1.085400
0.014000
0.025600
0.533400
1.095600
13.781200
0.108500
0.524000
0.526800
0.529900
0.526000
0.536600
0.535400
0.507300
0.508200
0.533900
0.000000
0.532600
0.533100
0.531600
0.537900
0.707700
0.526100
0.538100
0.535800
0.543400
0.540800
0.546000
0.534800
0.541400
0.533900
0.508300
0.532500
0.533000
0.508500
4.401300
1.067400
0.553500
0.541300
0.029600
0.535900
0.540500
0.510500
0.532500
0.526700
0.532500
0.540800
0.530700
0.524700
0.527300
0.529400
0.520500
0.523400
0.532600
0.534700
0.528100
0.536100
0.534200
0.527400
0.525000
0.535600
0.528700
0.551800
0.531300
1.082700
1.116200
1.074500
0.540900
1.195400
18.541700
1.070600
4.809200
4.519300
7.438000
43.346600
0.550700
17.011300
17.011300
17.011300
0.541900
0.540800
9.117500
0.540500
10.830100
0.531500
0.529200
0.573300
0.547100
0.523400
0.531500
0.533100
0.529500
0.536400
0.569900
0.542300
74.674800
77.648500
72.406200
20.323800
11.812400
23.260300
15.246800
18.611000
11.359600
9.739700
8.578600
9.052400
9.052400
17.771300
5.932900
10.289500
10.289500
0.546600
12.017400
20.023200
3.784300
4.297200
9.955600
2.140300
15.525000
13.287700
13.318100
0.531200
10.632700
0.550700
0.547800
0.545100
0.555600
19.028300
0.541600
0.536700
10.805900
0.528100
1.671800
1.085700
0.532000
0.523500
0.530100
0.531300
0.525700
0.534500
0.534300
0.533600
0.531100
0.528300
0.544900
0.532000
12.342300
0.538900
9.490700
0.542900
12.549700
0.549400
0.527200
1.078500
0.600000
1.062600
0.527400
13.824700
0.529400
0.535000
0.538500
0.535300
0.540600
0.533300
0.539800
0.525000
0.506900
0.532200
0.535000
0.541600
0.533700
0.531600
0.580300
0.537300
0.533900
0.538800
0.545400
0.539500
0.529100
0.528700
0.000000
0.545900
0.582500
0.539800
0.533200
0.548500
0.546800
0.528900
0.530900
0.538200
0.527300
0.552200
0.545700
0.533900
0.529200
0.530600
0.530700
0.531800
0.533500
0.530400
0.537600
0.546700
13.064400
1.080200
7.419300
7.928500
1.722200
9.175300
15.930500
6.933900
20.786800
9.995900
22.895000
8.992200
21.940900
0.606300
10.695800
10.695800
0.535400
25.517300
26.052700
26.213000
0.000000
0.539300
0.534600
0.532100
0.541600
0.547300
0.559500
0.544000
0.543700
0.544200
0.509400
0.538200
0.541200
0.000000
0.539000
0.536600
0.529600
0.723400
0.563300
0.525800
0.512500
0.538200
0.541200
3.188500
0.538800
0.539900
0.544900
0.536000
0.537200
1.095300
0.525800
0.544600
0.542000
0.531500
0.540000
0.536800
0.540500
0.537400
0.541100
0.551100
0.034800
0.000000
0.566300
0.538200
0.542100
0.551600
1.085600
0.535800
0.536000
0.000000
0.542900
0.527200
0.533100
0.530400
0.522800
0.535600
0.028900
0.539400
0.547100
0.527000
0.538400
0.553000
0.529500
0.536800
0.618900
0.546300
0.559900
0.539200
0.540300
0.533600
0.545000
0.526700
0.537300
0.543100
0.566700
0.535800
0.535800
0.532000
0.545800
0.534900
0.523700
0.527700
0.537900
0.534800
0.554300
0.530600
0.000000
0.538500
0.532500
0.546500
0.533600
1.042000
6.483900
4.316700
4.316700
8.363200
7.028500
7.028500
0.532800
12.285800
0.537500
16.660100
0.530700
10.654500
0.539100
0.591500
0.616700
11.543800
0.656900
8.596300
0.598400
13.095700
0.536400
1.126300
0.543900
10.199700
0.539000
0.535200
0.537300
0.530900
0.528500
0.532100
0.527200
0.531800
0.553100
0.547100
0.539800
0.532900
0.530800
0.541800
0.528900
0.538700
0.534900
0.523200
0.536200
0.539500
0.528100
0.526000
0.534100
0.527900
0.536400
1.059500
0.507300
0.534800
0.520900
0.535000
0.533400
0.527500
0.527000
0.524000
0.562200
0.542300
0.571600
0.523900
0.531000
0.538600
0.532200
0.525200
0.524900
0.528100
0.538000
0.523300
1.054500
0.533600
0.521600
0.534600
0.522400
0.522300
0.535500
0.508900
0.543800
0.534300
0.539000
0.541400
0.525000
0.534400
0.532700
0.538200
0.547900
1.047100
0.557800
1.058300
0.587700
0.553100
9.624300
0.553600
0.527600
0.541500
0.531900
0.545000
0.550500
0.536100
0.546600
0.549000
0.526200
0.546700
0.531900
0.531100
0.541700
0.539700
1.135400
0.549300
10.783500
0.536700
11.231500
0.541300
0.535500
0.543400
1.117100
2.200400
1.407600
0.547500
0.546300
9.616400
19.572000
20.290900
17.140100
38.930700
9.021900
9.021900
3.888400
17.732900
22.215400
1.090300
8.389600
0.537500
1.047500
0.531000
10.261000
7.449700
14.305400
1.091700
0.530200
11.001800
13.790200
37.690400
75.752400
35.426400
31.903700
34.879600
36.186600
33.175000
6.012000
33.997300
8.999100
10.004700
21.641600
15.402500
14.945600
28.438200
7.383400
12.429400
17.122600
10.723300
13.453900
24.381000
6.634400
5.103900
21.858700
25.180100
0.568500
13.415300
0.652600
0.541200
0.529000
0.543900
1.113800
1.045400
0.551200
0.550300
18.373300
0.538500
0.531200
12.935000
1.395700
25.994300
26.649300
3.773500
3.773500
33.252500
17.395300
17.273800
20.245100
21.861700
42.660800
53.148200
12.690200
11.853600
12.335800
30.849400
4.684300
67.297100
67.297100
19.302300
68.329800
44.827800
8.282200
57.575100
72.804800
35.031500
51.132000
14.014200
4.293900
25.564600
23.813800
27.563500
27.563500
39.331900
36.634200
28.634000
21.705200
39.634900
1.103300
14.498100
14.498000
23.677800
28.995600
17.654100
12.794200
6.820700
8.049400
8.049400
7.978000
0.575400
7.376000
10.489900
0.577700
9.505000
10.082700
4.226500
0.506700
0.546100
0.531900
0.549400
0.534300
0.537600
0.548200
0.559400
0.547400
0.536700
0.528200
0.533200
0.537800
0.541400
0.540100
0.524100
0.532600
0.531500
0.562600
0.532200
0.541700
1.117800
0.550200
0.534100
0.535600
0.554300
1.035100
1.039900
0.538300
0.544700
0.528800
0.529200
0.540600
0.541700
0.000000
0.538700
0.544900
0.531300
0.544200
0.539800
0.537800
0.546300
0.000000
0.000000
0.524900
0.533500
0.534600
0.535700
0.541100
0.542600
0.000000
0.575200
0.534500
1.065900
0.000000
0.545300
0.538500
0.542900
0.539100
0.528800
0.528900
0.523700
0.534500
0.530200
0.530400
0.543400
0.546000
0.542000
0.543500
0.533500
0.528000
0.526600
0.535400
0.537900
0.528000
0.031000
0.543800
0.531800
0.522300
0.530800
0.524000
0.531000
0.536600
0.542800
0.534200
0.524300
0.529000
0.520500
0.531500
0.539500
0.521700
0.544700
0.000000
0.534100
0.527700
0.526000
0.536200
0.525500
0.541700
0.506400
0.537500
0.529600
0.570900
0.523800
0.019200
0.529700
0.544200
0.523700
0.536000
0.525200
0.524900
0.536000
0.535300
0.527700
1.068600
0.527200
0.000000
0.529300
0.526800
0.530600
0.537200
0.535000
1.066400
0.536100
0.534400
0.532000
0.522200
0.514100
0.533000
0.562600
1.065000
0.630000
0.538700
0.551900
0.531200
1.249600
1.130100
16.950000
8.526600
0.551000
11.704800
12.194400
0.530500
10.632000
0.544500
9.685400
0.528700
6.853400
1.054700
0.546300
0.536200
11.187600
0.537400
0.541400
1.074600
0.528600
0.534000
0.525400
0.533500
0.533800
0.532200
0.527400
0.536100
0.534200
0.540700
0.522900
0.524100
0.524900
0.536200
0.536100
0.528800
0.544200
0.588100
0.542700
0.533000
0.539600
0.527400
0.533500
0.530700
0.527000
0.534400
0.531700
0.535200
0.545300
0.523600
0.000000
0.530600
0.531700
1.074500
0.533500
0.529200
0.630200
0.530000
0.535300
0.550200
0.537600
0.537300
0.522300
0.533500
0.579900
0.565300
0.529400
0.597400
0.526200
0.535200
0.531400
0.533600
0.560000
0.530900
0.526300
0.531500
0.000000
0.534000
0.540700
0.532000
0.541100
0.531900
0.532200
0.539900
0.527300
0.537900
0.534500
0.534600
0.536900
0.535300
1.065900
0.561700
0.539100
0.548000
0.534900
0.564800
0.569500
0.536300
0.541200
1.103700
0.535100
0.539900
0.532300
0.546400
1.153000
0.546200
0.532600
0.576500
0.603100
0.536400
0.524600
0.535900
0.506300
1.038400
0.543200
0.000000
0.530100
0.521800
0.000000
0.529700
0.534900
0.531000
0.522100
0.534900
1.105200
0.555100
0.533100
0.545400
0.529900
0.535800
0.530800
0.000000
0.541800
0.528800
0.543600
0.025200
0.541000
0.535600
0.533100
0.535600
0.000000
0.531200
0.537400
0.000000
0.527700
0.539200
0.563200
0.534300
58.078100
51.539200
21.139700
39.003400
57.689800
28.359900
8.628400
8.774100
35.426800
1.043300
7.055300
7.590900
1.585500
10.568400
2.160900
13.083000
14.079100
1.120900
8.735400
0.532100
5.046000
12.138300
0.531600
0.537300
0.524000
0.563400
0.528400
0.524400
0.524000
0.000000
0.571700
0.525000
0.553600
0.531600
0.527800
0.530800
0.000000
0.533900
0.534700
0.542400
0.562800
0.532000
0.537300
0.535600
0.536500
0.509200
0.560100
0.537400
0.530700
0.540700
0.530000
0.536600
0.538700
0.538600
0.000000
0.538400
0.540600
0.000000
0.026800
0.521500
0.543300
0.537100
0.528900
0.541400
0.542800
0.529300
0.529900
0.531600
0.540600
0.541100
0.536800
0.533000
0.536700
0.547900
0.539200
0.532400
0.543800
0.540900
0.534600
0.532300
0.535900
0.530800
0.555900
0.537200
0.535700
0.521300
0.000000
0.554900
0.523000
0.542400
0.529900
0.524600
0.532500
0.536500
0.027500
0.530800
0.543000
0.530900
0.535600
0.540000
0.000000
0.537700
1.043000
0.541700
0.532700
0.538200
0.540400
0.542300
0.531800
0.533000
0.530800
0.533700
0.538400
0.542600
0.025600
0.556700
0.529800
0.533600
0.530900
0.537800
0.523400
0.531200
0.536400
0.524900
0.526600
3.774400
4.074400
0.540400
3.066100
1.108800
1.039300
11.644300
0.509100
12.884000
0.000000
0.544200
0.528500
0.527900
0.527700
0.544800
0.531100
0.521500
0.524600
0.526800
0.523400
0.524300
0.531900
0.508900
0.526300
1.037700
3.578800
11.548700
4.051700
3.584600
0.545400
10.688800
0.541900
6.603900
0.541200
6.064200
0.561700
0.571200
1.092000
13.282100
0.506600
0.541200
0.521400
0.524300
0.531800
0.533700
0.535700
0.540200
0.533600
0.570100
0.538500
0.533000
1.072100
0.519800
0.534800
0.527300
0.524400
0.540600
0.532000
0.539700
0.529300
0.525200
0.531900
0.015600
0.530700
0.538300
0.522700
0.531600
0.525900
0.523000
0.532700
0.537300
0.524700
0.528000
0.530800
0.024700
0.530600
0.533500
0.529400
0.533100
0.539800
0.521600
0.531000
0.532000
0.564100
0.522800
0.526600
0.533400
0.531800
0.527400
0.534600
0.548800
0.539900
0.527300
0.522500
0.542200
0.542000
0.539700
0.530900
0.532000
0.539100
0.533800
0.524900
0.526100
0.543100
0.522400
0.533900
0.000000
0.527000
0.529400
0.529700
0.033000
0.547800
0.526400
0.534500
0.534000
0.539700
0.539700
0.528900
0.530500
0.528300
0.522600
0.583700
0.543500
0.534200
0.524000
0.527700
0.529100
0.536200
0.000000
0.542900
0.531600
0.537400
0.539100
0.528200
0.529100
0.532600
0.538200
0.522900
0.529900
0.533200
0.538900
0.542900
0.551600
0.529200
0.528700
0.529000
0.543900
0.529800
0.531000
0.528300
0.533300
0.535500
0.537300
0.550600
0.536200
0.532200
0.146200
0.535200
0.526600
0.538900
0.530300
1.050600
0.542800
0.538700
0.019800
0.526700
0.527400
0.538900
0.538600
0.527100
0.536100
0.530900
0.553700
0.535100
0.537800
0.536900
1.061500
0.529300
0.521300
0.532200
0.533200
0.533100
0.506600
0.531300
0.539600
0.535900
0.126500
0.539000
0.531800
0.536600
0.528100
0.538600
0.529800
0.505900
0.539300
0.530300
0.530600
0.528600
0.512000
0.527800
0.529100
0.533300
0.532400
0.015100
0.533800
0.541900
1.053300
0.526700
0.531100
0.523800
0.511200
0.540100
0.525900
0.522500
0.000000
0.555000
0.529400
0.533300
0.536000
0.524400
0.507200
0.529300
0.533800
1.056700
0.521600
0.544200
0.537100
0.506300
0.538900
0.533400
0.535900
0.543300
0.529400
0.536700
0.532700
0.527000
0.531700
0.544700
0.000000
0.524200
0.531100
0.547300
0.532600
0.529100
0.554800
1.220800
0.521300
0.532300
0.527200
0.540800
0.526300
0.527300
0.528700
0.532100
0.522200
0.536300
0.532200
0.530200
0.535900
0.527700
0.541300
0.539000
0.537800
0.507100
0.529900
0.527900
0.676900
0.925100
0.532600
0.532500
0.533500
0.535100
2.013600
0.528600
0.534400
0.578400
1.121700
0.569400
0.535300
0.534400
0.539600
0.531200
0.525600
0.545700
0.550700
0.536600
0.541500
0.531700
0.526000
0.526300
0.542600
0.522200
0.531500
40.376400
15.244800
44.529400
67.817700
16.829100
29.114500
9.873700
20.607000
21.129900
1.077800
0.548800
0.553700
1.070900
0.524000
0.527500
0.534600
0.536800
0.534300
0.026700
0.531600
0.526400
0.507100
0.532000
0.534300
0.540000
0.534500
0.533300
0.527600
0.543400
0.524800
0.537600
0.539200
0.520100
0.530100
1.050600
0.536300
0.552500
0.529100
0.536200
0.541700
0.535400
0.531500
0.531100
0.526600
0.523000
0.521300
0.533500
0.534200
0.530800
0.537700
0.528300
0.000000
0.000000
0.525100
0.000000
0.539100
0.549500
0.559000
0.000000
0.534200
0.530900
0.531500
0.527900
0.534600
0.526400
0.532600
0.523000
0.569800
0.534800
0.533600
0.527100
0.538200
0.537300
0.529600
0.532300
0.521400
0.533900
0.534300
0.533200
0.547700
0.534300
0.533500
0.538700
0.528100
0.034200
0.534700
0.537100
0.528100
0.540000
0.534200
0.000000
0.533300
0.537400
0.523300
0.524500
0.530000
0.524800
0.575700
0.531600
0.000000
0.522100
0.522800
0.528600
0.529300
0.530400
0.527600
0.532900
0.531500
0.526700
0.529600
0.541400
0.523600
0.532000
0.520600
0.535600
0.538100
0.550600
0.538700
0.537500
0.541800
0.529800
0.545800
0.509800
0.522400
0.540800
0.544900
0.534800
0.528200
0.000000
0.529000
1.058800
0.539800
0.526900
0.509300
0.530700
0.537700
1.072800
0.546500
0.534600
0.530300
0.545800
0.533300
0.540100
0.551600
0.024900
0.551900
0.542200
0.538400
0.549600
0.533000
0.539100
0.541100
0.547400
0.531600
0.554700
0.531400
0.533000
0.530700
0.525900
0.544000
0.542500
0.540800
0.532500
0.565800
0.544700
0.538600
0.606500
0.537900
0.545500
0.546000
0.536100
0.539000
0.542300
0.528700
0.537700
0.538700
0.541700
0.536500
0.535700
0.534300
0.539200
0.522200
0.526200
0.541100
0.529700
0.524200
0.509800
0.000000
0.542100
0.526700
0.543400
0.633900
0.541000
0.532100
0.525400
0.532700
0.532600
0.530700
0.540100
0.538700
0.530800
0.526900
0.527900
0.539800
0.792300
13.156600
9.071100
18.277100
0.526300
11.468100
0.533300
1.040400
4.263200
0.533000
13.391400
8.010000
1.111000
11.663500
0.531100
0.532200
0.543600
0.532000
0.524500
0.520000
0.531800
0.543000
0.531300
1.033200
0.530200
0.543200
0.526900
0.529100
0.533300
0.531700
0.529600
0.545200
0.531300
0.533300
0.541600
0.542000
0.563500
0.538700
0.536900
0.533500
0.542000
0.530300
0.532000
0.526900
0.523700
0.000000
0.536300
0.538200
0.546800
0.568000
0.551700
0.026200
0.535000
0.566200
0.540400
0.544400
0.529500
0.527900
0.545800
0.540400
0.543400
0.541900
0.538000
0.540200
0.532500
0.541300
0.538600
0.539500
0.543900
0.526400
1.081000
0.542200
0.539900
0.532700
0.538600
0.538100
0.542400
0.528500
0.536700
0.532900
0.534100
0.533600
0.539300
0.538000
0.545100
0.538900
0.526500
0.545900
0.534400
0.534400
0.560500
0.533400
0.540800
0.528700
0.533200
0.672900
0.552400
0.534800
0.529800
0.543100
0.531500
0.538300
0.534500
0.525700
0.530700
0.532700
0.532700
0.531700
0.542600
0.537000
0.542400
0.525100
0.000000
0.000000
0.539400
0.523100
0.527600
0.526400
0.531900
0.523000
0.525100
0.000000
1.052400
0.542100
0.541600
0.523800
0.533200
0.542600
0.523300
0.525400
0.524200
0.540900
0.531500
0.529500
0.530700
0.531700
0.534500
0.522800
0.546700
1.122500
0.530700
0.536400
0.544500
0.527900
0.585800
0.545200
0.544500
0.558600
0.538400
36.665300
21.475200
37.486700
64.617400
46.430700
52.863100
32.083100
5.013200
21.601600
16.588400
18.585300
4.236200
16.137400
16.155100
16.155100
13.214000
18.545700
25.247700
10.923100
10.054400
10.054400
0.532500
10.597700
0.540400
0.542400
0.548900
0.534600
0.019400
0.554400
0.528100
0.541200
0.567300
0.546200
0.538600
0.536200
0.527900
0.506600
0.529300
0.529400
0.531500
0.526100
0.531000
0.537000
0.531400
0.533200
0.525900
0.530500
0.536600
0.535200
1.102200
0.532300
0.508700
0.548800
0.531900
0.546300
0.537500
0.507300
0.532000
0.533700
0.521300
0.530900
0.535000
0.528500
0.529700
0.532700
0.539100
0.521100
0.530600
0.521900
0.526900
0.534800
0.526900
0.528900
0.531600
0.539400
0.532700
0.000000
0.534600
0.533300
0.544500
0.533300
0.536400
0.535600
0.536700
0.532600
0.506400
0.530500
0.529400
0.532300
0.543200
0.539000
1.071900
0.537800
0.533300
0.541300
0.532400
0.531000
0.536100
0.538900
0.553300
0.539100
0.539000
0.552800
0.546900
0.531800
0.535700
0.547600
0.533800
0.548800
0.537800
0.601400
0.534600
0.534200
0.524600
0.539800
0.620600
0.550600
0.537500
0.546600
0.024200
0.528700
0.511500
0.543100
0.533100
0.541600
0.537200
0.531600
0.531500
0.536600
0.536200
0.537200
0.536200
0.000000
0.534900
0.534900
0.536500
0.536200
0.522300
0.538400
1.057900
0.532300
0.534300
0.524100
0.534500
0.532000
0.520700
0.543900
0.542200
0.000000
0.531800
0.546300
0.527400
0.526300
0.532300
0.534900
0.530000
0.533300
0.528600
0.542600
0.531900
0.531800
0.536200
0.523000
0.529000
0.533600
0.535200
0.527500
0.000000
0.531300
0.000000
0.537100
0.523700
1.353000
0.522300
0.534200
0.527100
0.532800
0.546000
0.538900
0.528900
0.029100
1.071400
0.538800
0.509400
0.537200
0.546300
0.540600
0.571400
0.535200
0.000000
0.532000
0.510900
0.526600
0.544400
0.530700
0.530500
0.534900
0.539400
0.536500
0.568900
0.692500
0.569800
0.530700
0.538400
0.545900
0.528800
0.539800
0.000000
0.541200
0.521700
0.527100
0.528100
0.000000
0.532200
0.539000
0.532100
0.543300
0.545700
0.000000
0.543600
0.531900
0.534700
0.528800
0.545900
0.535900
0.537300
0.544800
1.000800
0.000000
0.999900
0.000000
0.512200
0.535400
0.539600
0.533200
0.536200
0.527200
0.536400
0.529500
0.530000
0.540200
0.549700
0.533100
0.528900
0.530000
0.526000
0.536500
1.193300
0.552700
0.533600
0.538800
0.540100
0.536100
0.541700
0.532500
0.537300
0.536400
0.554900
0.541700
0.530800
0.529100
0.541400
0.542400
0.530000
0.536800
0.530600
0.532500
0.538400
0.538100
1.086000
0.549100
0.544800
0.524400
0.530000
0.544800
0.527200
0.543000
0.544900
0.536000
0.527100
0.537600
0.541600
0.534000
0.532600
1.082500
0.533600
0.546200
0.532100
0.536400
0.533900
0.022300
0.532000
0.508000
0.590200
0.523100
0.509300
0.535000
0.000000
0.507700
0.530200
0.522300
0.531300
0.527200
0.540200
0.557600
0.527700
0.532200
0.531600
0.538000
0.528100
0.545900
0.536600
0.528800
0.527200
0.531100
0.539900
0.544700
1.035500
0.538600
0.529200
0.529300
0.530700
0.531400
0.529700
0.530700
0.533700
0.523900
0.528700
0.521800
0.535800
0.529100
0.529200
0.506900
0.529100
0.537900
0.534200
0.023700
0.537900
0.535000
0.539200
0.532200
0.533200
0.532300
0.532400
0.531900
0.539000
0.530600
0.531500
0.524900
0.533600
0.548200
0.539600
0.524400
0.529900
0.526700
0.510700
0.015200
0.585000
0.540900
0.530700
0.527700
0.528500
0.544500
0.525100
0.527500
0.542900
0.526300
0.527800
1.055100
0.531800
0.531200
0.528300
0.543000
0.585200
0.540600
0.533000
0.529400
0.533800
0.540600
0.536900
0.000000
0.023400
0.544200
14.073900
14.101100
22.033600
10.034700
17.583200
10.034700
10.024700
1.029800
24.634300
33.544300
0.531200
10.548800
10.548800
10.548800
0.550100
4.288500
0.529700
5.307900
4.513300
4.209200
0.542100
0.534300
0.551100
0.537800
0.544200
0.539400
0.549100
0.543400
0.534700
0.530500
0.540200
0.543800
0.528000
0.534300
0.000000
0.538000
0.508900
0.536900
0.539700
0.537600
0.542900
3.229600
0.529200
0.542400
0.531300
0.583200
1.076900
5.059500
8.474200
10.649000
0.581000
0.583700
10.722800
0.541400
0.530600
0.535800
0.538600
0.527100
0.548100
0.538300
0.539700
0.034900
0.533200
0.529900
0.537300
0.537300
0.536400
0.545500
0.550100
0.520600
0.537900
0.509000
0.524000
0.528500
0.531400
0.533900
0.525500
0.528500
0.539800
0.532200
0.538500
0.525900
0.522000
0.505900
0.543900
0.547800
0.540500
0.000000
0.528400
0.034300
0.536900
0.538900
1.074600
0.523400
0.531300
0.024600
0.535400
0.530600
0.532000
0.530500
1.061400
0.539200
0.533200
0.538300
0.545700
0.545900
0.542300
0.525700
0.532400
0.530600
0.536900
