0.000000
0.533100
0.000000
0.000000
0.000000
0.986100
0.000000
0.030700
0.000000
0.542400
0.541600
0.000000
0.540600
0.000000
0.535800
0.546600
0.534300
0.544400
0.638400
0.000000
0.507200
0.533700
0.000000
0.000000
0.000000
0.000000
0.000000
0.000000
0.000000
0.000000
0.000000
0.000000
0.512700
0.000000
0.539400
0.507400
0.606300
0.000000
0.531400
0.025900
0.520300
0.000000
0.000000
0.016800
0.000000
0.000000
0.554800
0.540800
0.000000
0.000000
0.025200
0.543000
0.526500
0.539700
0.548600
0.520600
0.000000
0.000000
0.525900
0.509200
0.043900
0.633900
0.000000
0.508100
0.000000
0.538800
0.018300
0.000000
0.000000
0.547400
0.508200
0.000000
0.000000
0.536000
0.000000
0.000000
0.000000
0.000000
0.533700
0.000000
0.000000
0.541300
0.536600
0.000000
0.525600
0.000000
0.000000
0.000000
0.000000
0.000000
0.000000
0.000000
0.000000
0.535100
0.531400
0.000000
0.000000
0.000000
0.000000
0.000000
0.000000
0.000000
0.000000
0.000000
0.000000
0.000000
0.266900
0.000000
0.000000
0.529500
0.203100
0.000000
0.000000
0.000000
0.000000
0.530600
0.000000
0.000000
0.000000
0.000000
0.000000
0.000000
0.000000
0.542200
0.524100
0.530400
0.000000
0.000000
0.544400
0.539100
0.000000
0.000000
0.000000
0.000000
0.000000
0.000000
0.000000
0.000000
0.000000
0.000000
0.000000
0.000000
0.000000
0.000000
0.506800
0.000000
0.000000
0.000000
0.530600
0.000000
0.000000
0.000000
0.000000
0.000000
0.556000
0.000000
0.546000
0.534600
0.531700
0.535900
0.569600
0.000000
0.000000
0.000000
0.000000
0.000000
0.507300
0.000000
0.529300
0.000000
0.000000
0.000000
0.507900
0.000000
0.000000
0.522900
0.530700
0.000000
0.000000
0.000000
0.000000
0.000000
0.000000
0.000000
0.539100
0.000000
0.000000
0.000000
0.539100
0.000000
0.508800
0.000000
0.539200
0.000000
0.000000
0.528400
3.346400
0.530000
0.000000
0.541400
0.574900
0.000000
0.000000
0.000000
0.000000
0.540100
0.559200
0.000000
0.000000
0.000000
0.525300
0.506300
0.000000
0.000000
0.000000
0.000000
0.000000
0.000000
0.000000
0.000000
0.507800
0.000000
0.000000
0.533900
0.544100
0.508600
0.525700
0.000000
0.506700
0.000000
0.000000
0.000000
0.000000
0.000000
0.000000
0.000000
0.000000
0.000000
0.534600
0.530200
0.000000
0.000000
0.000000
0.000000
0.532500
0.000000
0.508500
0.000000
0.000000
0.000000
0.545500
0.000000
0.000000
0.523200
0.000000
0.531500
0.000000
0.542000
0.000000
0.000000
0.000000
0.535700
0.000000
0.000000
0.547000
0.000000
0.534400
0.530900
0.732000
0.000000
0.536200
0.539200
0.000000
0.000000
0.000000
0.535100
0.544800
0.000000
0.542100
0.000000
0.538900
0.556800
0.000000
0.000000
0.000000
0.550000
0.000000
0.000000
0.000000
0.000000
0.535300
0.000000
0.539400
0.569400
0.000000
0.535000
0.534800
0.000000
0.530700
0.000000
0.000000
0.000000
0.525200
0.000000
0.000000
0.537700
0.000000
0.000000
23.203500
9.308000
0.551100
0.000000
0.559400
0.540500
0.000000
0.000000
0.542500
0.000000
0.000000
0.527200
0.554000
0.000000
0.000000
0.000000
0.529900
0.542100
7.413500
0.000000
0.000000
0.533300
0.000000
0.000000
0.000000
0.532200
0.520700
0.000000
0.000000
0.000000
0.000000
0.536500
0.538900
0.528700
0.035800
0.000000
0.604300
0.000000
0.000000
0.000000
0.000000
0.000000
0.526900
0.531900
0.509600
0.000000
0.000000
0.000000
0.000000
0.000000
0.536400
0.547100
0.530600
0.544600
0.534800
0.044100
0.000000
0.000000
0.507200
0.538100
0.000000
0.000000
0.000000
0.000000
0.000000
0.537200
0.000000
0.000000
0.530800
0.000000
0.032100
0.000000
0.000000
0.537600
0.000000
0.000000
0.000000
0.000000
0.506700
0.000000
0.000000
0.553700
0.000000
0.000000
0.539200
0.535700
0.540700
17.776300
0.527300
0.526500
0.547600
0.000000
0.537700
0.000000
0.509900
0.526400
0.542400
0.507600
0.000000
0.532300
0.000000
0.000000
0.538600
0.000000
0.537100
0.538100
0.533000
0.556200
0.538900
0.000000
0.583400
0.533900
0.536100
0.000000
0.528700
0.000000
0.666200
0.541300
0.000000
0.000000
0.000000
0.556000
0.000000
0.523000
0.000000
0.000000
0.000000
0.527500
0.162100
0.000000
0.541800
0.537000
0.000000
0.527800
0.000000
0.000000
0.000000
0.555300
0.000000
0.000000
0.000000
0.000000
0.000000
0.530200
0.000000
0.000000
0.000000
0.000000
0.000000
0.000000
0.000000
0.557200
0.535500
0.000000
0.521400
0.000000
0.000000
0.530300
0.000000
0.506400
0.538800
0.000000
0.000000
0.539200
0.000000
0.000000
0.000000
0.000000
0.529300
0.532700
0.000000
0.103500
0.000000
0.510700
0.549000
0.000000
0.542500
0.000000
0.536300
0.000000
0.534700
0.530300
0.000000
0.000000
0.000000
0.532600
0.000000
0.550100
0.000000
0.000000
0.542400
0.000000
0.000000
0.000000
0.000000
0.000000
0.000000
0.000000
0.513100
0.534400
0.528700
0.000000
0.000000
0.000000
0.540100
0.000000
0.545200
0.537600
0.541000
0.536100
0.544200
0.000000
0.000000
0.000000
0.537500
0.520200
0.000000
0.000000
0.000000
0.000000
0.508400
0.508300
0.000000
0.000000
0.542800
0.000000
0.000000
0.000000
0.000000
0.531400
0.000000
0.530700
0.000000
0.000000
0.541900
0.000000
0.000000
0.000000
0.541000
0.546900
0.000000
0.000000
0.530800
0.000000
0.543200
0.000000
0.526400
0.000000
0.541700
0.541500
0.000000
0.556100
0.000000
0.000000
0.580200
0.000000
0.000000
0.000000
0.000000
0.000000
0.000000
0.533600
0.000000
0.000000
0.000000
0.000000
0.000000
0.000000
0.000000
0.000000
0.000000
0.599100
0.510500
0.552300
0.000000
0.000000
0.000000
0.534000
0.539200
0.000000
0.543000
0.509900
0.527100
0.541000
0.000000
0.000000
0.000000
0.566800
0.000000
0.000000
0.000000
0.000000
0.547700
0.000000
0.000000
0.000000
0.000000
0.531300
0.000000
0.000000
0.000000
0.531500
0.000000
0.000000
0.536300
0.000000
0.529200
0.000000
0.529800
0.506700
0.000000
0.000000
0.000000
0.000000
0.000000
0.529100
0.000000
0.459800
0.000000
0.000000
0.000000
0.000000
0.000000
0.542000
0.560400
0.000000
0.506800
0.000000
0.540800
0.728900
0.000000
0.000000
0.000000
0.000000
0.000000
0.000000
0.000000
0.000000
0.000000
0.507500
0.534300
0.000000
0.000000
0.029600
0.000000
0.000000
0.000000
0.000000
0.000000
0.556800
0.000000
0.000000
0.541200
0.546800
0.000000
0.529900
0.000000
0.000000
0.000000
0.000000
0.000000
0.000000
0.000000
0.000000
0.000000
0.000000
0.000000
0.000000
0.000000
0.549700
0.539600
0.557300
0.000000
0.507200
0.000000
0.509800
0.000000
0.000000
0.000000
0.581500
0.522600
0.000000
0.000000
0.000000
0.000000
0.000000
0.000000
0.000000
0.000000
0.545200
0.527800
0.000000
0.542100
0.535700
0.000000
0.000000
0.000000
0.000000
0.529900
0.533000
0.000000
0.000000
0.511300
0.573800
0.023900
0.000000
0.027300
0.000000
0.000000
0.000000
0.000000
0.000000
0.507400
0.539100
0.000000
0.000000
0.509900
0.000000
0.000000
0.000000
0.509100
0.000000
0.034400
0.000000
0.533100
0.037900
0.000000
0.537200
0.530300
0.000000
0.000000
0.533200
0.000000
0.000000
0.000000
0.506400
0.536200
0.000000
0.558100
0.556800
0.000000
0.000000
0.540900
0.540000
0.000000
0.000000
0.525400
0.000000
0.000000
0.507900
0.549400
0.000000
0.000000
0.000000
0.000000
0.000000
0.000000
0.542300
0.000000
0.532100
0.000000
0.000000
0.000000
0.000000
0.000000
0.545800
0.000000
0.000000
0.000000
0.000000
0.000000
0.000000
0.551100
0.000000
0.570000
0.536400
0.000000
0.000000
0.000000
0.000000
0.000000
0.000000
0.000000
0.000000
0.520200
0.000000
0.000000
0.000000
0.000000
0.555500
0.537400
0.024100
0.000000
0.000000
0.000000
0.536100
0.000000
0.000000
0.000000
0.511200
0.000000
0.507700
0.000000
0.000000
0.529600
0.000000
0.536600
0.506600
0.995500
0.000000
0.000000
0.000000
0.000000
0.000000
0.000000
0.542900
0.000000
0.000000
0.236200
0.000000
0.000000
0.000000
0.029800
0.000000
0.000000
0.000000
0.537900
0.034600
0.000000
0.000000
0.000000
0.000000
0.000000
0.000000
0.000000
0.000000
0.000000
0.000000
0.000000
0.000000
0.533300
0.000000
0.000000
0.000000
0.000000
0.000000
0.507000
0.000000
0.000000
0.000000
0.000000
0.000000
0.000000
0.000000
0.000000
0.000000
0.000000
0.000000
0.000000
0.000000
0.000000
0.000000
0.000000
0.000000
0.000000
0.000000
0.000000
0.000000
0.000000
0.000000
0.000000
0.000000
0.000000
0.000000
0.000000
0.000000
0.000000
0.000000
0.000000
0.000000
0.000000
0.530400
0.000000
0.000000
0.000000
0.000000
0.533100
0.531200
0.000000
0.535500
0.546400
0.000000
0.000000
0.545400
0.536200
0.531500
0.000000
0.533200
0.538600
0.000000
0.000000
0.563400
0.507400
0.000000
0.000000
0.541100
0.000000
0.530400
0.000000
0.546300
0.000000
0.000000
0.000000
0.520700
0.000000
0.000000
0.546300
0.000000
0.000000
0.533000
0.537300
0.533500
0.000000
0.539100
0.000000
0.536100
0.000000
0.536300
0.000000
0.541200
0.532400
0.000000
0.000000
0.000000
0.000000
0.000000
0.539000
0.532600
0.000000
0.000000
0.000000
0.000000
0.539800
0.562100
0.537800
0.000000
0.530900
0.566900
0.000000
0.000000
0.533200
0.000000
0.000000
0.000000
0.527900
0.000000
0.000000
0.000000
0.525000
0.000000
0.000000
0.524800
0.000000
0.000000
0.507600
0.000000
0.526200
0.000000
0.000000
0.000000
0.000000
0.538800
0.000000
0.000000
0.024600
0.000000
0.000000
0.000000
0.508300
0.000000
0.531300
0.000000
0.000000
0.565100
0.016400
0.534500
0.000000
0.000000
0.000000
0.510700
6.806300
0.000000
0.000000
0.000000
0.537400
0.000000
0.000000
0.522500
0.506500
0.543100
0.529900
0.528200
0.537100
0.000000
0.091400
0.000000
0.532300
0.000000
0.000000
0.535900
0.000000
0.547600
0.000000
0.000000
0.528700
0.000000
0.533500
0.525200
0.000000
0.507100
0.000000
0.000000
0.000000
0.507600
0.000000
0.000000
0.000000
0.529200
0.530300
0.507700
0.000000
0.529300
0.536800
0.510000
0.507100
0.509500
0.532400
0.000000
0.000000
0.000000
0.534400
0.581300
0.533100
0.000000
0.541600
0.536700
0.000000
0.523000
0.530300
0.534000
0.000000
0.000000
0.553900
0.040700
0.000000
0.562300
0.543700
0.544800
0.000000
0.531800
0.000000
0.000000
0.000000
0.000000
0.540000
0.027700
0.000000
0.530500
0.545400
0.000000
0.542700
0.000000
0.561100
0.542400
0.000000
0.537800
0.542900
0.535600
0.000000
0.000000
0.000000
0.000000
0.000000
0.000000
0.505700
0.000000
0.537100
0.554700
0.531300
0.000000
0.000000
0.538000
0.000000
0.524100
0.510600
0.000000
0.000000
0.000000
0.000000
0.000000
0.000000
0.000000
0.000000
0.000000
0.000000
0.544000
0.528000
0.541700
0.000000
0.000000
0.000000
0.000000
0.000000
0.548200
0.000000
0.000000
0.000000
0.000000
0.000000
0.025200
0.000000
0.551700
0.532300
0.510900
0.542300
0.000000
0.548500
0.000000
0.506200
0.542300
0.000000
0.547700
0.542800
0.536800
0.000000
0.000000
0.000000
0.000000
0.560800
0.000000
0.000000
0.000000
0.000000
0.000000
0.000000
0.506500
0.539800
0.000000
0.526600
0.538900
0.534400
0.539800
0.542200
0.545600
0.000000
0.000000
0.000000
0.536000
0.000000
0.000000
0.000000
0.000000
0.000000
0.542900
0.538900
0.000000
0.534500
0.539400
0.000000
0.000000
0.510000
0.000000
0.546700
0.000000
0.000000
0.000000
0.000000
0.000000
0.599900
0.000000
0.532200
0.543400
0.541000
0.000000
0.000000
0.000000
0.528300
0.000000
0.532300
0.000000
0.000000
0.000000
0.000000
0.000000
0.025000
0.000000
0.000000
0.000000
0.000000
0.000000
0.000000
0.544500
0.000000
0.023500
0.532100
0.544400
0.000000
0.000000
0.000000
0.534100
0.000000
0.533900
0.000000
0.000000
0.000000
0.000000
0.530000
0.508600
0.000000
0.531600
0.000000
0.525100
0.507100
0.000000
0.547800
0.591300
0.541600
0.000000
0.000000
0.000000
0.000000
0.000000
0.000000
0.000000
0.000000
0.000000
0.000000
0.000000
0.000000
0.532000
0.532500
0.527000
0.000000
0.000000
0.523700
0.541100
0.017400
0.523700
0.000000
0.000000
0.508400
0.000000
0.533200
0.030600
0.508100
0.000000
0.546300
0.000000
0.000000
0.000000
0.506700
0.528500
0.000000
0.000000
0.000000
0.000000
0.000000
0.508600
0.000000
1.154700
0.528600
0.000000
0.000000
0.524200
0.000000
0.035100
0.000000
0.000000
0.537900
0.000000
0.000000
0.000000
0.000000
0.000000
0.601000
0.000000
0.000000
0.559900
10.059200
0.544000
0.000000
0.540000
0.000000
0.000000
0.000000
0.526300
0.533700
0.000000
0.533800
0.000000
0.524700
0.533600
0.000000
0.000000
0.540700
0.508800
0.000000
0.526500
0.000000
0.525900
0.000000
0.000000
0.538400
0.030600
0.000000
0.545900
0.000000
0.511100
0.000000
0.545700
0.000000
0.545600
0.509600
0.000000
0.544100
0.539200
0.000000
0.553700
0.000000
0.000000
0.612300
0.000000
0.000000
0.000000
0.000000
0.000000
0.000000
0.000000
0.000000
0.000000
0.536100
0.000000
0.039900
0.537800
0.000000
0.000000
0.539700
0.000000
0.527600
0.506500
0.506500
0.000000
0.000000
0.000000
0.000000
0.000000
0.000000
0.000000
0.536900
0.526400
0.000000
0.000000
0.000000
0.000000
0.508400
0.000000
0.000000
0.524400
0.000000
0.553500
0.509600
0.000000
0.000000
0.028900
0.000000
0.000000
0.000000
0.522600
0.519900
0.000000
0.000000
0.530500
0.508400
0.540000
0.000000
0.000000
0.554800
0.000000
0.000000
0.507700
0.000000
0.588900
0.000000
0.000000
0.000000
0.556700
0.000000
0.000000
0.000000
0.000000
0.000000
0.506700
0.528400
0.000000
0.000000
0.532700
0.000000
0.000000
0.000000
0.507700
0.000000
0.000000
0.000000
0.000000
0.557300
0.000000
0.020000
0.000000
0.000000
0.563800
0.507800
0.000000
0.596400
0.000000
0.000000
0.000000
0.000000
0.542500
0.019900
0.529300
0.527600
0.000000
0.528100
0.000000
0.000000
0.000000
0.000000
0.000000
0.506900
0.000000
0.000000
0.000000
0.000000
0.033300
0.000000
0.000000
0.898000
0.000000
0.000000
0.000000
0.000000
0.000000
0.533400
0.000000
0.509700
0.025900
0.000000
0.508100
0.000000
0.000000
0.000000
0.030700
0.000000
0.000000
0.000000
0.526700
0.000000
0.000000
0.000000
0.539800
0.000000
0.000000
0.534800
0.000000
0.000000
0.000000
0.537800
0.506800
0.544300
0.508500
0.000000
0.000000
0.549700
0.000000
0.536600
0.000000
0.046200
0.556200
0.000000
0.000000
0.526500
0.000000
0.507400
0.000000
0.536100
0.000000
0.000000
0.000000
0.000000
0.000000
3.903400
0.000000
0.000000
0.000000
0.538700
0.000000
0.000000
0.000000
0.510100
0.000000
0.000000
0.000000
0.539400
0.000000
0.000000
0.000000
0.543700
0.529000
0.000000
0.508800
1.079000
0.536500
0.530500
0.562200
0.533900
0.527600
0.000000
0.000000
0.000000
0.544200
0.509600
0.000000
0.537400
0.000000
0.510600
0.000000
0.544800
0.538100
0.572000
0.000000
0.000000
0.525000
0.000000
0.000000
0.000000
0.000000
0.000000
0.531500
0.000000
0.532600
0.000000
0.000000
0.540700
0.537100
0.541500
0.000000
0.550600
0.530100
0.000000
0.000000
0.000000
0.509800
0.546400
0.000000
0.537000
0.557400
0.000000
0.000000
0.000000
0.000000
0.000000
0.527800
0.000000
0.000000
0.000000
0.000000
0.000000
0.000000
0.000000
0.534800
0.544800
0.000000
0.000000
0.000000
0.541000
0.512300
0.000000
0.507300
0.555700
0.000000
0.000000
0.000000
0.540700
0.533500
0.000000
0.000000
0.032600
0.544100
0.510300
0.000000
0.506000
0.000000
0.505700
0.015400
0.000000
0.525300
0.000000
0.036000
0.000000
0.000000
0.000000
0.589500
0.000000
0.000000
0.000000
0.000000
0.000000
0.000000
0.548300
0.026400
0.539100
0.000000
0.000000
0.510000
0.000000
0.000000
0.000000
0.000000
0.000000
0.000000
0.510100
0.539700
0.000000
0.026300
0.000000
0.508700
0.541200
0.000000
0.000000
0.000000
0.000000
0.545300
0.545100
0.000000
0.000000
0.000000
0.000000
0.551600
0.000000
0.000000
0.000000
0.525500
0.540800
0.786000
0.506200
0.531000
0.000000
0.549600
0.541000
0.524200
0.000000
0.000000
0.546000
0.534900
0.532900
0.000000
0.000000
0.544100
0.000000
0.000000
0.000000
0.000000
0.539500
0.000000
0.000000
0.000000
0.000000
0.000000
0.507800
0.000000
0.531100
0.520500
0.545600
0.547500
0.000000
0.000000
0.000000
0.000000
0.000000
0.000000
0.000000
0.544000
0.000000
0.000000
0.543300
0.541500
0.000000
0.026000
0.537700
0.000000
0.000000
0.533800
0.000000
0.000000
0.533800
0.533000
0.000000
0.531100
0.000000
0.506400
0.544800
0.000000
0.000000
0.544800
0.533000
0.530200
0.533200
0.536500
0.000000
0.530000
0.535200
0.000000
0.000000
0.537800
0.540000
0.000000
0.000000
0.000000
0.537000
0.538500
0.000000
0.000000
0.000000
0.032400
0.000000
0.537500
0.506100
0.000000
0.545300
0.000000
0.000000
0.000000
0.000000
0.534500
0.534700
0.537000
0.000000
0.000000
0.000000
0.000000
0.000000
28.260200
0.533700
0.527900
0.508000
0.000000
0.000000
0.536300
0.546900
0.043200
0.000000
0.000000
0.026600
0.549300
0.533700
0.000000
0.508100
0.554100
0.000000
0.540500
0.549500
0.000000
0.000000
0.534200
0.561900
0.510500
0.543600
0.000000
0.000000
0.000000
0.000000
0.000000
0.512100
0.000000
0.000000
0.542700
0.000000
0.550600
0.000000
0.000000
0.000000
0.000000
0.105800
0.535500
0.580700
0.000000
0.000000
0.540000
0.000000
0.000000
0.507700
0.544200
0.000000
0.000000
0.000000
0.000000
0.000000
0.000000
0.000000
0.000000
0.000000
0.000000
0.000000
0.000000
0.000000
0.528100
0.000000
0.535400
0.529600
0.000000
0.544600
0.000000
0.000000
0.000000
0.000000
0.000000
0.000000
0.000000
0.000000
0.000000
0.517100
0.000000
0.000000
0.535400
0.000000
0.000000
0.523100
0.532200
0.526700
0.507500
0.000000
0.000000
0.000000
0.000000
0.000000
0.000000
0.000000
0.000000
0.539500
0.582700
0.000000
0.000000
0.000000
0.000000
0.536400
0.000000
0.000000
0.509300
0.536300
0.531800
0.000000
0.000000
0.000000
0.533900
0.554300
0.536400
0.000000
0.541600
0.000000
0.543000
0.000000
0.507400
0.000000
0.567100
0.000000
0.506200
0.000000
0.000000
0.534800
0.532400
0.000000
0.541400
0.000000
0.000000
0.540000
0.537700
0.566000
0.564200
0.526700
0.000000
0.000000
0.548800
0.534600
0.525300
0.000000
0.000000
0.000000
0.530700
0.521900
0.000000
0.000000
0.000000
0.541200
0.000000
0.000000
0.000000
0.000000
0.538800
0.000000
0.000000
0.000000
0.537700
0.000000
0.000000
0.000000
0.000000
0.000000
0.000000
0.506900
0.000000
0.581600
0.000000
0.000000
0.507100
0.532300
0.000000
0.000000
0.000000
0.533100
0.000000
0.000000
0.507800
0.000000
0.539400
0.531600
0.000000
0.530900
0.000000
0.544200
0.000000
0.000000
0.000000
0.000000
0.000000
0.000000
0.532300
0.551800
0.509700
0.000000
0.000000
0.000000
0.000000
0.000000
0.000000
0.000000
0.000000
0.532700
0.000000
0.544300
0.507900
0.544100
0.507200
0.534100
0.000000
0.000000
0.534200
0.531200
0.022000
0.000000
0.000000
0.535600
0.000000
0.509600
0.000000
0.000000
0.000000
0.531100
0.000000
0.543400
0.534100
0.034700
0.546300
0.000000
0.000000
0.000000
0.026700
0.528500
0.505900
0.527400
0.000000
0.538000
0.510300
0.000000
0.000000
0.538900
0.000000
0.000000
0.000000
0.000000
0.000000
0.000000
0.000000
0.000000
0.542600
0.000000
0.545800
0.527300
0.000000
0.000000
0.000000
0.000000
0.000000
0.000000
0.000000
0.000000
0.000000
0.000000
0.000000
0.000000
0.000000
0.506500
0.510700
0.000000
0.000000
0.000000
0.537400
0.000000
0.541300
0.539800
0.557100
0.566900
0.000000
0.000000
0.000000
0.535700
0.000000
0.000000
0.000000
0.000000
0.000000
0.033000
0.521500
0.533100
0.542900
0.507700
0.000000
0.508500
0.000000
0.533300
0.000000
0.000000
0.000000
0.000000
0.000000
0.536700
0.000000
0.000000
0.000000
0.000000
0.000000
0.000000
0.000000
0.542000
0.000000
0.000000
0.529200
0.000000
0.000000
0.000000
0.000000
0.000000
0.000000
0.000000
0.583100
0.000000
0.529700
0.000000
0.000000
0.563500
0.535300
0.000000
0.000000
0.532100
0.000000
0.000000
0.532300
0.000000
0.000000
0.000000
0.000000
0.000000
0.000000
0.000000
0.000000
0.000000
0.560100
0.508500
0.000000
0.000000
0.000000
0.535400
0.000000
0.000000
0.000000
0.000000
0.000000
0.000000
0.000000
0.000000
0.000000
0.000000
0.000000
0.000000
0.000000
0.000000
0.000000
0.532100
0.521700
0.541600
0.527400
0.540100
0.000000
0.000000
0.000000
0.537600
1.078100
0.000000
0.532900
0.000000
0.000000
0.000000
0.000000
0.000000
0.526500
0.000000
0.000000
0.509000
0.000000
0.000000
0.030500
0.000000
0.000000
0.018700
0.533300
0.000000
0.000000
0.000000
0.000000
0.536200
0.522000
0.529800
0.541000
0.000000
0.544200
0.539200
0.539500
0.000000
0.510300
0.000000
0.172800
0.000000
0.527700
0.000000
0.000000
0.510800
0.000000
0.000000
0.000000
0.534400
0.000000
0.536400
0.000000
0.000000
0.000000
0.509300
0.000000
0.527800
0.533900
0.535000
0.000000
0.000000
0.000000
0.000000
0.534000
0.000000
0.000000
0.545900
0.549700
0.000000
0.000000
0.544600
0.000000
0.000000
0.509200
0.000000
0.000000
0.523600
0.507000
0.000000
0.526800
0.540200
0.000000
0.000000
0.000000
0.537600
0.000000
0.000000
0.000000
0.000000
0.000000
0.000000
0.000000
0.000000
0.000000
0.000000
0.000000
0.540300
0.000000
0.000000
0.000000
0.000000
0.000000
0.538600
0.000000
0.000000
0.531600
0.531500
0.532100
0.000000
0.534400
0.000000
0.552400
0.000000
0.000000
0.537300
0.000000
0.000000
0.550700
0.000000
0.000000
0.000000
0.050600
1.041800
0.000000
0.000000
0.000000
0.000000
0.000000
0.586900
0.000000
0.507800
0.000000
0.510100
0.000000
0.000000
0.543300
0.536500
0.507500
0.534500
0.532200
0.000000
0.000000
0.000000
0.530200
0.000000
0.525400
0.000000
0.543700
0.000000
0.000000
0.000000
0.000000
0.000000
0.000000
0.000000
0.000000
0.000000
0.508400
0.000000
0.000000
0.000000
0.000000
0.000000
0.571000
0.551700
0.000000
0.542000
0.000000
0.535600
0.529700
0.000000
0.540400
0.508800
0.000000
0.509400
0.540100
0.000000
0.000000
0.000000
0.000000
0.000000
0.000000
0.000000
0.531800
0.000000
0.000000
0.000000
0.565100
0.000000
1.067300
0.000000
0.539700
0.000000
0.000000
0.548800
0.000000
0.000000
0.507900
0.000000
0.000000
0.000000
0.000000
0.000000
0.524200
0.000000
0.000000
0.000000
0.000000
0.000000
0.000000
0.000000
0.539400
0.528300
0.000000
0.000000
0.000000
0.537200
0.000000
0.534700
0.000000
0.000000
0.541600
0.000000
0.000000
0.000000
0.542200
0.000000
0.509200
0.000000
0.000000
0.000000
0.000000
0.000000
0.000000
0.000000
0.545800
0.951000
0.000000
0.545300
0.000000
0.000000
0.000000
0.000000
0.530100
0.000000
0.000000
0.000000
0.000000
0.000000
0.556600
0.000000
0.000000
0.000000
0.000000
1.090500
0.508200
0.028400
0.537000
0.547600
0.530600
0.534100
0.000000
0.000000
0.541400
0.000000
0.000000
0.000000
0.000000
0.000000
0.000000
0.000000
0.000000
0.523300
0.000000
0.000000
0.530200
0.508900
0.000000
0.556900
0.000000
0.508300
0.000000
0.000000
0.527700
0.533600
0.000000
0.540400
0.000000
0.000000
0.533900
0.537900
0.000000
0.000000
0.000000
0.523200
0.000000
0.000000
0.538400
0.000000
0.000000
0.000000
0.000000
0.560400
0.537300
0.000000
0.510700
0.000000
0.542000
0.000000
0.000000
0.000000
0.531500
0.536500
0.000000
0.552200
0.000000
0.000000
0.000000
0.000000
0.000000
0.545200
0.000000
0.000000
0.000000
0.535800
0.000000
0.546100
0.509500
0.000000
0.000000
0.553600
0.000000
0.000000
0.000000
0.000000
0.028600
0.000000
0.531500
0.000000
0.000000
0.000000
0.000000
0.509800
0.032000
0.534300
0.000000
0.544100
0.524200
0.538400
0.533900
0.539200
0.545800
0.000000
0.000000
0.550100
0.611700
1.099200
0.000000
0.000000
0.509300
0.000000
0.000000
0.541900
0.000000
0.000000
0.534400
0.531600
0.569500
0.540300
0.551800
0.534800
0.000000
0.532400
0.531700
0.000000
0.000000
0.000000
0.522100
0.000000
0.539000
0.000000
0.532200
0.000000
0.000000
0.535700
0.039000
0.530300
0.000000
0.560700
0.000000
0.512700
0.000000
0.000000
0.542200
0.000000
0.000000
0.547400
0.532800
0.000000
0.000000
0.535100
0.547500
0.000000
0.534800
0.042700
0.539600
0.524800
0.521800
0.055000
0.509000
0.000000
0.000000
0.000000
0.000000
0.531500
0.528500
0.537600
0.000000
0.508400
0.000000
0.540700
0.000000
0.543800
0.538600
0.000000
0.000000
0.000000
0.000000
0.547500
0.541600
0.543400
0.000000
0.000000
0.526500
0.000000
0.000000
0.000000
0.538800
0.520700
0.543100
0.000000
0.000000
0.509100
0.000000
0.000000
0.000000
0.507400
0.000000
0.568100
0.000000
0.536000
0.526400
0.000000
0.546700
0.551900
0.000000
0.000000
0.530300
0.534600
0.506200
0.509600
0.536100
0.553500
0.000000
0.000000
0.547100
0.000000
0.507100
0.540500
0.507100
0.000000
0.000000
0.030400
0.000000
0.541500
0.511700
0.000000
0.535600
0.533900
0.000000
0.000000
0.000000
0.539300
0.543100
0.510800
0.540800
0.551100
0.000000
0.000000
0.000000
0.508400
0.532900
0.000000
0.538100
0.000000
0.000000
0.000000
0.000000
0.535500
0.000000
0.000000
0.540000
0.000000
0.531600
0.510500
0.000000
0.000000
0.000000
0.000000
0.000000
0.000000
0.521200
0.000000
0.000000
0.544200
0.000000
0.000000
0.000000
0.000000
0.000000
0.000000
0.000000
0.000000
0.537800
0.550400
0.000000
0.000000
0.537500
0.000000
0.037800
0.000000
0.530200
0.538700
0.538100
0.536900
0.000000
0.000000
0.538600
0.000000
0.000000
0.000000
0.000000
0.000000
0.545100
0.000000
0.000000
0.000000
0.000000
0.543600
0.527700
0.000000
0.000000
0.000000
0.000000
0.000000
0.526900
0.532600
0.000000
0.000000
0.539700
0.000000
0.000000
0.000000
0.000000
0.000000
0.000000
0.541600
0.000000
0.000000
0.000000
0.525400
0.538200
0.000000
0.530700
0.000000
0.534800
0.536300
0.535500
0.536000
0.539700
0.000000
0.541500
0.000000
0.532000
0.508500
0.000000
0.000000
0.000000
0.000000
0.536800
0.000000
0.000000
0.000000
0.000000
0.542800
0.535200
0.000000
0.000000
0.000000
0.000000
0.542400
7.409100
0.544900
0.000000
0.508300
0.000000
0.000000
0.000000
0.000000
0.024500
0.524100
0.532600
0.000000
0.519100
0.538000
0.000000
0.547400
0.527500
0.000000
0.000000
0.507300
0.000000
0.553300
0.534200
0.545000
0.532300
0.000000
0.000000
0.000000
0.506300
0.000000
0.000000
0.543900
0.000000
0.000000
0.529800
0.000000
0.000000
0.544900
0.529200
0.000000
0.000000
0.538800
0.541700
0.530400
0.000000
0.000000
0.538500
0.000000
0.550600
0.537400
0.000000
0.537200
0.506700
0.000000
0.000000
0.000000
0.000000
0.000000
0.523100
0.000000
0.000000
0.541300
0.000000
0.000000
0.511500
0.535900
0.014800
0.000000
0.525400
0.541400
0.000000
0.000000
0.000000
0.508700
0.000000
0.000000
0.045900
0.547700
0.000000
0.530100
0.000000
0.000000
0.000000
0.000000
0.512700
0.000000
0.000000
0.000000
0.000000
0.000000
0.000000
0.532900
0.000000
0.523900
0.000000
0.533100
0.540900
0.506500
0.517000
0.000000
0.537600
0.000000
0.537900
0.000000
0.000000
0.000000
0.537100
0.000000
0.546400
0.000000
0.000000
0.000000
0.000000
0.000000
0.508000
0.000000
0.000000
0.000000
0.000000
0.000000
0.542200
0.543100
0.000000
0.000000
0.000000
0.535000
0.522300
0.000000
0.520700
0.000000
0.543900
0.546400
0.000000
0.536700
0.000000
0.000000
0.000000
0.000000
0.000000
0.000000
0.000000
0.000000
0.000000
0.530700
0.000000
0.000000
0.524800
0.000000
0.543900
0.526100
0.541700
0.000000
4.097900
0.537800
0.000000
0.000000
0.000000
0.000000
0.508200
0.506100
0.000000
0.531200
0.000000
0.000000
0.000000
0.535600
0.564200
0.000000
0.000000
0.507800
0.000000
0.000000
0.000000
0.507200
0.536300
0.000000
0.543700
0.599700
0.000000
0.000000
0.000000
0.000000
0.000000
0.528800
0.000000
0.000000
0.536400
0.000000
0.000000
0.546700
0.026500
0.000000
0.000000
0.523300
0.000000
0.530700
0.532700
0.000000
0.000000
0.000000
0.000000
0.000000
0.000000
0.000000
0.553200
0.000000
0.535600
0.549400
0.000000
0.540800
0.000000
0.000000
0.536500
0.534000
0.000000
0.543600
0.509600
0.555700
0.000000
0.000000
0.538200
0.532400
0.514600
0.000000
0.000000
0.000000
0.000000
0.000000
0.510000
0.595100
0.542100
0.620600
0.000000
0.000000
0.533600
0.552400
0.510000
0.542600
0.000000
0.529900
0.535500
0.553900
0.573100
0.636900
0.000000
0.531300
0.595000
0.000000
0.508200
0.660900
0.000000
0.555400
0.000000
0.000000
0.520800
0.000000
0.537800
0.529000
0.546300
0.556800
0.000000
0.541100
0.532900
0.000000
0.522400
0.544800
0.524200
0.000000
0.522700
0.000000
0.000000
0.537000
0.000000
0.000000
0.000000
0.000000
0.538500
0.521900
0.000000
0.000000
0.000000
0.000000
0.000000
0.000000
0.000000
0.000000
0.583900
0.526100
0.544500
0.531800
0.535000
0.000000
0.539300
0.537100
0.000000
0.000000
0.532100
0.000000
0.524800
7.694100
0.526700
0.538300
0.000000
0.528200
0.000000
0.000000
0.000000
0.541100
0.543300
0.000000
0.000000
0.000000
0.506800
0.000000
0.510000
0.531100
0.000000
0.537200
0.000000
0.000000
0.534000
0.000000
0.000000
0.540100
0.000000
0.552900
0.000000
0.557600
0.533500
0.537500
0.000000
0.000000
0.000000
0.534100
0.000000
0.000000
0.000000
0.000000
0.554100
0.000000
0.000000
0.000000
0.000000
0.000000
0.000000
0.000000
0.525900
0.527300
0.000000
0.536100
0.000000
0.000000
0.000000
0.000000
0.000000
0.000000
0.000000
0.000000
0.000000
0.000000
0.541400
0.000000
0.000000
0.038800
0.000000
0.537200
0.000000
0.000000
0.000000
0.543500
0.521100
0.531400
0.535900
0.000000
0.509100
0.000000
0.000000
0.000000
0.538500
0.537800
0.000000
0.000000
0.531300
0.000000
0.000000
0.000000
0.507200
0.000000
0.000000
0.000000
0.000000
0.000000
0.000000
0.034100
0.536900
0.000000
0.534400
0.000000
0.528000
0.000000
0.535500
0.055300
0.000000
0.507800
0.000000
0.000000
0.118600
0.506500
0.528000
0.541800
0.000000
0.536600
0.534200
0.000000
0.532000
0.541400
0.000000
0.000000
0.561600
0.000000
0.000000
0.000000
0.545200
0.000000
0.531600
0.000000
0.000000
0.566500
0.000000
0.540600
0.536800
0.000000
0.000000
0.000000
0.000000
0.000000
0.509400
0.000000
0.527500
0.508700
0.526800
0.533900
0.000000
9.847700
5.558900
0.000000
0.543200
0.546700
0.000000
0.000000
0.000000
0.000000
0.532200
0.017000
0.000000
0.532100
0.000000
0.545700
0.000000
0.527600
0.509000
0.525200
0.510300
0.000000
0.000000
0.000000
0.000000
0.535100
0.508800
0.539600
0.000000
0.036500
0.530600
0.563700
0.537200
0.549600
0.526900
0.538700
0.000000
0.000000
0.507500
0.575500
0.510200
0.541900
0.533700
0.000000
0.000000
0.531400
0.506600
0.000000
0.601300
0.549300
0.527300
0.000000
0.544900
0.532500
0.000000
0.000000
0.000000
0.024000
0.177200
0.000000
0.539900
0.000000
0.000000
0.537900
0.526700
0.560200
0.000000
0.506900
0.000000
0.507800
0.000000
0.523000
0.529300
0.000000
0.000000
0.507300
0.543800
0.534100
0.000000
0.527900
0.529400
0.530600
0.565200
0.000000
0.506200
0.000000
0.000000
0.000000
0.000000
0.528600
0.000000
0.553400
0.000000
0.506900
0.530300
0.000000
0.528300
0.000000
0.552100
0.507500
0.032200
0.000000
0.542900
0.000000
0.000000
0.540100
0.541900
0.532200
0.544100
0.530100
0.531000
1.056100
0.540600
0.000000
0.525100
0.000000
0.000000
0.531200
0.556500
0.000000
0.546200
0.533300
0.034300
0.000000
0.507500
0.510200
0.000000
0.553800
0.535200
0.000000
0.000000
19.369600
0.000000
0.628500
0.000000
0.000000
0.534600
0.534300
0.000000
0.000000
0.000000
0.000000
0.000000
0.523100
0.530000
0.000000
0.538400
0.000000
0.521700
0.535400
0.535800
0.000000
0.534300
0.000000
0.545500
0.000000
0.538500
0.533900
0.547300
0.538300
0.000000
0.535100
0.530000
0.000000
0.508100
0.532900
0.000000
0.000000
0.000000
0.000000
0.543600
0.537800
0.000000
0.000000
0.530200
0.545900
0.000000
0.553100
0.000000
0.532800
0.000000
0.044300
0.000000
0.580800
0.538100
0.000000
0.000000
0.541400
0.000000
0.543000
0.538700
0.000000
0.546800
0.000000
0.531900
0.548400
0.000000
0.532100
0.000000
0.000000
0.525500
0.000000
0.000000
0.553200
0.000000
0.557000
0.000000
0.000000
0.537100
0.000000
0.000000
0.000000
0.544900
0.507800
0.508300
0.000000
0.000000
0.540000
0.000000
0.000000
0.000000
0.000000
0.509800
0.555600
0.546200
0.000000
0.540600
0.506800
0.029600
0.000000
0.000000
1.180400
0.508300
0.547900
0.533800
0.545800
0.000000
0.000000
0.000000
0.530100
0.986900
0.000000
0.000000
0.534900
0.000000
0.000000
0.506900
0.000000
0.000000
0.533800
0.539100
0.000000
0.507800
0.000000
0.529500
0.000000
0.508500
0.552400
0.000000
38.034300
4.240500
0.507300
0.537900
0.532800
0.000000
0.000000
0.552500
0.570200
0.532400
0.000000
0.533400
0.000000
0.000000
0.000000
0.526800
0.000000
0.542100
0.539900
0.000000
0.547700
0.000000
0.538100
0.546500
0.532800
0.000000
0.000000
0.000000
0.523500
0.536900
0.000000
0.540400
0.537000
0.000000
0.538300
0.000000
0.000000
0.000000
0.537000
0.000000
0.000000
0.000000
0.506400
0.533600
0.000000
0.508900
0.000000
0.000000
0.540700
0.511000
0.000000
0.000000
0.533200
0.581300
0.000000
0.536900
0.039200
0.000000
0.543900
0.000000
0.530900
0.534000
0.528300
0.000000
0.535900
0.000000
0.000000
0.539400
0.000000
0.546900
0.555200
0.000000
0.000000
0.000000
0.000000
0.000000
0.535300
0.000000
0.000000
0.000000
0.522000
0.549700
0.511500
0.548900
0.000000
0.533400
0.000000
0.000000
0.000000
0.000000
0.023600
0.527600
0.000000
0.000000
0.000000
0.525800
0.000000
0.000000
0.554200
0.532600
0.036700
0.532900
0.000000
0.000000
0.000000
0.000000
0.538100
0.000000
0.000000
0.508400
0.507000
0.000000
0.549100
0.526600
0.000000
0.530400
0.551000
0.000000
0.533200
0.000000
0.000000
0.540100
0.000000
0.000000
0.508300
0.000000
0.530000
0.000000
0.000000
0.536100
0.000000
0.000000
0.506000
0.554700
0.530000
0.000000
0.530900
0.000000
0.537500
0.000000
0.535600
0.546500
0.000000
0.000000
0.000000
0.000000
0.000000
0.000000
0.000000
0.527000
0.000000
0.000000
0.000000
0.000000
0.000000
0.000000
0.000000
0.000000
0.000000
0.000000
0.000000
0.000000
1.005900
0.000000
0.524500
0.000000
0.000000
0.536500
0.000000
0.000000
0.000000
0.024600
0.542900
0.589800
0.533700
0.000000
0.546600
0.000000
0.000000
0.559400
0.508800
0.000000
0.527600
0.540800
0.000000
0.000000
0.000000
0.000000
0.000000
0.533700
0.523900
0.000000
0.000000
0.000000
0.000000
0.507100
0.000000
0.558900
0.000000
0.000000
0.000000
0.000000
0.545300
0.540700
0.570700
0.000000
0.533400
0.000000
0.000000
0.507400
0.542400
0.530500
0.000000
0.507400
0.526000
0.000000
0.507400
0.508700
0.000000
0.000000
0.541200
0.000000
0.000000
0.000000
0.593600
0.000000
0.000000
0.000000
0.000000
0.000000
0.000000
0.000000
0.529900
0.537600
0.000000
0.509400
0.646800
1.454400
0.526200
0.000000
0.536000
0.000000
0.000000
0.539400
0.000000
0.993200
0.000000
0.000000
0.000000
0.000000
0.000000
0.383200
0.531800
0.537200
0.000000
0.000000
0.000000
0.547100
0.541100
0.540900
0.000000
0.544000
0.000000
0.528700
0.000000
0.000000
0.000000
0.530400
0.506900
0.530700
0.000000
0.676600
0.000000
0.000000
0.000000
0.000000
0.000000
0.000000
0.000000
0.544000
0.530300
0.000000
0.535100
0.000000
0.000000
0.506700
0.000000
0.000000
0.547600
0.540300
0.000000
0.539200
0.539700
0.539400
0.536200
0.543000
0.508100
0.539000
0.000000
0.000000
0.036700
21.520300
0.186200
0.539400
0.509400
0.544400
0.508100
0.000000
0.532500
0.026600
0.529200
0.000000
0.508800
0.545400
0.000000
0.000000
0.000000
0.532600
0.535000
0.528300
0.000000
0.000000
0.530600
0.544100
0.552500
0.507500
0.000000
0.530300
0.000000
0.000000
0.000000
0.000000
0.000000
0.000000
0.555400
0.532000
0.548100
0.000000
0.000000
0.544700
0.000000
0.523500
0.000000
0.000000
0.000000
0.000000
0.529700
0.536700
0.000000
0.536200
0.000000
0.524800
0.000000
0.535100
0.030800
0.000000
0.528300
0.534100
0.541900
0.000000
0.550100
0.537500
0.537900
0.000000
0.000000
0.000000
0.538900
0.000000
0.039500
0.000000
0.538400
0.000000
0.528500
0.538200
0.000000
0.000000
0.000000
0.532900
0.000000
0.000000
12.356600
0.551200
0.533500
0.029300
0.000000
0.000000
0.000000
0.000000
0.537100
0.000000
0.000000
0.000000
0.000000
0.000000
0.000000
0.000000
0.540800
0.507100
0.533100
0.547200
0.000000
0.000000
0.000000
0.000000
0.000000
0.546000
0.000000
0.000000
0.000000
0.506400
0.523800
0.000000
0.000000
0.507800
0.000000
0.000000
0.000000
0.507200
0.532500
0.000000
0.000000
0.544000
0.000000
0.033500
0.000000
0.000000
0.535200
0.000000
0.000000
0.000000
0.000000
0.000000
0.000000
0.000000
0.000000
0.000000
0.000000
0.000000
0.000000
0.537900
0.538400
0.000000
0.529900
0.000000
0.559700
1.036100
0.000000
0.536800
0.000000
0.536100
0.527600
0.000000
0.000000
0.000000
0.541100
0.000000
0.000000
0.507700
0.000000
0.000000
0.000000
0.000000
0.000000
0.547100
0.531500
0.000000
0.000000
0.532000
0.540700
0.000000
0.000000
0.000000
0.538000
0.000000
0.000000
0.545500
0.543600
0.530800
0.534700
0.000000
0.544200
0.580000
0.542100
0.000000
0.000000
0.000000
0.509200
0.000000
0.000000
0.557700
0.537300
0.529000
0.506200
0.000000
0.000000
0.544000
0.000000
0.000000
0.000000
0.000000
0.538400
0.000000
0.530200
0.529400
0.000000
0.000000
0.000000
0.000000
0.000000
0.532600
0.000000
0.543300
0.000000
0.531700
0.534600
0.000000
0.530100
0.000000
0.508600
0.532300
0.000000
0.541100
0.000000
0.530400
0.000000
0.506900
0.000000
0.000000
0.531100
0.000000
0.000000
0.534300
0.000000
0.544300
0.000000
0.000000
0.507900
0.000000
0.544100
0.000000
0.000000
0.000000
0.000000
0.000000
0.000000
0.029100
0.536900
0.528200
0.531300
0.527900
0.000000
0.000000
0.000000
0.000000
0.000000
0.541000
0.000000
0.000000
0.506800
0.539200
0.542900
0.000000
0.567500
0.000000
0.000000
0.000000
0.526900
0.000000
0.510300
0.529700
0.000000
0.000000
0.000000
0.532300
0.532800
0.529900
0.000000
0.536800
0.000000
0.510600
0.000000
0.000000
0.000000
0.000000
0.536500
0.000000
0.510100
0.000000
0.000000
0.000000
0.538700
0.000000
0.209900
0.000000
0.000000
0.000000
0.000000
0.000000
0.000000
0.000000
0.549400
0.000000
0.000000
0.546400
0.000000
0.000000
0.000000
0.000000
0.046000
0.579000
0.000000
0.000000
0.538400
0.000000
0.000000
0.531800
0.527900
0.000000
0.000000
0.000000
0.537900
0.528900
0.000000
0.000000
0.527700
0.536400
0.529600
4.646300
7.148200
3.006500
0.000000
0.000000
0.000000
0.000000
0.000000
0.000000
0.000000
0.542400
0.577300
0.542700
0.000000
0.000000
0.546000
0.000000
0.000000
0.000000
0.000000
0.000000
0.522800
0.000000
0.538500
0.000000
0.000000
8.338800
0.555600
1.077200
0.037300
0.000000
0.000000
0.530500
0.533900
0.000000
0.532500
0.540400
0.000000
0.000000
0.000000
0.038300
0.542700
0.000000
0.000000
0.030800
0.000000
0.000000
0.545100
0.000000
0.000000
0.000000
0.531800
0.028600
0.593000
0.533000
0.000000
0.529500
0.533500
0.000000
0.000000
0.552700
0.000000
0.541500
0.507500
0.000000
0.000000
0.000000
0.534400
0.000000
0.000000
0.000000
0.000000
0.000000
0.000000
0.538700
0.533800
0.000000
0.000000
0.000000
0.998400
0.000000
0.561600
0.000000
0.547400
0.000000
0.000000
0.000000
0.000000
0.000000
0.000000
0.000000
0.000000
0.000000
0.532400
0.000000
0.000000
0.000000
0.530200
0.531000
0.000000
0.541600
0.525700
0.000000
0.000000
0.531700
0.000000
0.549500
0.042700
0.533400
0.507400
0.508800
0.538900
0.000000
0.000000
0.538700
0.000000
0.533500
0.548800
0.000000
0.000000
0.000000
0.000000
0.000000
0.506800
0.541000
0.534400
0.000000
0.562400
0.000000
0.536400
0.508500
0.000000
0.000000
0.531800
0.000000
0.540900
33.518200
2.271000
0.537600
0.000000
0.000000
0.536500
0.532800
0.000000
0.000000
0.532700
0.584300
0.000000
0.000000
0.535200
0.529500
0.000000
0.538900
0.000000
0.000000
0.000000
0.509400
0.000000
0.000000
0.508800
0.527300
0.000000
0.528800
0.000000
0.000000
0.000000
0.509800
0.543700
0.509200
0.000000
0.000000
0.000000
0.000000
0.000000
0.000000
0.000000
0.552900
0.542100
0.000000
0.000000
0.538600
0.530300
0.540900
0.000000
0.000000
0.000000
0.000000
0.000000
0.000000
0.540600
0.000000
0.528800
0.000000
0.539800
0.000000
0.000000
0.000000
0.000000
0.000000
0.000000
0.000000
0.000000
0.000000
0.000000
0.531400
0.508100
0.557700
0.568500
0.000000
0.549300
0.000000
0.540000
0.000000
0.000000
0.000000
0.000000
0.000000
0.000000
0.000000
0.555700
0.031400
0.000000
0.508100
0.000000
0.000000
0.000000
0.536100
0.000000
0.000000
0.507400
0.533000
0.000000
0.535800
0.546000
0.506600
0.000000
0.537600
0.000000
0.000000
0.000000
0.000000
0.000000
0.000000
0.000000
0.551500
0.000000
0.000000
0.000000
0.508100
0.509800
0.000000
0.000000
0.000000
0.000000
0.000000
0.000000
1.198200
0.000000
0.000000
0.544800
0.000000
0.000000
0.000000
0.545600
0.000000
0.000000
0.564700
0.000000
0.542700
0.511100
0.537900
0.525600
0.507000
0.000000
0.000000
0.511300
0.000000
0.533900
0.530300
0.507000
0.000000
0.524300
0.000000
0.538900
0.000000
0.000000
0.538700
0.537200
0.546300
0.000000
0.044100
0.000000
0.000000
0.571300
0.000000
0.510300
0.000000
0.528500
0.509700
0.000000
0.000000
0.000000
0.507300
0.000000
0.000000
0.547100
0.000000
0.000000
0.541400
0.531500
0.000000
0.537600
0.000000
0.000000
0.522700
0.000000
0.539200
0.535600
0.506900
0.544200
0.533600
0.534900
0.000000
0.000000
0.000000
0.527500
0.000000
0.510300
0.000000
0.000000
0.541200
0.000000
0.530300
0.000000
7.173500
0.530000
0.000000
0.000000
0.000000
0.508400
0.561500
0.544500
0.507000
0.000000
0.000000
0.000000
0.000000
0.000000
0.000000
0.535000
0.000000
0.000000
0.535800
0.527100
0.000000
0.000000
0.000000
0.551400
0.000000
0.019900
0.000000
0.533900
0.000000
0.000000
0.000000
0.544400
0.037200
0.000000
0.000000
0.530600
0.549200
0.000000
0.000000
0.000000
0.545400
0.547000
0.563600
0.000000
0.550300
0.540100
0.539000
0.000000
0.000000
1.092600
0.000000
0.000000
0.527600
0.545800
0.000000
0.000000
0.530700
0.539600
0.527100
0.538200
0.000000
0.000000
0.000000
0.537500
0.540400
0.531600
0.529800
0.553400
0.000000
0.539800
0.000000
0.540100
0.000000
0.000000
0.000000
0.530500
0.539100
0.000000
0.000000
0.000000
0.000000
0.506800
0.000000
0.556700
0.529400
0.509700
0.536400
0.000000
0.545800
0.000000
0.000000
0.548400
0.507100
0.000000
0.000000
0.000000
0.000000
0.000000
0.000000
0.000000
0.536200
0.559300
0.000000
0.000000
0.552800
0.000000
0.542700
0.537100
0.000000
0.000000
0.000000
0.558000
0.601100
0.527300
0.000000
0.559500
0.000000
0.000000
0.537900
0.000000
0.540500
0.000000
0.040500
0.000000
0.000000
0.022500
0.026400
0.000000
0.506900
0.524600
0.540600
0.000000
0.533700
0.000000
0.000000
0.000000
0.000000
0.000000
0.000000
0.540100
0.532800
0.000000
0.000000
0.509500
0.000000
0.000000
0.000000
0.598500
0.543900
0.543800
17.772500
6.903900
0.035900
0.533500
0.530600
0.506400
0.509600
0.550700
0.000000
0.532800
0.000000
0.000000
0.509600
0.537600
0.544500
0.541600
0.536700
0.000000
0.000000
0.000000
0.507600
0.535100
0.539800
0.043700
0.000000
0.000000
0.552100
0.000000
0.000000
0.000000
0.000000
0.529400
0.000000
0.525400
0.538100
0.554400
0.536900
0.000000
0.000000
0.550000
0.000000
0.000000
0.000000
0.533800
0.521200
0.539500
0.533400
0.540700
0.000000
0.549300
0.536700
0.694500
0.000000
0.000000
0.517300
0.000000
0.000000
0.000000
0.000000
0.029000
13.786200
22.106700
0.557800
0.000000
0.528300
0.552900
0.529300
0.000000
0.000000
0.000000
0.000000
0.000000
0.000000
0.000000
0.527800
0.000000
0.000000
0.507000
0.000000
0.000000
0.538100
0.000000
0.000000
0.000000
0.000000
0.540100
0.000000
0.000000
0.000000
0.522700
0.000000
0.000000
0.544000
0.000000
0.000000
0.531700
0.507100
0.000000
0.000000
0.508800
0.000000
0.000000
0.540300
0.000000
0.511600
0.000000
0.000000
0.035500
0.000000
0.508400
0.000000
0.000000
0.000000
0.000000
0.535300
0.526800
0.000000
0.555300
0.000000
0.000000
0.000000
0.000000
0.000000
0.535700
0.533700
0.000000
0.000000
0.000000
0.000000
0.541700
0.540400
0.157800
0.000000
0.509900
0.546200
0.528200
0.000000
0.000000
0.545900
0.000000
0.000000
0.000000
0.000000
0.021600
0.547200
0.036900
0.000000
0.000000
0.510400
0.000000
0.000000
0.511000
0.000000
0.555800
0.000000
0.025100
0.000000
0.508800
0.524600
0.530900
0.543200
0.507200
0.000000
0.024700
0.000000
0.510300
0.555400
0.000000
0.000000
0.000000
0.000000
0.544100
0.000000
0.550500
0.542400
0.000000
0.000000
0.000000
0.000000
0.000000
0.000000
0.000000
0.595300
0.000000
0.000000
0.522300
0.000000
0.000000
0.000000
0.000000
0.000000
0.557700
0.552300
0.000000
0.549700
0.000000
0.000000
0.542700
0.540700
0.042600
0.551600
0.000000
0.536300
0.536400
0.025500
0.530000
0.000000
0.000000
0.000000
0.000000
0.000000
0.507600
0.592600
0.000000
0.000000
0.000000
0.000000
0.000000
0.000000
0.000000
0.531100
0.000000
0.000000
0.000000
0.527200
0.544700
0.000000
0.000000
0.000000
0.000000
0.000000
0.000000
0.000000
0.000000
0.000000
0.026100
0.508200
0.000000
0.000000
0.528200
0.520500
0.570700
0.000000
0.000000
0.536700
0.000000
0.000000
0.507200
0.000000
0.000000
0.000000
0.524900
0.573000
0.000000
0.000000
0.000000
0.000000
0.000000
0.534700
0.553800
0.000000
0.508800
0.000000
0.539300
0.000000
0.000000
0.000000
0.000000
0.507900
0.000000
0.000000
0.000000
0.000000
0.000000
0.000000
0.000000
0.000000
0.000000
0.000000
0.000000
0.000000
0.593200
0.000000
0.000000
0.000000
0.536000
0.528300
0.000000
0.000000
0.508800
0.536000
0.533100
0.528300
0.000000
0.538000
0.000000
0.000000
0.526900
0.000000
0.531200
0.000000
0.000000
0.000000
0.544700
0.032700
0.532300
0.000000
0.531200
0.000000
0.000000
0.000000
0.000000
0.507900
0.000000
0.000000
0.542200
0.000000
0.543200
0.535900
0.000000
0.000000
0.000000
0.507600
0.537000
0.000000
0.000000
0.000000
0.524500
0.000000
0.000000
0.000000
0.000000
0.000000
0.000000
0.000000
0.537800
0.000000
0.000000
0.000000
0.000000
0.000000
0.000000
0.000000
0.000000
0.000000
0.000000
0.000000
0.000000
0.530200
0.000000
0.000000
0.000000
0.000000
0.511000
0.564200
0.000000
0.018800
0.511300
0.000000
0.543600
0.000000
0.000000
0.000000
0.509700
0.000000
0.548300
0.000000
0.000000
0.000000
0.000000
0.000000
0.000000
0.000000
0.000000
0.000000
0.588600
0.000000
0.000000
0.000000
0.000000
0.533000
0.531000
0.533400
0.530600
0.000000
0.535500
0.000000
0.000000
0.000000
0.000000
0.000000
0.532300
0.000000
0.000000
0.000000
0.000000
0.000000
0.000000
0.000000
0.537300
0.000000
0.000000
0.000000
0.000000
0.000000
0.000000
0.000000
0.000000
0.000000
0.000000
0.542400
0.508500
0.590100
0.000000
0.000000
0.536400
0.506300
0.000000
0.544300
0.000000
0.000000
0.000000
0.024400
0.000000
0.000000
0.508700
0.508000
0.523600
0.000000
0.000000
0.537800
0.000000
0.508100
0.536300
0.000000
0.000000
0.000000
0.000000
0.000000
0.000000
0.000000
0.000000
0.000000
0.000000
0.000000
0.508800
0.000000
0.000000
0.000000
0.000000
0.000000
0.507800
0.522600
0.000000
0.000000
0.000000
0.000000
0.510300
0.000000
0.614800
0.000000
0.000000
0.551000
0.000000
0.000000
0.000000
0.000000
0.000000
0.542000
0.000000
0.536200
0.000000
0.000000
0.000000
0.000000
0.538500
0.000000
0.000000
0.000000
0.000000
0.528100
0.535900
0.538500
0.000000
0.520900
0.000000
0.509400
0.542300
0.535300
0.029800
0.000000
0.000000
0.000000
0.000000
0.000000
0.000000
0.000000
0.530600
0.000000
0.000000
0.535700
0.000000
0.000000
0.000000
0.000000
0.536100
0.000000
0.000000
0.000000
0.000000
0.000000
0.000000
0.000000
0.000000
0.000000
0.000000
0.508900
0.000000
0.537200
0.000000
0.000000
0.000000
0.545200
0.000000
0.000000
0.000000
0.535800
0.000000
0.000000
0.535600
0.000000
0.576300
0.000000
0.526900
0.000000
0.000000
0.000000
0.000000
0.531700
0.000000
0.000000
0.000000
0.000000
0.000000
0.000000
0.509600
0.533900
0.000000
0.000000
0.538200
0.000000
0.525000
0.000000
0.000000
0.000000
0.000000
0.000000
0.000000
0.531700
0.000000
0.532800
0.000000
0.000000
0.000000
0.000000
0.000000
0.000000
0.000000
0.000000
0.525500
0.000000
0.533300
0.000000
0.000000
0.025500
0.000000
0.000000
0.000000
0.000000
0.000000
0.544200
0.000000
0.000000
0.000000
0.000000
0.000000
0.000000
0.000000
0.000000
0.000000
0.541800
0.538800
0.000000
0.540300
0.000000
0.000000
0.000000
0.526500
0.534600
0.000000
0.000000
0.000000
0.507700
0.000000
0.000000
0.520700
0.000000
0.525700
0.000000
0.527100
0.000000
0.537200
0.000000
0.000000
0.000000
0.000000
0.000000
0.000000
0.000000
0.583800
0.000000
0.000000
0.000000
0.000000
0.000000
0.000000
0.000000
0.000000
0.000000
0.000000
0.508100
0.539700
0.162100
0.000000
0.000000
0.000000
0.545900
0.550300
0.000000
0.000000
0.000000
0.000000
0.000000
0.000000
0.000000
0.000000
0.000000
0.000000
0.000000
0.545000
0.546100
0.000000
0.000000
0.527100
0.000000
0.000000
0.589500
0.000000
0.000000
0.000000
0.000000
0.000000
0.000000
0.506900
0.000000
0.000000
0.000000
0.000000
0.000000
0.000000
0.000000
0.000000
0.531300
0.538100
0.000000
0.000000
0.000000
0.528500
0.000000
0.000000
0.534200
0.000000
0.000000
0.538700
0.000000
0.534800
0.000000
0.000000
0.000000
0.000000
0.000000
0.000000
0.000000
0.000000
0.000000
0.000000
0.000000
0.000000
0.527900
0.000000
0.510400
0.000000
0.526000
0.000000
0.000000
0.000000
0.000000
0.523600
0.523900
0.570800
0.528800
0.000000
0.000000
0.000000
0.000000
0.000000
0.000000
0.000000
0.575700
0.000000
0.000000
0.526500
0.530400
0.508200
0.525500
0.000000
0.000000
0.525200
0.000000
0.000000
0.549300
0.507600
0.539400
0.000000
0.531700
0.000000
0.507700
0.538000
0.000000
0.000000
0.000000
0.508700
0.030100
0.541500
0.000000
0.542000
0.000000
0.000000
0.000000
0.000000
0.000000
0.000000
0.000000
0.000000
0.000000
0.000000
0.000000
0.533400
0.000000
0.000000
0.000000
0.534600
0.560000
0.527600
0.000000
0.535800
0.000000
0.000000
0.000000
0.000000
0.548100
0.000000
0.536000
0.000000
0.000000
0.000000
0.526800
0.000000
0.000000
0.000000
0.000000
0.000000
0.528400
0.000000
0.000000
0.000000
0.507600
0.000000
0.536800
0.533300
0.000000
0.531200
0.000000
0.021100
0.000000
0.000000
0.000000
0.000000
0.000000
0.576600
0.000000
0.000000
0.535300
0.000000
0.000000
0.531600
0.000000
0.000000
0.000000
0.000000
0.000000
0.535700
0.529300
0.000000
0.000000
0.000000
0.000000
0.508200
0.537200
0.509200
0.000000
0.000000
0.000000
0.507400
0.000000
0.000000
0.000000
0.000000
0.534000
0.000000
0.000000
0.000000
0.000000
0.543800
0.543500
0.542700
0.000000
0.000000
0.000000
0.000000
0.000000
0.000000
0.000000
0.000000
0.532900
0.000000
0.000000
0.000000
0.000000
0.000000
0.523500
0.000000
0.000000
0.000000
0.000000
0.542500
0.000000
0.000000
0.031700
0.316400
0.000000
0.000000
0.000000
0.000000
0.000000
0.000000
0.000000
0.530400
0.030500
0.000000
0.542800
0.000000
0.000000
0.026600
0.548500
0.000000
0.000000
0.000000
0.000000
0.000000
0.000000
0.000000
0.000000
0.538800
0.000000
0.000000
0.000000
0.000000
0.000000
0.000000
0.536700
0.000000
0.000000
0.532300
0.542500
0.545400
0.000000
0.000000
0.000000
0.520800
0.540900
0.000000
0.000000
0.000000
0.507500
0.000000
0.522100
0.000000
0.000000
0.000000
0.507700
0.545100
0.535500
0.000000
0.000000
0.000000
0.000000
0.000000
0.000000
0.522400
0.529000
0.540200
0.000000
0.000000
0.000000
0.000000
0.508000
0.000000
0.000000
0.000000
0.000000
0.534600
0.535400
0.520900
0.000000
0.508800
0.540800
0.000000
0.526600
0.530000
0.545900
0.000000
0.537100
0.000000
0.000000
0.000000
0.538800
0.000000
0.000000
0.541300
0.545400
0.000000
0.534100
0.000000
0.000000
0.530700
0.532400
0.000000
0.534100
0.000000
0.000000
0.000000
0.000000
0.509800
0.000000
0.000000
0.000000
0.000000
0.000000
0.000000
0.000000
0.000000
0.526500
0.000000
0.535900
0.510000
0.000000
0.507600
0.540700
0.531000
0.552300
0.532300
0.000000
0.000000
0.000000
0.000000
0.000000
0.529700
0.000000
0.537400
0.000000
0.000000
0.508600
0.000000
0.527900
0.000000
0.000000
0.000000
0.000000
0.532300
0.000000
0.000000
0.513200
0.000000
0.000000
0.000000
0.535900
0.000000
0.000000
0.000000
0.000000
0.507900
0.000000
0.000000
0.000000
0.000000
0.533500
0.000000
0.000000
0.531900
0.000000
0.000000
0.000000
0.000000
0.527800
0.000000
0.000000
0.000000
0.000000
0.000000
0.000000
0.000000
0.533700
0.538800
0.531300
0.000000
0.000000
0.000000
0.000000
0.542200
0.000000
0.000000
0.000000
0.529200
0.000000
0.000000
0.000000
0.000000
0.000000
0.556700
0.509300
0.000000
0.000000
0.000000
0.000000
0.529200
0.527600
0.550100
0.528900
0.530900
0.542400
0.000000
0.000000
0.000000
0.533000
0.555700
0.000000
0.523300
0.000000
0.000000
0.000000
0.000000
0.000000
0.000000
0.000000
0.535500
0.529900
0.545400
0.530000
0.000000
0.000000
0.524200
0.546600
0.000000
0.000000
0.509200
0.543700
0.000000
0.531900
0.000000
0.000000
0.000000
0.000000
0.000000
0.540300
0.000000
0.000000
0.000000
0.000000
0.000000
0.541300
0.000000
0.531500
0.000000
0.532500
0.506800
0.000000
0.000000
0.526800
0.000000
0.000000
0.000000
0.000000
0.508400
0.000000
0.000000
0.000000
0.537200
0.000000
0.000000
0.000000
0.531800
0.000000
0.000000
0.000000
0.544200
0.000000
0.540900
0.524800
0.532700
0.000000
0.000000
0.000000
0.000000
0.537700
0.000000
0.000000
0.000000
0.000000
0.000000
0.000000
0.000000
0.542700
0.000000
0.523600
0.000000
0.536800
0.000000
0.000000
0.000000
0.553700
0.000000
0.000000
0.000000
0.521600
0.000000
0.000000
0.000000
0.526900
0.000000
0.000000
0.028200
0.000000
0.000000
0.000000
0.000000
0.542000
0.000000
0.025400
0.511300
0.000000
0.000000
0.000000
0.000000
0.000000
0.000000
0.574700
0.000000
0.535000
0.507200
0.000000
0.000000
0.000000
0.000000
0.510500
0.000000
0.507300
0.000000
0.000000
0.000000
0.000000
0.000000
0.000000
0.000000
0.000000
0.539800
0.000000
0.000000
0.000000
0.000000
0.000000
0.000000
0.000000
0.000000
0.536700
0.000000
0.538100
0.000000
0.000000
0.000000
0.000000
0.000000
0.000000
0.000000
0.000000
0.000000
0.000000
0.000000
0.000000
0.528400
0.000000
0.000000
0.000000
0.000000
0.541700
0.000000
0.533700
0.000000
0.000000
0.000000
0.000000
0.533800
0.000000
0.000000
0.000000
0.000000
0.000000
0.000000
0.000000
0.000000
0.000000
0.000000
0.000000
0.000000
0.000000
0.000000
0.000000
0.541000
0.000000
0.000000
0.000000
0.000000
0.000000
0.000000
0.538600
0.000000
0.000000
0.000000
0.000000
0.528200
0.000000
0.535500
0.000000
0.000000
0.507900
0.000000
0.000000
0.026900
0.530400
0.000000
0.000000
0.000000
0.000000
0.000000
0.000000
0.000000
0.000000
0.000000
0.512200
0.023300
0.000000
0.000000
0.590100
0.000000
0.552000
0.520900
0.000000
0.526100
0.508800
0.000000
0.000000
0.543900
0.000000
0.000000
0.000000
0.000000
0.000000
0.000000
0.529100
0.000000
0.000000
0.000000
0.533600
0.000000
0.000000
0.536700
0.000000
0.000000
0.000000
0.000000
0.000000
0.506800
0.000000
0.000000
0.000000
0.539200
0.000000
0.000000
0.000000
0.000000
0.000000
0.000000
0.536200
0.000000
0.552600
0.000000
0.546000
0.000000
0.000000
0.000000
0.539400
0.538800
0.529500
0.533100
0.000000
0.000000
0.533800
0.000000
0.000000
0.000000
0.000000
0.034600
0.000000
0.000000
0.000000
0.000000
0.534700
0.596900
0.022400
0.540200
0.545800
0.507300
0.000000
0.000000
0.000000
0.537500
0.562100
0.000000
0.000000
0.000000
0.000000
0.000000
0.000000
0.000000
0.534000
0.000000
0.000000
0.000000
0.000000
0.000000
0.000000
0.000000
0.521900
0.000000
0.000000
0.000000
0.000000
0.000000
0.545800
0.532200
0.533400
0.522300
0.000000
0.534200
0.000000
1.070000
0.000000
0.000000
0.541200
0.000000
0.000000
0.000000
0.000000
0.000000
0.000000
0.000000
0.000000
0.000000
0.000000
0.000000
0.000000
0.540600
0.000000
0.537100
0.000000
0.000000
0.000000
0.000000
0.000000
0.000000
0.522400
0.551800
0.000000
0.000000
0.000000
0.000000
0.000000
0.000000
0.000000
0.526700
0.534600
0.535100
0.000000
0.000000
0.532500
0.509800
0.535700
0.000000
0.000000
0.000000
0.000000
0.506900
0.000000
0.533400
0.000000
0.000000
0.534800
0.000000
0.000000
0.000000
0.000000
0.534000
0.000000
0.539400
0.000000
0.000000
0.000000
0.544400
0.000000
0.000000
0.000000
0.000000
0.000000
0.000000
0.533300
0.000000
0.000000
0.000000
0.000000
0.000000
0.000000
0.529600
0.539700
0.506800
0.000000
0.000000
0.000000
0.535700
0.000000
0.000000
0.535100
0.537200
0.000000
0.530700
0.000000
0.525300
0.000000
0.530900
0.000000
0.000000
0.000000
0.549100
0.506500
0.000000
0.000000
0.029600
0.678300
0.000000
0.000000
0.000000
0.015200
0.000000
0.000000
0.000000
0.000000
0.000000
0.000000
0.000000
0.028000
0.000000
0.000000
0.543400
0.000000
0.000000
0.000000
0.536200
0.507400
0.536700
0.545400
0.000000
0.530500
0.535100
0.540500
0.000000
0.529400
0.000000
0.000000
0.532200
0.000000
0.523200
0.000000
0.000000
0.000000
0.000000
0.000000
0.000000
0.000000
0.000000
0.000000
0.542400
0.000000
0.000000
0.027800
0.000000
0.000000
0.000000
0.000000
0.574100
0.000000
0.528700
0.000000
0.000000
0.000000
0.000000
0.000000
0.000000
0.000000
0.000000
0.000000
0.506600
0.000000
0.000000
0.540100
0.000000
0.542300
0.000000
0.000000
0.540600
0.000000
0.000000
0.000000
0.000000
0.000000
0.509100
0.000000
0.000000
0.000000
0.000000
0.000000
0.000000
0.544400
0.509500
0.000000
0.000000
0.522000
0.000000
0.000000
0.000000
0.000000
0.000000
0.536600
0.000000
0.000000
0.000000
0.000000
0.000000
0.000000
0.530400
0.000000
0.000000
0.000000
0.509600
0.000000
0.000000
0.000000
0.000000
0.545700
0.000000
0.000000
0.000000
0.554600
0.000000
0.000000
0.000000
0.000000
0.000000
0.000000
0.000000
0.000000
0.000000
0.000000
0.543000
0.000000
0.000000
0.553100
0.000000
0.000000
0.000000
0.000000
0.530500
0.000000
0.000000
0.000000
0.000000
0.523900
0.000000
0.000000
0.000000
0.532600
0.036600
0.526700
0.000000
0.538400
0.540700
0.541600
0.030600
0.000000
0.000000
0.000000
0.586400
0.000000
0.000000
0.000000
0.000000
0.000000
0.000000
0.541500
0.577000
0.000000
0.000000
0.000000
0.000000
0.000000
0.000000
0.000000
0.000000
0.529700
0.000000
0.541500
0.000000
0.000000
0.545000
0.000000
0.000000
0.025600
0.000000
0.519600
0.529000
0.000000
0.531600
0.000000
0.000000
0.000000
0.000000
0.530700
0.000000
0.000000
0.000000
0.000000
0.000000
0.529100
0.541700
0.000000
0.000000
0.000000
0.000000
0.000000
0.000000
0.000000
0.000000
0.507100
0.000000
0.509900
0.000000
0.000000
0.000000
0.000000
0.000000
0.528200
0.537400
0.000000
0.616700
0.548400
0.509900
0.000000
0.000000
0.000000
0.000000
0.000000
0.560900
0.533000
0.000000
0.000000
0.537200
0.000000
0.000000
0.540600
0.000000
0.000000
0.000000
0.000000
0.000000
0.000000
0.000000
0.000000
0.000000
0.535900
0.532000
0.535800
0.000000
0.000000
0.508100
0.511200
0.000000
0.000000
0.000000
0.000000
0.530000
0.000000
0.000000
0.508100
0.000000
0.534700
0.508900
0.000000
0.000000
0.000000
0.000000
0.000000
0.000000
0.000000
0.000000
0.523300
0.000000
0.000000
0.000000
0.540200
0.530400
0.000000
0.533300
0.000000
0.000000
0.000000
0.000000
0.000000
0.000000
0.541800
0.000000
0.000000
0.000000
0.000000
0.531400
0.535900
0.000000
0.546400
0.000000
0.000000
0.000000
0.542200
0.000000
0.000000
0.530100
0.000000
0.000000
0.000000
0.544700
0.000000
0.000000
0.000000
0.000000
0.000000
0.000000
0.000000
0.000000
0.000000
0.510200
0.000000
0.547500
0.000000
0.000000
0.531600
0.000000
0.554200
0.535500
0.000000
0.000000
0.000000
0.000000
0.539000
0.000000
0.000000
0.000000
0.725700
0.000000
0.000000
0.000000
0.000000
0.542800
0.000000
0.000000
0.000000
0.000000
0.000000
0.000000
0.000000
0.000000
0.000000
0.534700
0.000000
0.000000
0.544200
0.000000
0.000000
0.000000
0.543400
0.000000
0.000000
0.029100
0.538000
0.548800
0.000000
0.535300
0.535300
0.000000
0.000000
0.000000
0.526300
0.000000
0.000000
0.508900
0.000000
0.510600
0.000000
0.000000
0.511700
0.000000
0.000000
0.000000
0.543400
0.000000
0.000000
0.000000
0.000000
0.528300
0.536400
0.506100
0.000000
0.519400
0.000000
0.000000
0.537300
0.000000
0.526500
0.507200
0.000000
0.533600
0.541500
0.530800
0.541100
0.000000
0.000000
0.542300
0.506700
0.000000
0.544700
0.508600
0.534400
0.000000
0.000000
0.000000
0.000000
0.533600
0.525400
0.530600
0.554100
0.000000
0.000000
0.000000
0.000000
0.000000
0.000000
0.000000
0.000000
0.000000
0.538700
0.000000
0.000000
0.536900
0.000000
0.000000
0.534900
0.000000
0.538500
0.000000
0.000000
0.000000
0.000000
0.000000
0.000000
0.000000
0.523600
0.531800
0.000000
0.000000
0.000000
0.000000
0.000000
0.000000
0.000000
0.000000
0.000000
0.000000
0.000000
0.000000
0.000000
0.000000
0.508200
0.531300
0.000000
0.000000
0.000000
0.000000
0.000000
0.000000
0.000000
0.000000
0.000000
0.000000
0.000000
0.000000
0.000000
0.000000
0.000000
0.000000
0.000000
0.000000
0.000000
0.508800
0.000000
0.000000
0.000000
0.541000
0.000000
0.000000
0.507500
0.000000
0.000000
0.552500
0.000000
0.533900
0.539900
0.000000
0.532300
0.000000
0.532200
0.541000
0.000000
0.000000
0.509500
0.000000
0.000000
0.000000
0.000000
0.000000
0.539500
0.000000
0.000000
0.000000
0.529400
0.000000
0.000000
0.000000
0.000000
0.539500
0.000000
0.000000
0.000000
0.524800
0.000000
0.000000
0.000000
0.536100
0.534300
0.543200
0.000000
0.000000
0.509500
0.507200
0.538700
0.553600
0.548500
0.535200
0.000000
0.000000
0.507400
0.000000
0.000000
0.056700
0.000000
0.000000
0.000000
0.546600
0.000000
0.000000
0.000000
0.529400
0.544700
0.000000
0.542600
0.530600
0.507300
0.000000
0.533000
0.000000
0.000000
0.000000
0.000000
0.000000
0.525500
0.000000
0.000000
0.528300
0.000000
0.000000
0.534200
0.000000
0.000000
0.000000
0.000000
0.506000
0.537000
0.000000
0.000000
0.000000
0.000000
0.000000
0.000000
0.000000
0.000000
0.000000
0.000000
0.000000
0.000000
0.545900
0.520800
0.000000
0.000000
0.000000
0.000000
0.532400
0.000000
0.543500
0.534400
0.000000
0.000000
0.064600
0.000000
0.000000
0.000000
0.507600
0.507300
0.525500
0.000000
0.000000
0.533900
0.000000
0.000000
0.000000
0.000000
0.525300
0.573300
0.000000
0.000000
0.000000
0.000000
0.000000
0.000000
0.510600
0.000000
0.000000
0.525100
0.000000
0.507500
0.000000
0.508200
0.000000
0.000000
0.000000
0.000000
0.000000
0.000000
0.000000
0.000000
0.000000
0.000000
0.583500
0.000000
0.506900
0.000000
0.000000
0.000000
6.689800
0.000000
0.000000
0.545600
0.000000
0.544100
0.508600
0.519100
0.000000
0.525700
0.000000
0.000000
0.527300
0.550900
0.000000
0.000000
0.000000
0.000000
0.000000
0.529100
0.537800
0.000000
0.000000
0.544700
0.540800
0.537900
0.000000
0.536900
0.543900
0.508000
0.000000
0.000000
0.000000
0.530300
0.539000
0.000000
0.533700
0.000000
0.000000
0.000000
0.000000
0.000000
0.000000
0.000000
0.000000
0.000000
0.000000
0.000000
0.000000
0.000000
0.511400
0.540300
0.000000
0.000000
0.525500
0.508200
0.000000
0.000000
0.000000
0.000000
0.000000
0.527500
0.524300
0.000000
0.000000
0.000000
0.507700
0.000000
0.000000
0.000000
0.000000
0.000000
0.000000
0.000000
0.527000
0.000000
0.533500
0.000000
0.536200
0.000000
0.000000
0.000000
0.535200
0.000000
0.541200
0.000000
0.000000
0.000000
0.526800
0.000000
0.000000
0.000000
0.000000
0.000000
0.000000
0.525900
0.000000
0.000000
0.000000
0.000000
0.000000
0.527200
0.000000
0.000000
0.000000
0.000000
0.528400
0.000000
0.000000
0.507000
0.000000
0.000000
0.540100
0.507800
0.532600
0.063600
0.000000
0.000000
0.000000
0.000000
0.000000
0.000000
0.000000
0.000000
0.000000
0.000000
0.000000
0.000000
0.000000
0.000000
0.541700
0.534800
0.000000
0.000000
0.000000
0.509400
0.551600
0.000000
0.000000
0.000000
0.000000
0.000000
0.551700
0.000000
0.000000
0.000000
0.000000
0.525700
0.532000
0.000000
0.000000
0.000000
0.000000
0.533200
0.000000
0.000000
0.525000
0.000000
0.000000
0.000000
0.532900
0.540000
0.000000
0.521700
0.000000
0.000000
0.000000
0.000000
0.000000
0.000000
0.000000
0.000000
0.000000
0.000000
0.000000
0.000000
0.000000
0.000000
0.507000
0.000000
0.000000
0.533900
0.032000
0.000000
0.000000
0.508800
0.000000
0.000000
0.000000
0.000000
0.539200
0.545100
0.000000
0.522300
0.000000
0.000000
0.000000
0.000000
0.529400
0.534600
0.000000
0.000000
0.507800
0.539500
0.508500
0.535000
0.530300
0.528300
0.031300
0.542900
0.000000
0.000000
0.000000
0.000000
0.528700
0.000000
0.000000
0.536300
0.000000
0.000000
0.542200
0.539500
0.540900
0.000000
0.000000
0.000000
0.538200
0.000000
0.000000
0.000000
0.544100
0.000000
0.540200
0.507300
0.000000
0.527700
0.000000
0.527200
0.000000
0.000000
0.000000
0.000000
0.000000
0.000000
0.000000
0.000000
0.000000
0.000000
0.535000
0.000000
0.000000
0.526300
0.540000
0.000000
0.000000
0.000000
0.000000
0.000000
0.000000
0.507800
0.000000
0.508200
0.506800
0.546000
0.000000
0.537100
0.000000
0.538500
0.000000
0.000000
0.507500
0.000000
0.000000
0.000000
0.000000
0.000000
0.507200
0.000000
0.000000
0.000000
0.525600
0.000000
0.000000
0.000000
0.539500
0.000000
0.000000
0.000000
0.024200
0.532300
0.533700
0.536100
0.510200
0.000000
0.000000
0.000000
0.000000
0.000000
0.000000
0.000000
0.000000
0.000000
0.538000
0.000000
0.000000
0.000000
0.000000
0.000000
0.000000
0.539700
0.555100
0.000000
0.531400
0.542300
0.000000
0.000000
0.000000
0.000000
0.542900
0.000000
0.533300
0.000000
0.000000
0.000000
0.000000
0.524400
0.000000
0.557000
0.000000
0.000000
0.534200
0.547800
0.532500
0.000000
0.000000
0.000000
0.000000
0.000000
0.000000
0.000000
0.000000
0.533800
0.535900
0.000000
0.510200
0.000000
24.572900
0.000000
0.534300
0.537800
0.542400
0.549200
0.000000
0.000000
0.000000
0.507300
0.000000
0.000000
0.000000
0.000000
0.000000
0.000000
0.000000
0.000000
0.000000
0.535800
0.000000
0.000000
0.000000
0.000000
0.000000
0.000000
0.000000
0.000000
0.506700
0.535600
0.000000
0.530600
0.000000
0.000000
0.534600
0.000000
0.529200
0.000000
0.000000
0.000000
0.000000
0.533400
0.000000
0.507700
0.526300
0.000000
0.000000
0.000000
0.000000
0.529600
0.553800
0.000000
0.000000
0.000000
0.000000
0.548000
0.000000
0.000000
0.015800
0.000000
0.000000
0.000000
0.541200
0.533400
0.000000
0.000000
0.000000
0.539200
0.541000
0.000000
0.015200
0.000000
0.000000
0.509100
0.532900
0.329100
0.000000
0.000000
0.000000
0.000000
0.000000
0.000000
0.000000
0.000000
0.027900
0.000000
0.000000
0.000000
0.000000
0.000000
0.000000
0.000000
0.000000
0.000000
0.000000
0.000000
0.000000
0.000000
0.000000
0.000000
0.000000
0.546900
0.524500
0.545100
0.000000
0.507200
0.000000
0.000000
0.530700
0.538000
0.533000
0.541400
0.000000
0.534900
0.000000
0.540300
0.000000
0.538800
0.000000
0.546700
0.533800
0.000000
0.000000
0.540900
0.000000
0.529200
0.532200
0.538400
0.000000
0.000000
0.000000
0.000000
0.000000
0.000000
0.000000
0.000000
0.000000
0.000000
0.000000
0.537700
0.000000
0.000000
0.536900
0.000000
0.000000
0.000000
0.000000
0.988700
0.000000
0.000000
0.000000
0.000000
0.000000
0.000000
0.521000
0.000000
0.000000
0.000000
0.535400
0.000000
0.537800
0.000000
0.000000
0.000000
0.000000
0.000000
0.537300
0.000000
0.538500
0.000000
0.591900
0.000000
0.000000
0.000000
0.535700
0.000000
0.000000
0.000000
0.000000
0.510900
0.537700
0.000000
0.000000
0.000000
0.000000
0.535800
0.526400
0.000000
0.000000
0.000000
0.000000
0.000000
0.000000
0.000000
0.000000
0.533800
0.000000
0.000000
0.000000
0.539200
0.532800
0.525500
0.524500
0.000000
0.000000
0.000000
0.000000
0.520200
0.507600
0.000000
0.000000
0.538100
0.000000
0.000000
0.000000
0.000000
0.000000
0.000000
0.000000
0.510700
0.000000
0.000000
0.000000
0.000000
0.540100
0.533400
0.512900
0.000000
0.000000
1.074000
0.000000
0.000000
0.000000
0.000000
0.069900
0.545100
0.000000
0.535000
0.030300
0.508500
0.537300
0.000000
0.540800
0.000000
0.000000
0.536000
0.000000
0.000000
0.000000
0.000000
0.000000
0.000000
0.000000
0.000000
0.539900
0.000000
0.000000
0.532700
0.000000
0.000000
0.532300
0.527900
0.000000
0.000000
0.530700
0.532500
0.000000
0.000000
0.000000
0.000000
0.000000
0.000000
0.000000
0.544100
0.509400
0.000000
0.000000
0.000000
0.534100
0.000000
0.000000
0.541200
0.000000
0.507700
0.537300
0.000000
0.000000
0.000000
0.538300
0.000000
0.000000
0.539500
0.000000
0.000000
0.000000
0.000000
0.000000
0.000000
0.000000
0.000000
0.538500
0.000000
0.536700
0.524700
0.000000
0.000000
0.000000
0.000000
0.000000
0.537400
0.556200
0.000000
0.000000
0.000000
0.000000
0.000000
0.000000
0.000000
0.000000
0.000000
0.000000
0.000000
0.000000
0.539100
0.525500
0.000000
0.000000
0.536600
0.521900
0.531300
0.000000
0.000000
0.000000
0.529400
0.534300
0.000000
0.000000
0.000000
0.533400
0.000000
0.000000
0.000000
0.538300
0.534900
0.000000
0.000000
0.000000
0.000000
0.000000
0.000000
0.000000
0.524000
0.536600
0.527900
0.000000
0.000000
0.000000
0.510100
0.000000
0.000000
0.527100
0.000000
0.532500
0.533700
0.000000
0.000000
0.000000
0.564000
0.000000
0.507300
0.000000
0.544200
0.026400
0.000000
0.000000
0.000000
0.000000
0.000000
0.000000
0.000000
0.508800
0.000000
0.000000
0.536400
0.000000
0.000000
0.000000
0.000000
0.000000
0.000000
0.000000
0.029000
0.000000
0.000000
0.000000
0.000000
0.533700
0.000000
0.510700
0.542400
0.000000
0.000000
0.000000
0.000000
0.000000
0.000000
0.000000
0.000000
0.000000
0.000000
0.527200
0.000000
0.546400
0.546400
0.506900
0.000000
0.000000
0.000000
0.560000
0.000000
0.000000
0.540100
0.508900
0.551800
1.132100
0.000000
0.568000
0.000000
0.534400
0.507400
0.000000
0.537300
0.000000
0.508700
0.000000
0.532000
0.519500
0.000000
0.000000
0.000000
0.000000
0.000000
0.550900
0.000000
0.530500
0.542100
0.000000
0.000000
0.000000
0.000000
0.548200
0.593900
0.557600
0.000000
0.539400
0.000000
0.000000
0.903800
0.000000
0.000000
0.508700
0.000000
0.000000
0.000000
0.000000
0.000000
0.000000
0.000000
0.000000
0.000000
0.531400
0.000000
0.000000
0.000000
0.000000
0.000000
0.000000
0.000000
0.000000
0.000000
0.000000
0.000000
0.000000
0.510700
0.534000
0.000000
0.000000
0.000000
1.032400
0.000000
0.000000
0.538700
0.556100
0.539500
0.509400
0.556300
0.000000
0.000000
0.559200
0.000000
0.000000
0.000000
0.000000
0.000000
0.000000
0.000000
0.547200
0.532600
0.000000
0.000000
0.535300
0.000000
0.000000
0.542100
0.000000
0.000000
0.000000
0.000000
0.594800
0.000000
0.000000
0.532100
0.000000
0.529400
0.000000
0.000000
0.507200
0.000000
0.000000
0.000000
0.000000
0.536400
0.000000
0.534200
0.000000
0.534100
0.000000
0.000000
0.000000
0.000000
0.000000
0.000000
0.540100
0.000000
0.522700
0.000000
0.000000
0.000000
0.567300
0.545600
0.000000
0.524900
0.000000
0.000000
0.000000
0.030000
0.536000
0.000000
0.526200
0.000000
0.544100
0.000000
0.000000
0.000000
0.000000
0.000000
0.535700
0.000000
0.000000
0.000000
0.000000
0.000000
0.000000
0.000000
0.000000
0.000000
0.000000
0.000000
0.000000
0.000000
0.000000
0.000000
0.508800
0.000000
0.000000
0.000000
0.000000
0.000000
0.546500
0.000000
0.000000
0.526000
0.522200
0.000000
0.530200
0.532700
0.000000
0.000000
0.550200
0.598700
0.509200
0.000000
0.000000
0.543100
0.000000
0.000000
0.000000
0.000000
0.520300
0.507500
0.541600
0.000000
0.000000
0.000000
0.000000
0.536100
0.530400
0.537200
0.510100
0.000000
0.000000
0.000000
0.000000
0.000000
0.508500
0.000000
0.000000
0.000000
0.507300
0.000000
0.000000
0.000000
0.000000
0.509800
0.000000
0.000000
0.540700
0.534900
0.000000
0.000000
0.000000
0.000000
0.000000
0.000000
0.000000
0.000000
0.000000
0.000000
0.000000
0.543500
0.000000
0.000000
0.541000
0.508500
0.000000
0.000000
0.000000
0.000000
0.559600
0.532700
0.540200
0.550000
0.545000
0.000000
0.000000
0.000000
0.530800
0.528100
0.000000
0.028400
0.528400
0.000000
0.541100
0.508400
0.533300
0.551000
0.565600
0.000000
0.000000
0.000000
0.513800
0.000000
0.000000
0.000000
0.000000
0.000000
0.000000
0.524300
0.000000
0.000000
0.000000
0.000000
0.000000
0.000000
0.000000
0.539500
0.000000
0.000000
0.539200
0.532900
0.536400
0.000000
0.000000
0.000000
0.000000
0.561700
0.000000
0.000000
0.535900
0.000000
0.544600
0.000000
0.000000
0.000000
0.000000
0.000000
0.000000
0.000000
0.533300
0.535000
0.760500
0.532500
0.549900
0.532200
0.540500
0.525500
0.543700
0.026300
0.532200
0.545100
0.000000
0.000000
0.000000
0.528500
0.000000
0.000000
0.539900
0.000000
0.036400
1.076500
0.534900
0.551900
0.546000
0.000000
0.534700
0.000000
0.000000
0.034400
0.000000
0.535000
0.000000
0.000000
0.000000
0.558800
0.000000
0.553300
0.000000
5.331000
0.531800
0.534600
0.000000
0.537900
0.000000
0.110500
0.000000
0.534000
0.000000
0.000000
0.000000
0.000000
0.000000
0.587700
0.528700
0.035900
0.000000
0.546200
0.546400
0.000000
0.000000
0.000000
0.000000
0.000000
0.000000
0.507900
1.001700
0.000000
0.547500
0.000000
0.000000
0.617400
0.000000
0.000000
0.000000
0.543400
10.643100
0.000000
0.000000
0.543500
0.000000
0.000000
0.000000
0.028700
1.131600
0.000000
0.000000
0.000000
0.000000
0.536700
0.532000
0.782500
0.549000
0.539400
0.656200
0.000000
0.000000
0.527300
0.000000
0.000000
0.000000
0.000000
0.000000
0.000000
0.541900
0.542500
0.539100
0.000000
0.506800
0.000000
0.000000
0.000000
0.000000
0.000000
0.543500
0.000000
0.000000
0.000000
1.002300
0.000000
0.541600
0.536500
0.000000
0.000000
0.557700
0.554700
0.000000
1.001000
0.553700
0.548800
0.559600
0.000000
0.546500
0.549100
0.551500
0.000000
0.583300
0.511800
0.038500
0.000000
0.000000
0.551000
0.560900
0.000000
0.000000
6.461900
0.000000
0.533500
0.541800
0.043100
0.578500
0.000000
0.000000
0.535000
0.000000
0.600500
0.550300
0.000000
0.528600
0.000000
0.000000
0.507800
0.547700
0.688300
0.000000
0.539100
0.000000
0.000000
0.507000
0.567000
0.000000
0.536100
0.000000
0.000000
0.535800
0.000000
0.000000
0.673500
0.535900
0.000000
0.520300
0.000000
0.000000
0.000000
0.000000
0.000000
0.000000
0.000000
0.550200
0.000000
0.545600
0.506900
0.555600
0.000000
0.000000
0.000000
0.532000
0.528600
0.535000
0.541500
1.149000
0.506900
0.000000
0.539000
0.000000
0.000000
0.000000
0.000000
0.000000
0.538400
1.000500
0.000000
0.546700
0.560800
0.523400
0.539000
0.000000
0.551700
0.000000
0.540500
0.000000
0.000000
0.000000
0.567600
0.543900
0.537500
0.542300
0.524100
0.000000
0.000000
0.540000
0.000000
0.000000
0.000000
0.000000
0.000000
0.538000
0.591000
0.000000
0.000000
0.542400
0.000000
0.000000
0.508100
0.000000
0.557600
0.000000
0.000000
0.000000
0.507700
0.000000
0.050100
0.000000
0.000000
0.535700
0.000000
0.028200
0.000000
0.000000
0.773500
0.000000
0.521700
0.530800
0.629000
0.538000
0.000000
0.000000
0.533300
0.000000
0.000000
0.528600
0.000000
0.000000
0.000000
0.559400
0.543900
0.000000
0.000000
0.537300
0.000000
0.000000
0.000000
0.000000
0.000000
0.000000
0.000000
0.026800
0.000000
0.000000
0.539600
0.507800
0.000000
0.000000
0.000000
0.000000
0.540900
0.000000
0.000000
0.544200
0.000000
0.541300
0.000000
0.000000
0.000000
0.531300
0.554900
0.000000
0.519700
0.000000
0.000000
0.000000
0.517000
0.000000
0.000000
0.000000
0.539800
0.000000
0.556800
0.000000
0.000000
0.536300
0.548300
0.000000
0.000000
0.000000
0.000000
0.684800
0.000000
0.000000
0.574500
0.000000
0.000000
0.000000
0.000000
0.000000
0.000000
0.000000
0.000000
0.000000
0.000000
0.000000
0.000000
1.075700
0.536100
0.000000
0.000000
0.527600
0.000000
0.000000
0.533300
0.000000
0.529400
0.000000
0.608300
0.000000
0.000000
0.000000
0.536200
0.000000
0.000000
0.545500
0.608400
0.000000
0.553400
0.000000
0.536800
0.000000
0.000000
0.000000
0.000000
0.551500
0.000000
0.000000
0.549600
0.559700
0.000000
0.000000
0.000000
0.542700
0.521300
0.000000
0.000000
0.000000
0.000000
0.000000
0.033000
0.531400
0.520900
0.000000
0.000000
0.000000
0.000000
0.528000
0.000000
0.531000
0.000000
0.000000
0.000000
0.000000
0.545200
0.000000
0.000000
0.523900
0.000000
0.507200
0.000000
0.000000
0.532300
1.101500
0.000000
0.000000
0.541400
0.520000
0.507500
0.543300
0.000000
0.538700
0.000000
0.546200
0.000000
0.000000
0.000000
0.523900
0.540700
0.000000
0.000000
0.000000
0.000000
0.533700
0.990700
0.539700
0.538800
0.000000
0.620900
0.000000
0.547200
0.000000
0.000000
0.534200
0.000000
0.539600
0.521600
0.521600
0.000000
0.000000
0.000000
0.000000
0.537800
0.507700
0.000000
0.538000
0.000000
0.000000
0.000000
0.000000
0.000000
0.000000
0.000000
0.510700
0.000000
0.000000
0.544400
0.000000
0.000000
0.542600
0.528700
0.000000
0.000000
0.000000
0.535900
0.000000
0.000000
0.000000
0.000000
0.024400
0.552100
0.000000
0.543200
0.545200
0.529800
0.000000
0.000000
0.524500
0.563300
0.533700
0.000000
0.000000
0.000000
0.542200
0.000000
0.537700
0.000000
0.000000
0.000000
0.000000
0.000000
0.000000
0.000000
0.507900
0.000000
0.000000
0.525900
0.000000
0.000000
9.003200
0.000000
0.000000
0.000000
0.000000
0.000000
0.543100
0.000000
0.561300
0.000000
0.000000
2.683100
0.000000
0.537200
0.533600
0.532600
0.000000
0.000000
0.000000
0.536200
0.000000
0.000000
0.000000
0.521000
0.000000
0.957600
0.000000
0.000000
0.000000
0.523100
0.624700
0.016600
0.000000
0.542700
1.069400
0.011500
0.000000
0.539200
0.000000
0.000000
0.524700
0.530900
0.000000
0.523300
0.527200
0.000000
0.000000
0.523500
0.000000
0.551400
0.532200
0.013800
0.000000
0.000000
0.543300
0.000000
0.000000
0.000000
0.000000
0.000000
0.528800
0.535400
0.000000
0.000000
1.001300
0.000000
0.545900
0.528500
0.540200
0.000000
0.000000
1.003600
1.001400
0.000000
0.000000
0.583500
0.000000
0.528700
0.000000
0.529000
0.044400
0.000000
10.067400
0.000000
0.531700
0.545400
0.000000
0.524200
0.000000
0.000000
1.001900
0.613100
0.506100
0.000000
0.564500
0.514000
0.000000
0.000000
0.523100
1.000800
0.555600
5.107800
0.000000
0.000000
0.571300
0.000000
0.019200
0.000000
0.523500
0.562900
0.000000
0.000000
0.529200
0.000000
0.522000
0.000000
0.529400
0.025500
0.000000
0.000000
0.000000
0.077400
0.000000
0.000000
0.536400
0.000000
0.000000
0.070300
0.544800
0.570300
0.000000
0.000000
0.000000
0.543500
0.000000
0.531800
0.530700
0.546000
0.506900
0.000000
0.024900
0.000000
0.000000
0.000000
0.000000
0.554000
0.542500
0.537300
0.507200
0.000000
0.000000
0.000000
0.534700
0.000000
0.000000
0.541400
0.000000
0.000000
0.710600
0.000000
0.000000
0.000000
0.546400
0.530500
0.550900
0.000000
0.000000
0.576400
0.534300
0.000000
0.000000
0.522800
0.532700
0.539700
0.000000
0.536800
0.526800
0.523200
0.000000
0.535600
0.000000
0.000000
0.546000
0.603700
0.000000
0.000000
0.000000
0.000000
0.548500
0.000000
0.000000
0.000000
0.000000
0.084500
0.000000
0.000000
0.000000
0.532900
0.545100
0.541100
0.544000
0.547500
0.000000
0.000000
0.000000
0.000000
0.000000
0.546300
0.542000
0.000000
0.000000
0.000000
0.034600
0.548100
0.540300
0.545200
0.525200
0.000000
0.535100
0.535900
0.000000
0.538400
0.542700
0.000000
0.000000
0.540900
0.000000
0.000000
0.535100
0.550200
0.768800
0.506400
0.507200
0.000000
0.000000
0.000000
0.542200
0.000000
0.000000
0.539400
0.526400
0.000000
0.540700
0.000000
0.000000
0.540000
0.538500
0.000000
0.000000
0.508000
0.506700
0.000000
0.000000
0.556300
0.538900
0.000000
0.000000
0.000000
0.000000
1.032800
0.000000
0.000000
0.000000
0.000000
0.000000
0.559000
0.528700
0.506400
0.000000
0.507400
17.061600
0.024000
0.539700
0.535000
0.000000
0.522400
0.544900
0.000000
0.000000
0.000000
0.000000
0.000000
0.000000
0.599900
0.008300
0.000000
0.540300
0.000000
0.000000
0.574800
0.000000
0.523300
0.540800
0.000000
0.525200
0.528600
0.000000
0.540700
0.509000
0.547800
0.000000
0.000000
0.537700
0.000000
0.533200
0.000000
0.540700
0.518500
0.533400
0.000000
1.165600
0.536900
0.000000
0.000000
0.519700
0.000000
0.000000
0.000000
0.000000
0.507000
0.000000
0.000000
0.536600
0.000000
0.539600
0.534300
0.539400
0.540100
0.000000
0.544000
0.000000
0.533500
0.529500
0.528100
0.000000
0.000000
0.000000
0.000000
0.000000
0.528600
0.550500
0.000000
0.000000
0.000000
0.000000
0.000000
0.532400
0.530100
0.519200
0.000000
0.000000
0.000000
0.534400
0.000000
0.000000
0.542800
0.534300
0.520600
0.537600
0.000000
0.000000
0.509500
0.540500
0.000000
0.506700
0.000000
0.000000
0.509400
0.000000
0.000000
0.000000
0.524100
0.550200
0.510100
0.000000
0.522600
0.000000
0.024900
0.000000
0.015200
0.000000
0.535500
0.000000
1.254600
0.000000
0.000000
0.000000
1.000700
0.000000
0.000000
0.509200
0.000000
0.000000
0.000000
0.508000
0.000000
0.000000
0.000000
0.527600
0.000000
0.000000
0.000000
0.000000
0.551000
0.026800
0.000000
0.000000
0.000000
0.000000
0.050300
0.000000
0.000000
0.000000
0.537500
0.528500
0.000000
0.000000
0.000000
0.000000
0.512900
0.535400
0.525300
0.000000
0.000000
0.000000
0.000000
0.000000
0.000000
0.000000
0.000000
0.553400
0.549100
0.000000
0.507000
0.543600
0.000000
0.527300
0.000000
0.000000
0.522400
0.000000
0.539700
0.582100
0.000000
0.000000
0.000000
0.536500
0.000000
0.000000
0.000000
0.000000
0.000000
0.537300
0.529600
0.000000
0.000000
0.000000
0.000000
0.000000
0.000000
0.510800
0.521300
0.542200
0.527800
0.000000
0.000000
0.000000
0.564000
0.000000
0.550200
0.539200
0.537600
0.532800
0.000000
0.000000
0.000000
0.000000
0.531000
0.000000
0.533900
0.543200
0.531700
0.526700
0.589600
0.000000
0.000000
0.000000
0.000000
0.543300
0.524800
0.538100
0.543400
0.553200
0.545800
0.000000
0.546800
0.000000
0.000000
0.000000
0.000000
0.000000
0.548000
0.538400
0.529800
0.000000
0.506700
0.000000
0.000000
0.525800
0.506800
0.535000
0.000000
0.000000
0.547000
0.000000
0.000000
0.000000
0.545700
0.000000
0.000000
0.000000
0.000000
0.000000
0.000000
0.000000
0.000000
0.000000
0.000000
0.000000
0.524200
0.000000
0.537500
0.000000
0.000000
0.547000
0.000000
0.522700
0.000000
0.648100
0.000000
0.000000
0.000000
0.000000
0.000000
0.531900
0.000000
0.566100
0.554300
0.000000
1.072300
0.000000
0.997000
0.000000
1.001000
0.998600
0.000000
0.525100
0.000000
0.989700
0.546700
0.000000
0.000000
0.000000
0.560500
0.526800
0.000000
0.000000
0.528200
0.000000
0.000000
0.523400
0.000000
0.000000
0.000000
0.000000
0.000000
0.554900
0.000000
0.538900
0.535200
0.537100
0.550000
0.000000
0.000000
0.668200
0.000000
0.537900
0.540100
0.506500
0.000000
0.000000
0.557600
0.000000
0.000000
0.000000
0.000000
0.000000
0.000000
0.582700
0.000000
0.000000
0.536200
0.000000
0.000000
0.539300
0.525000
0.000000
0.540800
0.557400
0.511600
0.000000
0.000000
0.000000
0.541100
0.000000
0.550200
0.531800
0.508900
0.509300
0.000000
0.544800
0.538200
0.521800
0.537800
0.597500
0.000000
0.000000
0.544100
0.000000
0.000000
0.000000
0.527600
0.529700
0.509800
0.530800
0.000000
0.000000
0.580400
0.000000
0.541600
0.000000
0.000000
0.566200
0.508500
0.517900
0.000000
0.000000
0.000000
0.000000
0.000000
0.536100
0.552900
0.000000
0.000000
0.533300
0.000000
0.000000
0.544600
0.000000
0.000000
0.000000
0.538100
0.000000
0.000000
0.000000
0.529700
0.509100
0.000000
0.000000
0.000000
0.000000
0.022700
0.000000
0.000000
0.535700
0.532400
0.522500
0.506000
0.000000
0.530000
0.000000
0.541100
0.040400
0.000000
0.000000
0.000000
0.000000
0.547500
0.535700
0.000000
0.000000
0.000000
0.000000
0.537700
0.000000
0.541800
0.000000
0.544000
0.000000
0.000000
0.000000
0.547400
0.000000
0.020200
0.000000
0.277300
0.012800
0.000000
0.540300
0.000000
0.000000
0.000000
0.546200
0.000000
0.532900
0.000000
0.000000
0.000000
0.000000
0.000000
0.523400
0.000000
0.534500
0.536000
0.551800
0.507800
0.531500
0.522800
0.538500
0.555900
0.648900
0.521500
0.000000
4.819400
1.001200
0.000000
0.000000
0.000000
0.000000
0.000000
0.535000
0.547400
0.000000
0.543700
0.559900
0.581500
0.000000
0.537300
0.531200
0.581100
0.000000
0.000000
0.000000
0.000000
0.000000
0.000000
0.000000
0.508300
0.000000
0.027100
0.539200
0.553400
0.000000
0.000000
0.526800
0.510700
0.019400
0.000000
0.029300
0.000000
0.000000
0.541400
0.539100
0.549600
0.566700
0.000000
0.000000
0.507300
0.562100
0.594500
0.530800
0.538300
0.535100
0.511900
0.530900
0.000000
0.000000
0.000000
0.542800
0.000000
0.000000
0.540100
0.540800
0.000000
0.551100
0.000000
0.000000
0.532900
0.000000
0.536700
0.000000
0.000000
0.000000
0.527600
0.000000
0.000000
0.000000
0.557400
0.000000
0.000000
0.532400
0.000000
0.000000
0.000000
0.553100
0.000000
0.539000
0.000000
0.000000
0.534500
0.000000
0.000000
0.000000
0.615100
0.536500
0.000000
0.832900
0.000000
0.000000
0.531400
1.260700
0.010600
0.541200
0.000000
0.559400
0.000000
0.000000
0.521500
0.000000
0.000000
0.548800
0.000000
0.000000
0.000000
0.519500
0.522500
0.537700
0.552600
0.000000
0.536300
0.538800
0.000000
0.000000
0.520700
0.000000
0.000000
0.533900
0.000000
0.536300
0.000000
0.520000
0.538900
0.000000
0.511700
0.000000
0.000000
0.000000
0.000000
0.536600
0.000000
0.000000
0.698500
0.000000
0.000000
0.544200
0.524200
0.506800
0.000000
0.520800
0.000000
0.000000
0.538400
0.535600
0.565700
0.000000
0.539100
0.000000
0.537100
0.000000
0.556700
0.528900
0.000000
0.000000
0.000000
0.000000
0.541500
0.000000
0.537800
0.528800
0.000000
0.000000
0.000000
0.540500
0.538700
0.000000
0.537100
0.000000
0.000000
0.000000
0.554700
0.000000
0.000000
0.550400
0.000000
0.000000
0.023500
0.507100
19.000300
0.000000
0.000000
0.749300
0.000000
0.539500
0.000000
0.533600
0.537900
0.528800
0.000000
0.000000
0.521600
0.000000
0.535200
0.000000
0.000000
0.527900
0.000000
0.000000
0.538000
0.000000
0.000000
0.536200
0.000000
0.000000
0.507900
0.533300
0.000000
0.532800
0.526900
0.000000
0.534700
0.520200
0.536100
1.047000
0.523600
0.000000
0.000000
0.000000
0.000000
0.563400
0.000000
0.000000
0.000000
0.000000
0.000000
0.000000
0.000000
0.000000
0.000000
0.000000
0.000000
0.000000
0.000000
0.000000
0.000000
0.000000
0.034000
0.538100
0.536700
0.547300
0.000000
0.543500
0.000000
0.000000
0.000000
0.534800
0.551300
0.000000
0.000000
0.546500
0.544600
0.000000
0.000000
0.537300
0.543600
0.507200
0.527200
0.000000
0.000000
0.527600
0.534100
0.000000
0.000000
0.537000
0.549900
0.000000
0.000000
0.546400
0.534100
0.000000
0.000000
0.000000
0.024400
0.526200
0.528700
0.000000
0.000000
0.000000
0.531900
0.000000
0.550500
0.560700
0.000000
0.531500
0.534100
0.000000
0.000000
0.000000
0.543800
0.000000
0.000000
0.012400
0.000000
0.000000
0.000000
0.551200
0.000000
0.534000
0.507100
1.171600
0.532800
0.025600
0.000000
0.506400
0.000000
0.540100
0.000000
8.001200
0.000000
0.536400
0.000000
0.000000
0.539000
0.000000
0.000000
0.000000
0.511300
0.000000
0.000000
0.558400
0.000000
0.000000
0.000000
0.000000
0.000000
0.527500
0.537200
0.000000
0.000000
0.000000
0.000000
0.547500
0.537100
0.000000
0.000000
0.551700
0.000000
0.000000
0.000000
0.000000
0.000000
0.536700
0.556000
0.548600
0.000000
0.000000
0.000000
0.547100
0.000000
0.000000
0.000000
0.000000
0.538200
0.556800
0.524600
0.998600
0.534600
0.584900
0.000000
0.000000
0.000000
0.000000
0.530300
0.507300
0.000000
0.000000
0.540400
0.000000
0.000000
0.540900
0.506200
0.000000
0.997800
4.516200
1.999200
0.528100
1.000700
5.205200
0.000000
0.000000
0.000000
0.000000
0.000000
0.637100
0.000000
0.706200
0.554100
0.000000
0.000000
0.000000
1.004600
0.541500
0.000000
0.000000
0.556300
0.000000
0.000000
0.000000
0.000000
0.000000
0.000000
0.000000
0.539000
0.539300
0.035700
0.556600
0.548200
0.000000
0.541500
0.000000
0.000000
0.000000
0.541500
0.000000
0.000000
0.534400
0.000000
0.000000
0.000000
0.000000
0.000000
6.994100
0.545300
0.000000
0.000000
0.000000
0.000000
0.529100
0.542300
0.123000
0.544600
0.023100
0.000000
0.551600
0.000000
0.000000
0.542900
0.540600
0.533700
0.000000
0.000000
0.548000
0.544900
0.520400
0.000000
0.534300
0.000000
0.000000
0.000000
0.506400
0.523500
0.000000
0.000000
0.000000
0.000000
0.000000
0.000000
0.525400
0.521800
0.571600
0.577500
0.547500
0.000000
0.535300
0.000000
0.000000
0.000000
0.509100
0.534700
0.567700
0.542900
0.558600
1.000800
0.532700
0.557100
0.537900
0.507900
0.000000
0.617600
0.000000
0.546000
0.000000
0.520100
0.000000
0.538500
0.533100
0.534800
0.000000
0.508700
0.000000
0.538500
0.507000
0.000000
0.000000
0.531900
0.542500
0.000000
0.000000
0.000000
0.535300
0.000000
0.509000
0.523600
0.542200
0.543600
0.000000
0.542100
0.000000
0.000000
11.507300
2.998700
0.992200
0.000000
0.000000
0.532900
0.000000
0.000000
0.544900
0.540600
0.000000
0.000000
0.614600
5.085000
0.506800
0.533600
0.000000
0.000000
0.546100
0.188400
0.000000
0.000000
0.033000
0.540600
0.551800
0.999800
0.000000
0.525800
0.537400
0.542000
0.000000
0.000000
0.000000
0.547000
0.536800
0.506300
0.000000
0.555800
0.541900
0.807200
0.000000
0.527900
0.527900
0.506700
0.000000
0.521800
0.543200
0.000000
0.000000
0.000000
0.000000
0.539400
0.026000
0.000000
0.000000
0.532700
0.537400
0.000000
0.557500
0.532400
0.000000
0.000000
0.525700
0.000000
0.543100
0.543200
0.000000
0.000000
0.000000
0.000000
0.000000
0.552000
0.000000
0.894200
0.013700
0.538000
0.544900
0.000000
0.531500
1.000700
0.545200
0.533300
0.506700
0.000000
0.541900
0.527000
0.000000
0.000000
0.520500
0.000000
0.535000
0.000000
0.000000
0.141200
0.655800
0.537900
0.000000
0.012400
0.538000
0.000000
0.525300
0.537000
0.000000
0.000000
0.532700
0.000000
0.553700
0.000000
0.009900
0.538000
0.530900
0.540800
0.000000
0.443500
0.000000
0.000000
0.535500
0.000000
0.540300
0.549900
0.565800
0.000000
0.000000
0.541000
0.700500
0.023100
0.529600
0.000000
0.000000
0.532900
0.000000
0.552700
0.000000
0.000000
0.000000
0.523700
0.000000
8.519500
0.560200
0.000000
0.000000
0.525700
0.000000
0.000000
0.000000
0.549700
0.000000
0.508400
0.530700
0.000000
0.000000
0.528400
0.000000
0.536500
0.595000
0.000000
0.000000
0.000000
0.541300
0.543300
0.000000
0.000000
0.525200
0.000000
0.551100
0.000000
0.542000
0.535700
0.000000
0.000000
0.536300
0.520900
0.000000
0.000000
0.000000
0.508200
0.654900
0.539800
0.000000
0.000000
0.035900
0.518700
0.526800
0.557300
0.000000
0.532800
0.586700
0.000000
0.000000
0.000000
0.531300
0.560300
0.543900
0.537500
0.000000
0.000000
0.018900
0.000000
0.000000
0.525200
0.000000
0.000000
0.506500
0.000000
0.000000
0.000000
0.000000
0.539000
0.508700
0.000000
0.000000
0.000000
0.536400
0.000000
0.537800
0.000000
0.000000
0.000000
0.652500
0.000000
0.531800
0.000000
0.000000
0.000000
0.000000
0.706400
0.000000
0.000000
0.510100
0.000000
0.540700
0.540600
0.000000
0.000000
0.000000
0.000000
0.000000
0.000000
0.543600
0.000000
0.000000
0.010800
0.542600
0.000000
0.521700
1.667500
0.016200
0.000000
0.000000
0.000000
0.531900
0.000000
0.521800
0.524000
0.000000
0.000000
0.000000
0.000000
0.542600
0.000000
0.573100
0.538000
0.000000
0.536200
0.000000
0.000000
0.000000
0.000000
0.000000
0.540300
0.000000
0.522600
0.000000
0.522600
0.510900
0.937600
0.000000
0.540300
0.000000
0.000000
0.508000
0.000000
0.532600
0.000000
0.000000
0.523300
0.000000
0.000000
0.545300
0.534800
1.005700
0.000000
0.000000
0.000000
0.508500
0.000000
0.597900
0.887200
0.000000
0.000000
0.547900
0.535300
0.545600
0.000000
0.593900
0.000000
0.000000
0.000000
0.000000
0.538700
0.000000
1.045600
0.560900
0.000000
0.000000
0.000000
0.000000
0.000000
0.000000
0.000000
0.507200
0.000000
0.533100
0.000000
0.536700
0.000000
0.000000
0.000000
0.555200
0.000000
0.000000
0.545900
0.535600
0.013500
0.000000
0.000000
0.000000
0.000000
0.000000
0.539200
0.000000
0.000000
0.000000
0.000000
0.540700
0.544200
0.000000
0.534700
0.000000
0.000000
0.000000
0.506600
0.536700
0.545100
0.000000
0.521000
0.000000
0.565900
0.511500
0.000000
0.507000
0.000000
0.000000
0.539800
0.029500
0.000000
0.000000
0.599100
0.530300
0.535100
0.000000
0.533800
0.000000
0.000000
0.000000
0.000000
0.000000
0.531100
0.000000
0.539200
0.535100
0.546000
0.593400
0.000000
0.000000
0.535200
0.526000
0.520100
0.530200
0.000000
0.547700
0.523300
0.000000
0.000000
0.000000
0.000000
0.506800
0.550400
0.000000
0.528900
0.000000
0.000000
0.506800
0.000000
0.000000
0.536400
0.000000
0.049600
0.000000
0.000000
0.528900
0.000000
0.526100
0.000000
0.000000
0.000000
0.000000
0.596900
0.539900
0.000000
0.529400
0.542500
0.000000
0.000000
0.537400
0.545600
0.558100
0.532500
0.519000
0.000000
0.000000
0.548600
0.000000
0.000000
0.000000
0.545600
0.000000
0.000000
0.525600
0.000000
0.507600
0.549500
0.000000
0.595300
0.541200
0.567300
0.000000
0.000000
0.000000
0.537900
0.535500
0.533900
0.000000
0.000000
0.000000
0.000000
0.532200
0.000000
0.000000
0.000000
0.000000
0.000000
0.859900
0.000000
0.000000
0.560200
0.541700
0.548500
0.000000
0.601300
0.000000
0.510400
0.000000
0.000000
0.000000
0.695400
0.000000
0.537200
0.547700
0.509600
0.524400
4.997700
0.998000
0.000000
0.545800
0.571500
0.529800
