0.620600
5.348900
0.546600
0.653700
0.574300
0.545100
0.549900
0.552700
0.583700
1.655100
0.546700
0.616000
0.739300
0.589500
0.583900
0.551500
1.069100
0.551200
0.534400
0.542000
0.537800
0.536700
0.566100
0.688600
0.793400
0.534500
0.538500
1.072500
0.673300
0.021300
0.576000
0.533200
0.606000
0.530900
0.517000
0.538700
0.545000
0.526700
0.588700
0.529500
0.547400
0.524700
0.573400
0.569000
2.829100
0.532800
0.567300
0.507600
0.531900
0.518100
0.537100
0.548000
0.537700
0.657600
0.534700
0.000000
0.602800
0.532100
0.539500
0.517400
0.528800
0.531300
0.525200
0.539000
0.528500
0.533700
1.421800
0.540200
0.575600
0.541000
0.543600
0.752700
0.668000
0.000000
0.778700
0.527400
0.703400
0.535500
0.536400
0.532300
0.537400
0.792400
0.531300
0.537000
0.528200
0.461900
0.526500
0.530300
0.532000
0.670800
0.543700
0.587200
0.547100
0.567200
0.544800
0.539100
0.670200
0.526500
0.525900
0.553600
0.549500
0.694800
0.576600
0.529400
0.580900
1.116600
0.543900
0.572200
0.535400
0.542800
0.015100
0.521000
0.518500
0.566500
0.534500
0.534300
0.531700
0.528700
0.645300
0.549800
0.538700
0.532900
0.568400
0.537400
0.530500
0.526600
0.528100
0.599800
0.540100
0.574000
0.523000
0.534000
0.524500
0.542500
0.540700
0.525700
0.544700
0.525800
0.529200
0.509000
0.000000
0.532900
0.523300
0.536500
0.525400
0.576400
0.602600
0.000000
0.565000
0.571700
0.640400
0.533400
0.543800
0.519700
0.534400
0.508100
0.533900
0.507500
0.700800
0.526000
0.540500
0.549600
0.521900
0.602700
0.557800
0.602200
0.000000
0.543700
0.520900
0.647200
0.666500
0.565100
0.542600
0.628200
0.541800
0.529400
0.544100
0.535100
0.544900
0.545300
0.000000
0.541100
0.000000
0.572000
0.545000
0.545200
0.596200
0.542700
0.553000
0.526300
0.547800
0.578900
0.524800
0.596600
0.543500
0.565900
0.528200
0.544600
0.542600
0.595200
0.566700
0.529800
0.527800
0.537400
0.531100
0.659300
0.539700
0.525000
0.544000
0.524100
0.563700
0.532700
0.531700
0.523600
0.522800
0.533700
0.000000
0.579700
0.526400
0.547900
0.545700
0.533800
0.532300
0.537500
0.536300
0.567100
0.532100
0.684300
0.529000
0.544800
0.528100
0.543200
0.530400
0.533300
0.569000
0.539600
0.512400
0.530600
0.601000
0.609100
0.540800
3.297400
0.591200
0.571300
0.011600
0.533500
0.634200
0.583700
0.531900
0.606100
0.536300
0.515300
0.558900
0.606800
0.534900
0.532100
0.510800
0.515500
0.608100
0.589200
0.800900
0.529300
0.681800
0.581200
0.529000
0.529600
0.542300
0.621600
0.531000
0.524000
0.549700
0.000000
0.583000
0.000000
0.527500
0.531100
0.678300
0.530400
0.543500
0.524100
0.530500
0.580300
0.535000
0.542500
0.540600
0.537400
0.531800
0.603400
0.523500
0.523000
0.540300
0.590900
0.515100
0.561000
0.535800
0.546900
0.541500
0.528100
0.544400
0.540700
0.549600
0.000000
0.530600
0.531400
0.666900
0.528200
0.599000
0.641200
0.546100
0.546400
0.573300
0.519800
0.540900
0.510000
0.587100
0.529100
0.549900
0.532000
0.510200
0.587100
0.527100
0.538100
0.523900
0.523900
0.544500
0.543700
0.537400
0.548900
0.561400
0.547400
0.591700
0.541500
0.548800
0.539900
0.541000
0.526000
0.556600
0.667400
0.544300
0.527300
0.000000
0.587800
0.572900
0.521300
0.509600
0.537800
0.674900
0.534600
0.549100
0.609200
0.549200
0.536400
0.549400
0.549800
1.376500
0.581300
0.000000
0.618400
0.609400
1.341900
1.286000
1.326800
1.281300
0.759300
0.703300
1.311900
1.331300
0.455300
1.005900
0.521000
0.537200
0.619900
0.532100
0.593500
0.867400
0.534000
0.549300
0.547900
0.552000
0.526800
0.517500
1.040400
0.745300
0.552400
0.542300
0.525200
0.548400
0.536100
0.565700
0.564300
0.533300
0.532800
0.524400
0.580000
0.534800
0.543200
0.529300
0.551500
0.548400
0.553700
0.564900
0.532500
0.535800
0.540500
0.559500
0.541500
0.737800
0.541800
1.058100
0.547700
0.581600
0.564800
0.526200
0.530600
0.531500
0.635200
0.521500
0.581200
0.831000
0.537300
0.029500
0.545900
0.527600
0.542600
0.606600
0.536500
0.531400
0.539800
0.579800
0.534400
0.588300
0.533500
0.548200
0.597100
0.529000
0.538700
0.553200
0.520400
3.627200
0.728000
0.535300
0.741000
0.526600
0.536300
0.560100
0.531600
0.519900
0.546400
0.000000
0.530700
0.537100
0.541000
0.623800
0.541700
0.542000
0.540500
0.523400
0.535500
0.571800
0.543600
0.575400
0.539100
0.522500
0.541400
0.721700
0.538000
0.532900
1.049100
0.534700
0.540700
0.531400
0.546200
0.517700
0.530100
0.546400
0.543300
0.000000
0.546600
0.532800
0.558000
0.527500
0.548800
0.548500
0.545400
0.539700
0.528300
0.521800
0.528400
0.522400
0.532900
0.530900
0.000000
0.529700
0.000000
0.521900
0.564100
0.545800
0.541200
0.581400
0.557600
0.036600
0.535100
0.540600
0.536400
0.555900
0.596000
0.550600
0.634600
0.531300
0.559100
0.535400
0.572600
0.705900
0.000000
0.678400
3.652000
0.533600
0.528200
0.000000
1.068600
0.527700
0.544900
0.000000
0.540800
0.531500
0.533800
0.511400
0.596500
0.534800
0.625000
0.552700
0.548500
0.000000
0.518500
0.576300
0.540500
0.647700
0.551500
0.547600
0.587900
0.525800
0.610400
0.535100
0.523300
0.532700
0.575000
0.539000
0.559000
0.539500
0.526600
0.541700
0.506500
0.550800
0.596300
0.544200
0.711900
0.609800
0.528000
0.537300
0.518100
0.553800
0.533100
0.534900
0.548100
0.557300
0.531700
0.528800
0.569900
0.534000
0.612200
0.581700
0.548600
0.537400
0.540900
0.529000
0.536100
0.527800
0.571800
0.528600
0.528300
0.557900
0.596200
0.766800
0.559000
0.534800
0.524900
0.586000
0.528600
0.530400
0.597900
0.546400
0.617800
0.537800
0.542000
0.582700
0.558600
0.531400
0.540000
0.590200
0.000000
0.522300
0.539400
0.556900
0.527900
0.532000
0.555500
0.532800
0.531200
0.540400
0.572100
0.025400
0.538100
0.530400
0.570300
0.574300
0.558400
0.532400
0.533500
0.603800
0.537700
0.566700
0.523200
0.522000
0.549900
0.531800
0.623200
0.600300
0.518800
0.531200
0.591300
0.000000
0.577400
0.567300
0.542800
0.531200
2.085300
0.544600
0.534100
0.018700
0.530600
0.549700
0.560700
0.542800
0.523000
0.561500
0.522600
0.542700
0.601000
0.541600
0.590900
0.535200
0.540600
0.563900
1.077500
0.625300
0.565800
0.542900
0.584000
0.523200
0.527900
0.546800
0.515100
0.532600
0.510200
0.542000
0.534600
0.551800
0.527800
0.532700
0.509500
0.532400
0.590300
0.531800
0.567800
0.544500
0.542000
0.536300
0.527200
0.688100
0.578300
0.541700
0.570200
0.534200
0.526000
0.546300
0.524400
0.545100
0.589400
0.537000
0.534900
0.526400
0.591900
0.524800
0.536500
0.589600
0.510800
0.528500
0.607000
0.552800
0.553500
0.653900
0.582400
0.532400
0.540200
0.542700
0.519500
0.535200
0.528400
0.531500
1.083100
0.544200
0.562200
0.544500
0.540500
0.533600
0.525300
0.505700
0.528400
0.541500
0.536300
0.570600
0.534000
0.553400
0.578200
0.533000
0.526400
0.622800
0.019600
0.531600
0.540300
1.033000
0.536800
0.567800
0.524800
0.509000
0.534300
0.527100
0.600100
0.578300
0.531200
0.530200
0.528000
0.532600
0.539400
0.597400
0.551900
0.514400
0.535300
0.528400
0.523000
0.554000
0.522900
0.530900
0.570500
0.542300
0.534000
0.532600
0.535000
0.539900
1.048000
0.532000
0.532000
0.562900
0.533400
0.531200
0.578500
0.540200
0.519800
0.561200
0.527700
0.533500
0.543400
0.573600
0.508800
0.547300
0.529500
0.540100
0.539100
0.532200
0.545600
0.534300
0.531500
0.541700
0.764600
0.615100
0.542900
1.057100
0.547300
0.677300
0.536000
0.528400
0.528200
0.534200
0.549600
0.000000
0.000000
0.543300
0.532300
0.531600
0.552400
0.526100
0.528500
0.600000
0.612000
0.543800
0.537300
0.538800
0.561800
0.585800
0.547900
0.622200
0.536700
0.606400
0.524800
0.533200
0.647800
0.532300
0.535000
0.641700
0.525000
0.531200
0.613100
0.520400
0.587800
0.548500
0.572000
0.000000
0.531000
0.542100
0.629600
0.527000
2.860500
0.553500
0.586900
0.510100
0.538300
0.541600
0.532700
0.565000
0.543100
0.523600
0.540400
0.520900
0.582100
0.555300
0.542600
0.536000
0.541800
0.535500
0.565400
0.630400
0.595000
0.551000
0.577000
0.539500
0.522000
0.544700
0.671700
0.578300
0.545200
0.533200
0.527000
0.565900
0.529000
0.548600
0.527800
0.536700
0.000000
0.539800
0.537800
0.526600
0.552300
0.537600
0.526300
0.542900
0.000000
0.572100
0.540800
0.590800
0.538800
0.577600
0.618500
0.539000
0.522300
0.532800
0.531100
0.535800
0.574800
0.585600
0.548800
0.553800
0.525400
0.573600
0.531800
0.592900
0.526600
0.531100
0.540400
0.586600
0.589600
0.510700
0.545100
0.543000
0.528900
0.532300
0.532700
0.545700
0.527700
0.579300
0.534100
0.537100
0.527100
0.528600
0.538600
0.616000
0.563200
0.589600
0.528300
0.565000
0.000000
0.000000
0.526200
0.537000
0.529600
0.539800
0.703400
0.532400
0.523700
0.000000
0.559600
0.544300
0.635600
0.534000
0.653400
0.534600
0.577400
0.539000
0.534500
0.000000
0.544400
0.525200
0.537100
0.532000
0.601200
0.536200
0.529900
0.618500
0.541400
0.536200
0.565300
0.530100
0.576300
0.517600
0.525500
0.532900
0.533300
0.000000
0.537400
0.680600
0.587300
0.550500
0.548700
0.586500
0.586500
0.534400
0.532000
0.538400
0.563700
0.610300
0.531500
0.560600
0.543300
0.580100
0.544000
0.607600
0.539100
0.592100
0.534100
0.609700
0.525400
0.541200
0.540500
0.530600
0.524500
0.550600
0.030600
1.057700
0.540300
0.524800
0.790700
0.530400
0.530700
0.506200
0.523400
0.542300
0.628900
0.604700
0.571500
0.574100
0.586600
0.530700
0.619500
0.546500
0.543300
0.608600
0.570900
0.537200
0.531600
0.509000
0.523400
0.624000
0.554300
0.566800
0.555400
0.539300
0.683800
0.674800
0.528100
0.128100
0.565400
0.527200
0.546800
0.547700
0.566200
0.014500
0.532000
0.531500
3.740800
0.526000
0.540500
0.532200
0.517400
0.529900
0.539200
0.567800
0.519900
0.546200
0.544300
0.548100
0.545600
0.595000
0.545600
0.579800
0.540200
0.547500
0.000000
0.539300
0.663200
0.526500
0.000000
0.530100
0.537200
0.530900
0.536800
0.532300
0.531500
0.527900
0.536000
0.531300
0.531700
0.535600
0.527500
0.570300
0.550000
0.540300
0.584000
0.530000
0.547700
0.540500
0.000000
0.525500
0.619800
0.517100
0.528100
0.535600
0.522300
0.580100
0.578900
0.531400
0.562900
0.565700
0.541500
0.537900
0.538900
0.000000
0.530900
0.618700
0.566900
0.597800
0.553800
0.738300
0.535300
0.586200
0.000000
0.541700
0.705300
0.560800
0.527600
0.531400
0.545400
0.587200
0.540500
0.535700
0.555100
1.087700
0.515900
0.671000
0.526400
0.557200
0.525900
0.526700
0.561000
0.537800
0.000000
0.581200
0.540300
0.531400
0.508800
0.522400
0.680200
0.508900
0.580000
0.544200
0.548400
0.553700
0.533200
0.581500
0.542700
0.539400
0.541100
0.553400
0.533500
1.138400
0.615900
0.531800
0.543200
0.549700
0.551700
0.520400
0.538100
0.535100
0.517500
0.703300
0.532300
0.577400
0.074400
0.553600
0.546600
0.530900
0.540700
0.547900
0.553900
0.517100
0.628900
0.574900
0.632600
0.580500
0.533000
0.629200
0.602300
0.529900
0.539900
0.578500
0.567400
0.540800
0.615200
0.000000
0.523700
0.543300
0.581600
0.550100
0.633100
0.528600
0.537400
0.512200
0.752900
0.531300
0.687100
0.542000
0.514900
0.569800
0.533100
0.531900
0.544900
0.537500
0.626800
0.553100
0.550600
0.535300
0.553000
0.525600
0.606600
0.508400
0.525600
0.544600
0.000000
0.546700
0.530900
0.533600
0.542300
0.524000
0.533600
0.549300
0.582500
0.610000
0.538200
0.532300
0.535300
0.601500
0.555600
0.533700
0.525300
0.542800
0.541600
0.560900
0.605000
0.545100
0.579800
0.530300
0.539800
0.540900
0.524900
0.717100
0.524100
2.259100
0.530700
0.565000
0.535900
0.539300
0.000000
0.548500
0.664000
0.537600
0.557400
0.601200
0.528600
0.054800
0.557400
0.572000
0.605400
0.000000
0.610500
0.552200
0.549700
0.534100
0.581600
0.537000
0.545300
0.599300
0.534800
0.522200
0.537600
0.543900
0.533200
0.532200
0.542500
0.547100
0.539000
0.540500
0.529500
0.592800
0.530200
0.532200
0.752100
1.001400
0.644900
0.584000
0.529200
0.523100
0.521100
0.583900
0.536100
0.547100
0.542900
0.544800
0.535200
0.000000
0.597600
0.578100
0.553100
0.597000
0.000000
0.541400
0.515400
0.000000
0.543900
0.523900
0.582100
0.531300
0.547300
0.577400
0.600700
0.522700
0.571200
0.563600
0.579100
0.000000
0.565700
0.000000
0.527500
0.541800
0.520700
0.547900
0.554200
0.533500
0.000000
0.000000
0.562200
0.542000
0.555500
0.540000
0.531600
0.623200
0.539500
0.550500
0.544700
0.584500
0.539400
0.536100
0.600800
0.543100
0.544700
0.608200
0.535600
0.657900
0.646600
0.541800
0.547000
0.529800
0.625100
0.545900
0.533300
0.531300
0.528500
0.657100
0.534500
0.573600
0.615000
0.529700
0.533000
0.569900
0.525600
0.554400
0.607700
0.000000
0.666500
0.582900
0.538500
0.534300
0.532700
0.600400
0.579100
0.543100
0.531100
0.549400
0.553100
0.527700
0.543500
0.518600
0.664600
0.526400
0.597900
0.572500
0.537700
0.546600
0.520000
0.591700
0.551100
0.551800
0.558100
0.597000
0.538500
0.557600
0.543300
0.544800
0.568200
0.514700
0.527100
0.527000
0.544000
0.631400
0.575000
0.594900
0.525000
0.622900
0.706400
0.539300
0.725300
0.509800
0.536100
0.551200
0.709100
0.521900
0.595800
0.524200
0.541000
0.532700
0.000000
0.539000
0.522600
0.545900
0.563900
0.557800
1.108400
0.544800
0.532100
0.532300
0.534400
0.531000
0.548700
0.530900
0.533500
0.568500
0.524200
0.539200
0.550800
0.600600
0.606400
0.522000
0.000000
0.536000
3.691600
0.540600
0.560100
0.521100
0.536900
0.534400
0.575000
0.539700
0.542200
0.788800
0.533000
0.521000
0.537800
0.742300
0.538300
0.543700
0.518400
0.595600
0.579500
0.529900
0.545600
0.542100
0.752200
0.676200
0.607800
0.508300
0.541800
0.533300
0.541700
0.533300
0.572700
0.704400
0.605800
0.603100
0.542200
0.542700
0.544900
0.583000
0.535200
0.562800
0.648100
0.026600
0.543900
0.000000
0.557700
0.532900
0.535000
0.557600
0.529200
0.533100
0.549800
0.622600
0.687000
0.620000
0.554600
0.000000
0.608900
0.540700
0.510300
0.588000
0.545700
0.536400
0.535200
0.538200
0.529900
0.580500
0.535100
0.529400
0.528200
0.592300
0.543000
0.522900
0.531300
0.000000
0.525900
0.537900
0.546300
1.150000
1.340400
1.231200
1.284300
0.397500
0.535100
1.388500
0.999400
0.542600
0.582200
0.000000
0.523900
0.589000
0.573600
0.000000
0.531600
0.000000
0.000000
0.525700
0.708600
0.000000
1.129600
0.506100
0.625300
0.547900
0.545000
0.507800
0.544300
0.650400
0.543300
0.639900
0.548400
0.537100
0.551200
0.583400
0.537600
0.531800
0.529200
0.529400
0.558400
0.536100
0.568000
0.532700
0.537100
1.071000
0.530200
0.536400
0.546500
0.541600
0.535900
0.547000
0.528900
0.033000
1.316400
0.544900
0.525900
0.530200
0.627100
0.619000
0.750500
0.532300
0.543500
0.509300
0.545600
1.306800
0.788100
0.529900
0.544500
0.551600
0.531300
0.535200
0.571400
0.567600
0.535400
0.587100
0.520700
0.612400
0.556500
0.532900
0.580900
0.663100
0.701400
0.552400
0.552000
0.532800
0.531200
0.533800
0.542900
0.637800
0.531300
0.531900
0.550200
0.730000
0.705300
0.533400
0.532900
0.629300
0.517400
0.523400
0.573100
0.539800
0.538900
0.523000
0.559200
0.520500
0.031900
0.531000
0.625200
0.547700
0.530900
0.564400
0.534700
0.602100
0.000000
0.549200
0.565100
0.530400
0.549100
0.533100
0.546000
3.456700
0.605800
0.538900
0.000000
0.540300
0.541400
0.607500
0.547300
0.543500
0.535500
0.529700
0.529200
0.544900
0.542500
0.588600
0.521000
0.655400
0.539500
0.551900
0.576400
0.552600
0.528100
0.000000
0.572200
0.603800
0.596700
0.534600
0.531400
0.548200
0.507000
0.646200
0.540000
0.549600
1.219400
1.078700
0.655300
0.979400
0.601700
0.520300
0.617700
0.747400
0.581200
0.526800
0.526600
0.537000
0.528400
0.578800
0.573400
0.543400
0.603600
0.725100
0.587000
0.507800
0.582900
0.556200
0.536200
0.544100
0.531900
0.530800
0.542200
0.541900
0.530000
0.000000
0.538000
0.570300
0.536500
0.649000
0.000000
0.542700
0.552200
0.535100
0.541000
0.528100
0.538300
0.525900
0.588400
0.540600
0.533800
0.584100
0.534300
0.527700
0.541900
0.000000
0.579300
0.000000
0.552700
0.673500
0.525400
0.537700
0.583400
0.560200
0.000000
0.568900
0.574300
0.536100
0.591000
0.552300
0.538100
0.541000
0.571400
0.544600
0.541100
0.034200
0.525900
0.543800
0.575800
0.555300
0.521500
0.534300
0.000000
0.528700
0.537800
0.533900
0.552900
0.516100
0.591400
0.526000
0.555800
0.515200
0.540000
0.530500
0.602600
0.535200
0.532200
0.531700
0.583300
0.700600
0.573700
0.000000
0.533400
0.540000
0.605100
0.605700
0.596200
0.538500
0.530300
0.543400
0.541400
0.585400
0.523000
0.634300
0.540400
0.542600
0.535100
0.579300
0.564900
0.571400
0.523200
0.541300
0.548700
0.538500
0.670800
0.000000
0.680500
0.674500
0.000000
0.550400
0.530000
0.526200
0.525800
0.534600
0.601200
1.093100
0.565000
0.508700
0.599800
0.604400
0.561700
0.667500
0.530200
0.539500
0.568400
0.531500
0.537100
0.529800
0.548200
0.622100
0.543500
0.511200
0.528100
0.561900
0.600100
0.000000
0.530000
0.615000
1.039700
0.541000
0.531300
0.585000
0.510400
0.529400
0.530800
0.562000
0.536500
0.554200
1.065400
4.301200
0.615000
0.535400
1.047700
0.540000
0.000000
0.533100
1.116300
0.813600
1.118400
1.409800
0.229500
0.553700
0.548200
1.052900
0.537500
0.532500
1.049100
0.774400
0.526800
0.605700
0.523700
0.576800
0.625200
0.643500
0.576800
0.557200
0.543500
0.534600
0.527300
0.538400
0.765800
0.534800
0.711200
0.562800
0.606500
0.593800
0.529400
0.539000
0.524500
0.536600
0.519100
0.582700
0.556500
0.540400
0.577300
0.538600
0.652600
0.530200
0.586400
0.531900
0.539500
0.531400
0.537000
0.540700
0.541300
0.566400
0.532600
0.614000
0.538100
3.852100
0.522800
0.535100
0.534700
0.511100
0.578500
0.591500
0.539800
0.521700
0.548400
0.593600
0.598100
0.541500
0.591200
0.528000
0.532100
0.546100
0.531700
0.544100
0.542900
0.533000
0.554500
0.522200
0.531800
0.577400
0.527600
0.538500
0.539100
0.527000
0.586100
0.537300
1.154400
0.536600
0.529300
0.539500
0.557100
0.537100
0.553400
0.637600
0.540100
0.530900
0.549600
0.529800
0.538700
0.537100
0.526400
0.512200
0.000000
0.550400
0.520500
1.099800
0.594600
0.536400
0.532700
0.540900
0.587500
0.552900
0.548000
0.550400
0.537600
0.000000
0.000000
0.567400
0.577600
0.520900
0.535400
0.700700
0.515500
0.588500
0.556000
0.551800
0.597200
0.531400
0.530900
0.536800
0.509000
0.529800
0.536900
0.550900
0.526500
0.550700
0.541600
0.522400
0.548700
0.543500
0.637400
0.541700
0.527600
0.536600
0.531700
0.543800
0.592400
0.530400
0.544000
0.000000
0.084300
0.552000
0.536000
0.538000
0.540400
0.610600
0.000000
0.553900
0.546800
0.556700
0.633400
0.550400
0.528500
0.617400
0.538400
0.611500
0.614600
0.507500
0.516000
0.742900
0.539500
0.536000
0.575100
0.581600
0.577600
0.000000
0.523300
0.591000
0.538200
0.525500
0.000000
0.620700
1.232700
0.576000
0.652300
0.533300
0.537800
0.522600
0.617000
0.534000
0.547900
0.539800
0.532100
2.698700
0.576600
0.518300
0.526500
0.000000
0.000000
0.532600
0.540200
0.528800
0.537100
0.531000
0.609900
0.587700
0.533500
0.531200
0.622700
0.546700
0.589000
0.531200
0.673600
0.534600
0.537700
0.599200
0.528600
0.000000
0.530400
0.526100
0.603500
0.534400
0.543300
0.590200
0.539600
0.526400
0.607400
0.522900
0.526700
0.604800
1.084000
0.531000
0.536500
0.533500
0.578100
0.541800
0.540800
0.534900
0.000000
0.606900
0.551300
0.532100
0.543100
0.769000
0.533000
0.534600
0.530500
0.607200
0.529700
0.583700
0.545600
0.533800
0.543000
0.625600
0.585900
0.538100
0.000000
0.545700
0.529500
0.507400
0.522900
0.000000
0.538100
0.588800
0.546500
0.532900
0.549000
0.520800
0.528700
0.671700
0.527500
0.544700
0.539900
0.531900
0.548300
0.556700
0.555700
0.536000
0.532300
0.538500
0.532800
0.535900
0.535800
0.602000
0.538000
0.639400
0.554800
0.027200
0.534500
0.639300
0.532800
0.695800
0.536400
0.532200
0.537300
0.532900
0.548200
0.532500
0.585500
0.000000
0.542300
0.536000
0.568500
0.524900
0.532200
0.560100
0.526800
0.528700
0.548100
0.523500
0.547600
0.536800
0.614200
0.542800
0.551400
0.549900
0.539200
1.002200
0.999600
1.003500
0.999000
0.553100
0.551300
0.000000
0.589100
0.618100
0.531500
0.539800
0.528300
0.530800
0.535600
0.988200
0.568400
0.000000
0.536500
0.000000
0.535300
0.532900
0.573100
0.605100
0.530100
0.000000
0.537300
0.523800
0.000000
0.516900
0.536000
0.538900
0.526100
0.580800
0.652400
0.545500
0.543800
0.528100
0.542400
0.545100
0.712900
0.000000
0.531600
0.531000
0.525500
0.628700
0.543900
0.537500
0.730900
0.532800
0.529800
0.530700
0.554200
0.611000
0.587000
0.549000
0.540800
0.531300
0.541200
1.197100
0.543400
0.581900
0.000000
0.561700
0.589500
0.536700
0.531800
0.529500
0.539700
0.582800
0.528200
0.532300
0.530100
3.755000
0.000000
0.533300
0.535900
0.543300
0.521300
0.000000
0.531500
0.594500
0.589300
0.534600
0.714700
0.510000
0.531800
0.550100
0.537500
0.535300
0.552100
0.530400
0.686800
0.537600
0.548300
0.521200
0.532400
0.601200
0.535100
0.528200
0.754300
0.532400
0.608400
0.610400
0.533500
0.533300
0.544500
0.529400
0.515900
0.532100
0.528100
0.614200
0.562000
0.544400
0.529600
0.535500
0.564700
0.604000
0.524100
0.521200
0.538600
0.530300
0.506000
0.533000
0.519800
0.519300
0.524400
0.543600
0.530500
0.531800
0.550700
0.547500
0.627300
0.599900
0.626400
0.532200
0.616300
0.576000
0.537800
0.544700
0.531900
0.536500
0.539100
0.523900
0.581200
0.585800
0.561600
0.522300
0.530200
0.523400
0.554000
0.609200
0.535900
0.794700
0.622000
0.534100
0.600100
0.537200
0.636800
0.541500
0.531400
0.530300
0.587900
0.539000
0.555300
0.536100
0.530200
0.562900
0.525700
0.609400
0.545700
0.530400
0.536700
0.529700
0.536900
0.531000
0.519100
0.538700
0.604300
0.550600
0.580000
0.591100
0.733800
0.546900
0.540400
0.523100
0.554000
0.540600
0.535100
0.546700
0.635100
0.552200
0.542800
0.524200
0.557600
0.546800
0.711500
0.536600
0.551700
0.000000
0.579500
0.545800
0.574000
0.541700
0.539200
0.543600
0.532300
0.538500
0.545800
0.536600
0.533200
0.532100
1.366400
0.579900
0.535200
0.542200
0.547700
0.000000
0.584300
0.611300
0.544500
0.547100
0.537400
0.539500
0.633600
0.517000
0.531700
0.032600
0.746100
0.654900
0.532800
0.524900
0.594200
0.528500
0.582900
0.531800
0.526000
0.556000
0.532000
0.541900
0.541100
0.543300
0.519900
0.531700
0.534400
0.535200
0.543100
0.541600
0.526700
0.538700
0.547700
0.542000
0.510900
0.549900
0.566400
0.678200
0.611900
0.564200
0.533100
0.523800
0.542900
0.582600
0.537700
0.565800
0.607400
0.529700
0.599300
0.713800
0.692700
0.510900
0.529800
0.514900
0.544300
0.544000
0.540100
0.543100
0.544400
0.581800
0.550800
0.533500
0.542600
0.000000
0.522000
0.538600
0.526200
0.545000
0.534700
0.546700
0.597500
0.509300
0.549700
0.559000
0.592700
0.580800
0.728400
0.544100
0.542500
0.540000
0.575800
0.548900
0.526300
0.547200
0.522800
0.509900
0.530200
0.563600
0.535600
0.540500
0.587900
0.531900
0.567600
0.542900
0.685200
0.554400
0.535600
0.617300
0.533500
0.519300
0.531400
0.563000
0.581200
0.532900
0.538700
0.519800
0.000000
0.548000
0.537200
0.521300
0.540100
0.524100
0.545500
0.519300
0.556400
0.541800
0.528000
0.605400
0.514300
0.535300
0.579100
0.559200
0.652100
0.536500
0.532000
0.509700
0.000000
0.000000
0.541200
0.533600
0.577600
0.585500
0.533500
0.570300
0.571600
0.541600
0.541800
0.545300
0.534300
0.586300
0.542400
0.531300
1.078800
0.555100
0.538400
0.575900
0.614200
0.000000
0.511200
0.603500
0.527700
0.510300
1.066800
0.615700
0.545300
0.541000
1.075300
0.576100
0.529400
0.543900
0.533000
0.522300
0.557000
0.530800
0.511900
0.588500
0.576200
0.526900
0.540800
0.569600
0.533100
1.058200
0.541900
0.529300
0.519400
0.535200
0.534700
0.531500
0.523900
0.530800
0.507300
0.567800
0.531700
0.536300
0.508300
0.521300
0.597000
0.637400
0.531300
0.531300
0.530900
0.541200
0.533100
0.531000
0.537800
0.530200
0.537100
0.528800
0.526200
0.604800
0.668900
0.617700
0.527300
0.534700
0.542100
0.578600
0.546900
0.549900
0.527600
0.726200
0.534000
0.532200
0.534800
0.568700
0.530400
0.552700
0.548200
0.532300
0.533400
0.584600
0.533100
0.573600
0.650900
0.066700
0.548900
0.000000
0.506500
0.000000
0.539000
0.601400
0.530300
0.539200
0.549400
0.540000
0.543400
0.642700
0.543300
0.601700
0.533900
0.530500
0.000000
0.000000
0.542300
0.644400
0.536900
0.506100
0.588300
0.543100
2.432700
0.524600
0.532400
0.531600
0.549600
0.529200
0.520300
0.531200
0.570100
0.547900
0.542000
0.000000
0.546000
0.524100
0.529300
0.517800
0.546200
0.540200
0.534400
0.082700
1.059500
0.597200
0.534800
0.544700
0.607400
0.521400
0.550800
0.595900
0.539600
0.518000
0.558900
0.675100
0.549400
0.533100
0.000000
0.000000
0.534900
0.536400
0.540600
0.541600
0.546200
0.537800
0.528700
0.528100
0.516600
0.536200
0.562600
0.541600
0.646100
0.583900
0.560600
0.544400
0.548200
0.584900
0.531100
0.546600
0.574500
0.535700
0.614700
0.538900
0.510100
0.534000
0.532700
0.536200
0.523900
0.540000
0.556000
0.526100
0.592200
0.520400
0.601700
0.545100
0.589500
0.522400
0.598700
0.529700
0.000000
0.527800
0.506700
0.599200
0.000000
0.533700
0.531500
0.531000
0.515300
0.536600
0.542700
0.552600
0.573000
0.537000
0.545000
0.524700
0.611800
0.604400
0.551500
0.541000
0.531300
0.536300
0.578200
0.521900
0.520800
0.536600
0.543900
0.604700
0.528100
0.590800
0.531200
0.542000
0.639300
0.616600
0.604300
0.540900
0.541300
0.586400
0.679400
0.535100
0.551100
0.536800
0.581100
0.623400
0.538900
0.542400
0.518100
0.538900
0.022700
0.550700
0.529700
0.640300
0.572700
0.676700
0.548200
0.543300
0.536300
0.527300
0.000000
0.546000
0.622400
0.564900
0.549400
0.765100
0.534300
0.744300
0.643500
0.516800
0.525700
0.529100
0.610600
0.559600
0.554000
0.528000
0.537800
0.539800
0.574900
0.542300
0.611200
0.533600
0.545700
0.521100
0.971200
0.522700
0.596500
0.570100
0.523600
0.591900
0.578100
0.529400
0.534100
0.524500
0.601200
0.607100
0.568300
0.535200
0.000000
0.563700
0.000000
0.606800
0.532600
0.524000
0.595900
0.697300
0.520600
0.531200
0.671200
0.531600
0.531600
0.531100
0.000000
0.531600
0.527400
0.730900
0.528000
0.533400
0.537700
0.542300
0.580400
0.547200
13.824100
9.119100
0.587200
0.000000
1.439600
0.528800
0.000000
0.528500
0.527300
0.582200
0.529400
0.546500
0.531400
0.571200
0.029700
0.514500
0.533800
0.541800
0.537000
0.544300
0.547600
0.531300
0.537500
0.538100
0.532000
0.529500
0.548000
0.646400
0.543600
0.525200
0.669300
0.000000
0.548700
0.621700
0.548800
0.541400
0.546100
0.573500
0.543000
0.545100
0.000000
0.541400
0.537700
0.541700
0.566300
6.412200
0.524900
0.545800
0.541200
0.520800
0.530600
0.563400
0.536500
0.632500
0.516400
0.519400
0.524900
0.602000
0.540400
0.744600
0.000000
0.536900
0.519900
0.560900
0.533700
0.532600
0.529000
0.530000
0.538100
0.543800
0.579100
0.528800
5.138700
0.530000
0.532700
0.522700
0.541800
0.568900
0.529900
0.572400
0.526000
0.547800
0.543400
0.000000
0.528400
0.528200
0.530500
0.581200
0.658800
0.659300
0.528000
0.545300
0.536300
0.539900
0.523400
0.523600
0.604800
0.566800
0.522800
0.693900
0.607700
0.553000
0.516900
0.529400
0.529400
0.603400
0.670100
0.530100
0.533400
0.527000
0.549900
0.524800
0.530100
5.501200
0.514800
0.530000
0.556600
0.542600
0.532100
0.546200
0.524200
0.548800
0.530800
0.518300
0.000000
0.525200
0.553600
0.533900
0.569500
0.506100
0.515300
0.507700
0.537200
0.000000
0.538900
0.633800
0.550900
0.020800
0.591500
0.546100
0.548700
0.536000
0.674400
0.536600
0.553300
0.540900
0.553800
0.565300
0.535800
0.534200
0.539600
0.530300
0.735600
0.546500
0.537200
0.537000
0.529700
0.541300
0.517400
0.651500
0.531700
0.532900
0.546600
0.549300
0.581600
0.546100
0.538900
0.670500
0.556600
0.783900
0.542700
0.747300
0.603400
0.547400
0.546000
0.516500
0.571800
0.606700
0.541600
0.532700
0.579500
0.552000
0.552300
0.529700
0.544500
0.532000
0.532000
0.539300
0.555500
0.507000
0.537300
0.688500
0.580700
0.540800
0.659300
3.553300
0.529500
0.544000
0.531600
0.532400
0.621100
0.545500
0.000000
1.068200
0.544400
0.609300
0.543500
0.549500
0.560200
0.530700
0.585300
0.528400
0.528400
0.510900
0.536900
0.535700
0.000000
0.538300
0.632100
0.576000
0.527800
0.589500
0.527000
0.616400
0.542500
0.520300
0.519100
0.538300
0.540100
0.530300
0.564400
0.529600
0.573700
0.787700
0.545800
0.539900
0.551300
0.530200
0.530700
0.530300
0.000000
0.537500
0.516600
0.527300
0.520100
0.531000
0.538400
0.521900
0.536400
0.577600
0.541700
0.591400
0.528900
0.531600
0.525900
0.576200
0.538300
0.559200
0.562400
0.635300
0.000000
0.583500
1.063400
0.557800
0.542100
0.563200
0.533400
0.566000
0.542200
0.521900
0.636500
0.540300
0.534600
0.552900
0.537200
0.549300
0.526300
0.565400
0.558100
0.553200
0.552400
0.756900
0.525300
0.538100
0.576300
5.365300
0.532500
0.535300
0.527700
0.584600
0.542100
0.532700
0.528400
0.513500
0.557100
0.767100
0.539000
0.541700
0.542900
0.550800
0.599700
0.626800
0.534400
0.530000
0.538100
0.538500
0.560300
0.532600
0.523300
0.532300
1.112700
0.539800
0.000000
5.279800
0.508800
0.563100
0.530300
0.596600
0.589000
0.532900
0.559900
0.539400
0.549300
0.524700
0.538400
0.545200
0.597400
0.000000
0.550900
0.634000
0.530000
0.562900
0.700900
0.575900
0.538600
0.520600
0.535800
0.541600
0.545500
0.540700
0.536500
0.000000
0.510300
0.537300
0.518000
0.542900
0.551000
0.536500
0.591000
0.549300
0.598000
0.527400
0.527100
0.604800
0.537700
0.530900
0.577100
0.544900
0.565200
0.010200
0.551300
0.659900
0.595900
0.726700
0.533500
0.615000
0.536100
0.019200
0.542400
0.541200
0.541500
0.544200
0.000000
0.017300
0.540600
0.535800
0.583900
0.515700
0.521100
0.542500
0.544300
0.532200
0.605400
0.526700
0.536500
0.550000
0.570700
0.544700
0.571000
0.573500
3.828100
0.535200
0.546800
0.551000
0.538100
0.538300
0.535400
0.763100
0.678700
0.859300
0.388800
1.281500
1.007600
0.979200
1.236000
0.992200
1.344500
1.347000
1.102700
1.123700
0.448000
1.164900
1.283800
1.105800
1.368500
0.479900
0.000000
0.532900
0.533000
0.517000
0.537100
0.536600
0.607600
0.000000
0.589500
0.000000
0.555100
0.668800
0.543400
0.615600
0.572800
0.555400
0.546400
0.576600
0.523000
0.686700
0.539200
0.540400
0.543400
0.588000
0.525900
0.697300
0.566000
0.532200
0.543600
0.543500
0.532800
0.540900
0.000000
0.540700
0.527800
0.548400
0.608600
0.623700
0.540300
0.547800
0.569500
0.533500
0.547400
0.560700
0.538300
0.742000
0.585900
0.532500
0.575300
0.680300
0.542900
0.532100
0.543000
0.524100
0.528100
0.506000
0.538600
0.597100
0.000000
0.585200
0.527600
0.529800
0.528200
0.522900
0.528400
0.552900
0.620800
0.535700
1.253100
0.541300
0.584700
0.594500
0.541400
0.027300
0.542500
0.579400
0.539500
0.529400
0.542700
0.519600
0.522500
0.530600
0.557600
0.558100
0.606000
0.547900
0.538300
0.535600
0.540800
0.521600
0.530900
0.538700
0.577600
0.534400
0.531400
0.518800
0.531200
0.583700
0.542600
0.536900
0.558600
0.538700
0.549100
0.695600
0.541600
0.534600
0.602700
0.586000
0.560400
0.537200
0.530600
0.542800
0.553100
0.516700
0.541400
0.000000
0.526400
0.579500
0.000000
0.538000
0.540900
0.539200
0.538800
0.529300
0.544100
0.543400
0.571400
0.534900
0.665100
0.523600
0.537600
0.615900
0.552100
0.533700
0.000000
0.518800
0.000000
0.671500
0.612400
0.728000
0.517600
0.525100
0.547900
0.628700
0.565800
0.540900
0.518300
0.530100
0.535300
0.748100
0.539400
0.547300
0.718000
0.663400
0.506000
0.547500
0.518700
0.701200
0.567900
0.542800
0.531100
0.578300
0.554000
0.536600
0.543300
0.632600
0.507700
0.584100
0.000000
0.530600
0.553900
0.536100
0.584600
0.680900
0.619400
0.533000
0.639100
0.533200
0.562800
0.540400
0.538800
0.522500
0.546400
0.640600
0.529900
0.533000
0.552400
0.539400
0.541300
0.694000
0.591600
0.589400
0.565200
0.536400
0.533600
0.533800
0.000000
0.550200
0.523200
0.509100
0.541800
0.573300
0.519600
0.608400
0.538400
0.609900
0.528400
0.541300
0.533200
1.061100
0.586100
0.521100
0.593300
0.530600
0.563700
0.579700
0.538200
0.570400
0.523500
0.564100
0.531100
0.540500
0.532600
0.545600
0.561200
0.584600
0.539500
0.629300
0.000000
0.528900
0.552000
0.613100
0.553200
0.000000
0.555600
0.546500
0.525000
0.526600
0.509700
0.579400
0.537000
0.570700
0.567700
0.532800
0.556800
0.537700
0.536400
0.547700
0.584000
0.527700
0.565700
0.534700
0.592300
0.507800
0.538300
0.548300
0.517400
0.573200
0.000000
0.000000
0.593300
0.697600
0.547900
0.541700
0.559300
0.576000
0.518000
0.581600
0.529300
0.598700
0.564600
0.541700
0.531500
0.591700
0.542500
0.551400
0.524700
0.538200
0.531600
0.545800
0.545800
0.632900
0.544600
0.553100
0.545200
0.580500
0.000000
0.572900
0.593400
0.541900
0.548900
0.657600
0.520600
0.523600
0.519700
0.570100
0.568600
0.565300
0.533800
0.596400
0.546200
0.538200
0.000000
0.544700
0.524700
0.533900
0.559800
0.539300
0.546200
0.550000
0.509200
0.638400
0.564800
0.533000
0.529600
0.585000
0.521800
0.546300
0.551000
0.549400
0.760200
0.726100
0.530300
0.620900
0.562400
0.543000
0.530500
0.532900
0.523900
0.638700
0.025500
0.531300
0.521000
0.550300
0.530300
0.612000
0.602700
0.539400
0.562600
0.532400
0.000000
0.537900
0.536200
0.530900
0.590200
0.536600
0.701900
0.000000
0.730600
0.545100
0.540200
0.537600
0.506500
0.588100
0.527900
0.543200
0.602800
0.509500
0.543000
0.525000
0.696900
0.534600
0.531900
0.519500
0.665700
0.000000
5.053000
0.000000
0.531500
0.623500
0.548800
0.000000
0.543100
0.000000
0.582100
0.643400
0.520600
5.489500
0.000000
0.531200
0.530100
0.599300
0.650900
0.000000
0.577000
0.000000
0.537900
1.054500
0.530100
0.632500
0.567000
0.530500
0.525600
0.664700
0.519100
0.506500
0.595200
0.530700
0.530400
0.556800
0.531900
0.540200
0.594500
0.553300
0.527300
0.555500
0.537900
0.517500
0.562900
0.530900
3.318000
0.576300
0.578700
0.529300
0.559100
0.534400
0.648000
0.597500
0.529000
0.542200
0.616700
0.577800
0.529100
0.537600
0.544100
0.528600
0.559100
0.658600
3.455200
1.492400
0.540100
0.755600
0.532700
0.514300
0.551300
0.509000
0.528600
0.515900
1.062900
0.544800
0.659700
0.526000
0.609700
0.520800
0.546200
1.058900
0.537800
0.531600
0.645200
0.581600
0.567800
0.515600
0.517900
0.733700
0.530500
0.661400
0.593400
0.528100
0.566800
0.544900
0.540300
0.643000
0.939400
0.530000
0.540900
0.530500
0.525000
0.631500
0.545300
0.552700
0.539100
0.561300
0.508700
0.000000
0.562700
0.515800
0.547800
0.531200
0.607600
0.533700
0.520500
0.541400
0.524000
0.587000
0.000000
0.000000
0.558500
0.534500
0.579100
0.540600
0.542400
0.529500
0.543800
0.552400
0.635500
0.529800
0.529900
0.013800
0.533800
0.506400
0.535200
0.038200
0.540800
0.596100
0.604800
0.535100
0.535100
0.542100
0.523500
0.596500
0.538200
0.541600
0.543000
0.532000
0.545300
0.574800
0.540100
0.705200
0.000000
0.535800
0.000000
0.606700
0.545400
0.527200
0.609000
0.531600
0.524000
0.615000
0.538100
0.540400
0.536800
0.551200
0.533300
0.550100
0.584300
0.558700
0.537300
0.593000
0.547800
0.548700
0.544300
0.601600
0.621700
0.506300
0.537500
0.565000
0.546900
0.537600
0.564200
0.536400
0.508500
0.541900
0.531600
0.536000
0.533600
0.553500
0.548000
0.533100
0.592500
0.533400
0.527200
0.592800
0.541500
2.670700
0.524700
0.529700
0.572900
0.527000
0.533200
0.590400
0.567900
0.532100
0.632300
0.522900
0.543700
0.000000
0.659200
0.541500
0.531600
0.533000
0.540600
0.516600
0.538100
0.534400
0.539100
0.539900
0.529700
0.535400
0.534100
0.544900
0.528600
0.000000
0.528900
0.539500
0.528900
0.611300
0.541400
0.530900
0.644800
0.634800
0.552300
0.523200
0.538800
0.540300
0.533000
0.532400
0.706100
0.530900
0.581800
0.595000
0.529500
0.542200
0.525900
0.548600
0.000000
0.588400
0.598800
0.563800
0.520600
0.528200
0.561800
0.535200
0.542400
0.537800
0.000000
0.541300
0.526400
0.542200
0.634400
0.579500
0.000000
0.531700
0.576000
0.523000
0.533300
0.555200
0.596600
0.534200
0.533900
0.583600
0.537800
0.537900
1.020700
0.588200
0.543800
0.605100
0.533200
0.538400
0.000000
0.532300
0.563600
0.525600
0.540800
0.525800
0.656900
0.551600
0.530800
0.544400
0.529000
0.531200
0.529100
0.507800
1.064100
1.072900
0.690900
0.533400
0.569700
0.526000
0.540600
0.571100
0.529400
0.542100
0.000000
0.538800
0.630400
0.606900
0.000000
0.601800
0.527700
0.538500
0.575900
0.575300
1.304300
0.529600
0.671100
0.549500
0.598800
0.530800
0.540800
0.542000
0.592400
0.553400
0.675200
0.533000
0.611700
0.541300
0.616300
0.638300
0.524600
0.554100
0.541100
0.530400
0.660000
0.554800
0.540500
0.722800
0.538300
0.584400
0.539900
0.522400
0.584500
0.526200
0.529000
0.526000
0.538100
0.565200
0.529000
0.606900
0.550900
0.576400
0.544800
0.533200
0.642200
0.524200
0.508400
0.554600
0.522700
0.590300
0.592600
0.540600
0.530000
0.604400
0.533300
0.538400
0.539400
0.546900
0.682700
0.537100
0.541200
0.538300
0.550300
0.563300
0.532600
0.581500
0.539200
0.565500
0.532600
0.536400
0.523800
0.543000
0.539500
0.531900
0.531100
0.538000
0.546600
0.538300
0.569300
0.611200
1.038700
0.533800
3.682200
0.541800
0.578300
0.522300
0.544700
0.525600
0.576600
0.549700
0.536900
0.537000
0.529100
0.532300
0.555700
0.539400
0.534100
0.524400
0.548400
0.552200
0.528100
0.542400
0.540800
0.000000
0.000000
0.543600
0.532200
0.570700
0.621200
0.520900
0.540100
0.533200
0.610600
0.599000
0.530300
0.541300
0.597100
0.545900
0.000000
0.528000
0.528000
0.000000
0.523900
0.541700
0.523800
0.564800
0.565500
0.539900
0.532300
0.539700
0.535100
0.529800
0.577900
0.609000
0.541800
0.534200
0.528600
0.531800
0.604700
0.674600
0.600000
0.535800
0.534900
0.960800
1.218900
0.000000
1.216700
1.183800
1.171600
1.314600
1.277500
1.293500
1.232800
1.004400
0.446800
1.092400
1.339000
1.192800
1.261700
0.543100
0.958900
0.559500
1.257700
1.151800
0.610900
0.605800
0.529700
0.540500
0.000000
0.548600
0.531100
0.590500
0.543300
0.585500
0.533700
0.526300
0.522500
0.577700
0.521600
0.000000
0.000000
0.528000
0.535300
0.545000
0.550600
0.536000
0.509500
0.568000
0.530100
0.550100
0.548300
0.535400
0.531900
0.545300
0.532700
0.538500
0.567800
0.536600
0.538400
0.541000
0.535000
0.562200
0.000000
0.552700
0.715200
0.534200
1.062800
0.000000
0.545700
0.535400
0.609000
0.556800
0.522600
0.530900
0.541200
0.544900
0.562200
0.527600
0.511400
0.505600
0.589100
0.531800
0.535800
0.000000
0.507600
0.559900
0.534100
0.542900
0.521100
0.541200
0.540400
0.543700
0.555600
0.523700
0.594500
0.526600
0.538200
0.538900
0.689500
0.578600
0.527500
0.605500
0.549100
0.540600
0.523400
0.562000
0.557400
0.522900
0.537100
0.542600
0.614700
0.649000
1.267300
0.530000
0.543300
0.572900
0.583600
0.556400
0.534900
0.540300
0.534400
0.569000
0.528000
0.000000
0.595200
0.572400
0.531800
0.525000
0.520200
0.747100
0.542200
0.582400
0.532200
0.541100
0.597700
0.562900
0.535900
0.535900
0.544700
4.046400
0.512300
0.597700
0.087400
0.535600
0.550500
0.000000
0.621900
0.530300
0.528200
0.518600
0.545200
0.541800
0.517100
0.538600
0.584500
0.540300
0.535100
0.531000
0.554300
0.583600
0.540400
0.614100
0.532500
0.545300
0.581700
0.553800
0.528300
0.541300
0.575600
0.548100
0.542600
0.525900
0.542000
0.524000
0.000000
0.564800
0.518500
0.532500
0.543500
0.582300
0.545800
0.533600
0.570200
0.541600
0.000000
0.543100
0.555600
0.548500
0.521200
0.522000
0.535700
0.553900
0.547400
0.567700
0.529100
0.641600
0.524200
0.537100
0.589400
0.522900
0.000000
0.537200
0.598800
0.578500
0.000000
0.517300
0.575500
0.533100
0.537900
0.571200
1.135100
0.528600
0.507900
0.540800
0.563600
0.530100
0.731500
0.542700
0.557700
0.529100
0.530500
0.533800
0.548700
0.541700
0.590500
0.536200
0.608100
0.580300
0.516100
0.699900
0.548100
0.547200
0.538700
0.542800
0.536200
0.532700
0.000000
0.507200
0.000000
0.590000
0.594000
0.532400
0.671100
0.552200
0.527700
0.550800
0.577400
0.541000
0.600900
0.604400
0.516200
0.518700
0.505600
0.539900
0.581100
0.531500
0.573400
0.526100
0.540700
0.535900
0.542600
0.522000
0.525600
0.539900
0.627800
0.525100
0.599800
0.565300
0.592800
0.541400
0.539500
0.025700
0.534800
0.532800
0.600600
0.523600
0.541300
0.534000
0.541000
0.539700
0.510200
0.528900
0.579700
0.539000
0.534800
0.529500
0.530800
0.562900
0.761400
0.537100
0.517100
0.546600
0.549000
0.540000
0.547200
0.543400
0.570700
0.541900
0.539900
0.548700
0.540200
0.554700
21.863100
13.825700
12.438500
0.531600
0.626900
0.518800
0.606200
0.540900
0.000000
0.542600
0.532800
0.539000
0.506200
0.537600
0.537900
0.526000
0.515300
0.547300
0.536100
0.541100
0.535800
0.560800
0.537400
0.632100
0.524700
0.617400
0.542700
0.534900
0.689700
0.540600
0.533100
0.566300
2.648300
1.068200
0.563300
0.507600
0.510400
0.522000
0.548500
0.552600
0.558800
0.574900
0.763500
0.549900
0.527000
0.540600
0.000000
0.562000
0.524000
0.534200
0.528400
0.530500
0.529700
0.600600
0.532500
0.525500
0.545300
0.542800
0.526700
0.574900
0.529900
0.563800
1.602000
0.537100
0.549900
0.516200
0.000000
0.564200
0.543500
0.523100
0.578300
0.530600
0.533500
0.546200
0.529800
0.549000
0.592800
0.591700
0.570400
0.545400
0.000000
0.539800
0.534300
0.576900
0.543900
0.531900
0.534000
0.547400
0.541300
0.639700
0.530600
0.628700
0.606100
0.538400
0.534300
0.535100
0.541200
0.524700
0.529600
0.527400
0.539100
0.561900
0.561400
0.544900
0.510000
0.536200
0.538300
0.532400
0.532100
0.573500
0.619700
0.541800
0.540300
0.545400
0.562800
0.752900
0.533000
0.533400
0.543900
0.000000
0.593900
0.552000
0.540800
0.675800
0.000000
0.541700
0.542400
0.526600
0.585900
0.530200
0.000000
0.539100
0.543800
0.530300
0.530000
0.707200
0.544700
0.539400
0.533300
0.531500
0.653600
0.537400
0.541400
0.543200
0.529200
0.752200
0.533600
0.580100
0.633300
1.054000
0.565300
0.594400
0.546200
0.531200
0.529800
0.560300
0.609800
0.558000
0.534300
0.000000
0.558600
0.529000
0.602300
0.705600
0.539700
0.534300
0.562500
0.531800
0.565600
0.521600
0.528600
0.532200
0.909500
0.498600
0.545800
1.401200
1.050600
1.030100
1.145600
0.981000
0.541400
0.543900
0.517100
0.568600
0.562200
0.530000
0.517400
0.549000
0.524500
0.523800
0.549200
0.599500
0.608800
0.541400
0.600500
0.561800
0.000000
0.000000
0.516200
0.566400
0.533900
0.000000
0.000000
0.608200
0.533200
0.541700
0.599200
0.592400
0.526300
0.629600
0.521400
0.621300
0.588900
0.628900
0.000000
0.531200
0.000000
0.572800
0.535100
0.528900
0.563800
0.529600
0.511700
0.529600
0.526300
0.556600
0.669200
0.000000
0.559800
5.640400
0.546800
0.000000
0.520400
0.640900
0.525500
0.532600
0.517700
0.533100
0.610100
0.524700
0.531900
0.536800
0.642400
0.532900
0.529200
0.517400
0.518800
0.515900
0.581400
0.601500
0.582100
0.000000
0.549600
0.530400
0.573800
0.522900
0.000000
0.548700
0.528600
0.515500
0.530300
0.541400
0.526900
0.539200
0.574200
0.528400
0.519500
0.542800
0.000000
1.073800
0.537200
0.540900
0.599900
0.000000
0.000000
0.531800
0.580800
0.594600
0.611000
0.554800
0.582100
0.524900
0.536500
0.548300
0.586600
0.532600
0.705800
0.555400
0.540600
0.518600
0.522500
0.542200
0.534900
0.549800
0.000000
0.540900
0.569600
0.531700
0.539300
0.546200
0.534300
0.507600
0.581300
0.514800
0.539500
0.000000
0.529300
0.527600
0.575600
0.530600
0.603800
0.589900
0.546000
0.528500
0.000000
0.000000
0.000000
0.544200
0.572200
0.564000
0.568000
0.660100
0.569900
0.679200
0.580400
0.545900
0.534000
0.545900
0.570000
0.000000
0.545000
0.556500
0.539900
0.561000
0.530600
0.552100
0.540000
0.592300
0.000000
0.528300
0.534500
0.542800
0.581200
0.536600
0.541500
0.000000
0.532900
0.575100
1.120900
1.190800
1.115900
1.083200
1.308700
1.033200
0.977400
1.001300
0.513300
0.508100
0.000000
0.507800
7.386000
0.508000
0.589200
0.510600
0.563100
0.600000
0.545900
0.532100
0.575200
0.553000
0.552000
0.568600
0.561000
0.534800
0.517100
0.559000
0.604000
0.000000
0.000000
0.000000
0.527900
0.514000
0.527000
0.549300
0.552600
0.528000
0.539600
0.534500
0.519900
0.523200
0.595300
0.528000
0.529700
0.530500
0.590800
0.567400
0.580400
0.578100
0.553200
0.570000
0.545100
0.559600
0.528900
0.000000
0.556300
0.535000
0.527100
0.000000
0.545500
0.549800
0.550600
0.541600
0.543900
0.521900
0.532600
0.520900
0.624400
0.525900
0.525900
0.531500
0.537700
0.534200
0.528200
0.000000
0.568900
0.551900
3.109600
0.523800
0.579100
0.541400
0.586300
0.542600
0.518900
0.580600
0.540000
0.537500
0.173500
0.652100
0.529200
0.524500
0.531700
0.543000
0.562000
0.561500
0.531200
0.528300
0.000000
0.543100
0.000000
0.618300
0.529000
0.030500
0.534100
0.582600
0.565800
0.531400
0.583000
0.542400
0.000000
0.575200
0.520900
0.540400
0.022300
0.000000
0.530700
0.532600
0.532200
0.588700
0.560400
0.538600
0.533100
0.639300
0.530100
0.592100
0.531400
0.578700
0.533200
0.554500
0.695800
0.531600
0.524700
0.542000
0.526200
0.571300
0.580900
0.535500
0.526600
0.557100
0.554500
0.626400
0.714000
0.525000
0.553000
0.515700
0.651200
0.000000
0.547400
0.558500
0.535700
0.535800
0.584500
0.534100
0.535600
0.682400
0.589800
0.529900
0.521900
0.546600
0.580300
0.562500
0.027600
0.581600
0.581400
0.594100
0.601800
0.583600
0.520100
0.552600
0.626800
0.000000
0.553400
0.699600
0.524800
0.591900
0.525400
0.538900
0.000000
0.577300
0.542300
0.544800
0.537400
0.562500
0.539800
0.547200
0.524000
0.547600
0.616100
0.538400
0.514100
0.544800
0.533800
0.542600
0.552600
0.506300
0.566900
0.532400
0.707600
0.562100
0.542900
0.000000
0.540900
0.538100
0.000000
0.533100
0.553100
0.546100
0.522600
0.613000
0.000000
0.582000
0.547000
0.538200
0.523900
0.530600
0.527300
0.532100
0.506200
0.527800
0.000000
0.519600
0.000000
0.521500
0.545200
0.541500
0.539500
0.000000
0.524500
0.535800
0.525700
0.508200
0.575700
0.000000
0.630300
0.546900
0.506600
0.529900
0.565200
0.520800
0.509800
0.583300
0.515900
0.589900
0.538000
0.540100
0.534400
0.565400
0.530400
0.609800
0.515900
0.533400
0.539200
0.533100
0.558800
0.549500
0.587700
0.531400
0.592700
0.583300
0.531000
0.544300
0.588100
0.583800
0.538500
0.527300
0.569700
0.509000
0.532200
0.528600
0.538200
0.640800
0.538200
0.541100
2.383200
0.550600
0.613600
0.000000
0.526800
0.551700
0.000000
0.530000
0.531100
0.507600
0.552700
0.535800
0.602600
0.523300
0.541700
0.037200
0.639500
0.577300
0.532100
0.603100
0.551900
0.531700
0.600900
0.537300
0.565700
0.538900
0.528900
0.531800
0.533400
0.557000
0.524500
0.000000
0.000000
0.509400
0.545900
0.694600
0.543400
0.530400
0.600800
0.797400
0.528400
0.531700
0.611300
0.000000
0.593400
0.570700
0.541500
0.589100
0.029000
0.000000
0.670300
0.509900
0.515700
0.523400
0.539200
0.528300
0.506500
0.545500
0.574800
0.588900
0.000000
0.000000
0.544000
0.587100
0.538100
0.539300
0.531300
0.603800
0.639100
0.524000
0.528200
0.538300
0.541900
0.594400
0.627900
0.531200
0.565100
0.553700
0.556700
0.533800
0.000000
0.539700
0.529300
0.582300
0.000000
0.540800
0.533400
0.526400
0.526400
0.085500
0.535900
0.565300
0.539100
0.529400
0.535800
0.541500
0.000000
0.527300
0.534900
0.608400
0.527400
0.579500
0.601900
0.536700
0.717500
0.562800
0.596400
0.000000
0.548500
0.569100
0.000000
0.534300
0.543500
0.520000
0.556700
0.523500
0.521700
0.531900
0.592100
0.000000
0.687900
0.526600
0.524900
0.636900
0.588400
0.543100
0.531400
0.554300
0.640900
0.519500
0.588100
0.546000
0.558700
0.523300
1.115000
0.533800
0.505500
0.607900
0.000000
0.000000
0.537400
0.543400
0.527200
0.613700
0.571000
0.678400
0.542200
0.523700
0.530900
0.537300
0.560000
0.576500
0.532500
0.570800
2.649300
0.544100
0.566900
0.530200
0.540000
0.509600
0.571500
0.541400
0.560400
0.543400
0.527800
0.549700
0.525200
0.538200
0.000000
0.508300
0.543600
0.568600
0.547700
0.527600
0.525800
0.000000
0.527900
0.628500
0.000000
0.555700
0.544600
0.522100
0.641000
0.542400
0.534400
0.508300
0.566400
0.507700
0.649000
0.564500
0.556100
0.543900
0.568400
0.567100
0.000000
0.548500
3.740700
0.506900
0.564200
0.603900
0.563100
0.593700
0.546600
0.595000
0.507900
0.572500
0.547700
0.536400
0.520900
0.530400
0.611900
0.526100
0.531400
0.531500
0.000000
0.550900
0.519600
0.551300
0.534500
0.524100
0.574500
0.526300
0.525200
0.525400
0.543400
0.000000
0.552500
0.000000
0.676500
0.540800
0.580000
0.569800
0.567100
0.587000
0.529200
0.592300
0.530000
0.000000
0.540700
0.000000
0.000000
0.532200
0.526600
0.505100
0.572800
0.533400
0.538600
0.000000
0.610800
0.547200
0.537600
0.580900
0.522400
0.533800
0.518000
0.680400
0.530200
0.081000
0.000000
0.000000
1.163200
1.138200
1.108300
1.234300
1.295300
1.010700
0.567300
0.545900
0.000000
0.606900
0.558600
0.562900
0.540600
0.531200
0.516500
0.517500
0.558700
0.000000
0.540800
0.000000
0.537400
0.572200
0.555800
0.557000
0.000000
0.552000
0.000000
0.627900
0.544400
0.544400
0.553600
0.524200
0.533900
0.000000
0.000000
0.538000
0.523800
0.508400
0.579200
0.601300
0.537700
0.528700
0.507400
0.507500
0.581600
0.532500
0.576700
0.541300
0.600700
0.000000
0.584300
0.571200
0.569000
1.030700
0.560200
0.603400
0.533500
0.540800
0.528400
0.524900
0.507100
0.534700
0.569000
0.568200
0.537900
0.544600
0.523800
0.544800
0.660000
0.532100
0.545400
0.531300
0.511400
0.614500
0.000000
0.542300
0.587500
0.606100
0.538300
0.566700
0.541700
0.000000
0.000000
0.552200
0.533700
0.533700
0.606300
0.000000
0.554900
0.548500
0.538700
0.602500
0.527200
0.530600
0.540500
0.562900
0.517200
0.529200
0.554800
0.531000
0.681700
0.531800
0.618100
0.539700
0.534000
0.000000
0.537100
0.509300
0.647400
0.595800
0.528700
0.535900
1.196300
1.185700
1.187200
0.547700
0.530300
0.529400
0.546400
0.532800
0.496100
0.556000
0.635300
0.539100
0.000000
0.533300
0.639300
0.530800
0.530500
0.527500
0.548800
0.570800
0.537900
0.598800
0.582300
0.618700
1.216700
0.526200
0.573700
0.527600
0.526000
0.527800
0.540400
0.515000
0.521700
0.565800
0.536900
0.546900
0.604300
0.608700
0.523700
0.548400
0.532400
0.562300
0.517300
0.000000
0.531500
0.000000
0.537800
0.614500
0.533100
0.549100
0.596500
0.533700
0.588000
0.681300
0.000000
0.533300
0.547700
0.539900
0.000000
0.589900
0.681000
0.599600
0.523200
0.000000
0.596800
0.615400
0.552500
0.520500
0.579700
0.545700
0.568300
0.539800
0.579600
0.641900
0.000000
0.536400
0.529800
0.599800
0.531500
0.626600
0.533400
0.626500
0.567600
0.541500
0.546500
0.546500
0.558300
0.535300
0.559300
0.535400
0.533400
0.557100
0.682600
0.617800
0.000000
0.533800
0.000000
0.616800
0.528700
0.541900
0.582800
0.527700
0.542200
0.525900
0.000000
0.540700
0.550300
0.000000
0.648300
0.609000
0.597700
0.540700
0.530600
0.532200
0.523000
0.000000
0.524700
0.526800
0.526600
0.626600
0.524400
0.568000
0.532000
0.506200
0.000000
0.000000
0.555900
0.594700
0.545400
0.537400
0.542000
0.548000
0.560800
0.530700
0.666700
0.000000
0.544700
0.000000
0.529500
0.532400
0.575800
0.524300
0.623000
0.545300
0.543500
0.000000
1.049500
0.532200
0.533300
0.508700
0.534600
0.512800
0.545600
0.599100
0.511200
0.000000
0.601400
0.543500
0.545200
0.083000
0.506500
0.544800
0.559900
0.663600
0.528400
0.544200
0.517900
0.542000
0.509900
0.572800
0.532800
0.562500
0.506400
0.530300
0.545900
0.589400
0.557600
0.000000
0.000000
0.000000
0.537500
0.531800
0.526300
0.620600
0.547500
0.531000
0.576100
0.538200
0.000000
0.598100
0.526200
0.607600
0.532000
0.549300
0.540500
0.540800
0.540700
0.541300
0.530900
0.583700
0.000000
0.553500
0.592900
3.302100
0.542800
0.527400
0.526100
0.000000
0.555100
0.536300
0.555700
0.540900
0.589400
0.565300
1.079900
0.525300
0.595100
3.486400
0.508800
0.563600
0.626300
0.608600
0.532300
0.517800
0.529900
0.000000
0.587500
3.652600
0.566100
0.529100
0.563300
0.609900
0.556400
0.537600
0.543200
0.601200
0.528200
0.529000
0.546200
0.538800
0.602400
0.527300
0.520500
0.655800
0.596600
0.638900
0.585100
0.637200
0.699000
0.549600
0.604600
0.618600
0.544100
0.695700
0.538900
0.530600
0.537400
0.508400
0.536400
0.529600
0.000000
0.538600
1.115300
0.529000
0.521800
0.552900
0.000000
0.612100
0.619100
0.542000
0.525300
0.541700
0.569700
0.543500
0.595300
0.528200
0.535600
0.509000
0.535200
0.539100
0.000000
0.533600
0.641900
0.534200
0.538000
0.537500
0.542100
0.000000
0.547900
0.536500
0.555400
0.517600
0.534300
0.532900
0.783200
0.521800
0.541800
0.526900
0.600600
1.045900
0.518400
0.631900
0.548600
0.531000
0.580500
0.000000
0.540500
0.574100
0.535800
0.702400
0.551600
0.559100
0.546300
0.548700
0.596400
0.614500
0.542100
0.548300
0.609300
0.536600
0.695200
0.537000
0.553000
0.654100
0.514500
0.547600
0.533900
0.570000
0.546700
0.540800
0.530400
0.585000
0.553600
0.543900
0.562900
0.562400
0.585600
0.541300
0.554900
0.535900
0.560600
0.633500
1.005200
0.683600
0.882400
0.541700
1.269200
0.763700
0.784600
1.006800
1.024400
0.591000
0.549000
1.399500
0.442000
1.000500
0.567800
0.588900
0.584800
0.532000
0.533500
0.530400
0.626900
0.582600
0.600000
0.535400
0.518900
1.099300
0.597700
0.615400
0.534300
0.536300
0.543200
0.537300
0.547400
0.534600
0.525500
0.565000
0.544100
0.581000
0.546600
0.536200
0.531400
0.548400
0.526700
0.551900
0.533200
0.542400
0.852400
0.526800
0.524700
0.548700
0.527900
0.565700
0.529800
0.613200
0.521100
0.000000
0.529600
0.531500
0.542300
0.547500
0.563200
0.544600
0.544600
0.526900
0.543900
0.541800
0.540200
0.612100
0.594300
0.563200
0.547300
0.531500
0.524900
3.090600
0.526000
0.529500
0.537100
0.541700
0.547200
0.574900
0.530000
1.060500
0.556500
0.561800
0.585500
0.000000
0.566400
0.540400
0.541700
0.602400
0.566700
0.522700
0.529200
0.542600
0.531800
0.558100
0.538600
0.642300
0.538100
0.572300
0.732800
0.536400
0.531400
0.534100
0.519000
0.530900
0.611000
0.577600
0.536800
1.138700
0.554600
0.549600
0.522100
0.643600
0.554500
0.546000
0.628400
0.537500
0.555500
0.624900
0.000000
0.635500
0.534400
0.534400
0.534000
0.559800
0.552200
0.518200
0.569200
0.534300
0.557300
0.531200
0.552800
0.528600
0.528600
0.551100
0.592500
0.531000
0.562200
0.528600
0.580100
0.559400
0.573900
0.529200
0.563800
0.538800
0.582900
0.521000
0.534200
0.559500
0.547000
0.524200
0.000000
0.534100
0.529400
0.527000
0.537500
0.538600
0.000000
0.545200
0.543600
0.542400
0.572500
1.069700
0.547100
0.533700
0.513200
0.562300
0.598400
0.553000
0.597700
0.000000
0.597200
0.546200
0.559100
0.535700
0.592300
0.600300
0.531400
0.663700
0.572900
0.545300
0.545400
0.545900
0.559000
0.531400
0.531000
0.549900
0.547100
0.535400
0.536700
0.542300
0.542100
0.532800
0.523700
0.632400
0.516100
0.544200
0.551400
0.543300
0.547300
0.536700
0.596800
0.637800
0.535700
0.531600
0.507200
0.700700
0.543300
0.541200
0.535600
0.576700
0.611700
0.524500
0.529000
0.524700
0.542100
0.537700
0.533600
0.534100
0.550700
0.643400
0.705100
0.000000
0.603300
0.543000
0.712800
0.545700
0.518300
0.611300
0.561700
0.550100
0.532400
0.544900
0.540200
0.530600
0.548800
0.535500
0.000000
0.547300
0.552400
0.507200
0.607000
0.520900
0.520400
0.634900
0.542900
0.592900
0.555900
0.549500
0.548300
0.538000
0.527900
0.531700
0.591400
0.620200
0.586200
0.530900
0.538900
0.531400
0.594400
0.000000
0.533800
0.529300
0.685500
0.534000
0.590100
0.000000
0.508600
3.750000
0.508200
0.536700
0.537200
0.519700
0.545800
0.510300
0.539100
0.000000
0.535400
0.531900
0.545900
0.532000
0.537000
0.537500
0.543700
0.657200
0.551200
0.545200
0.542400
0.531400
0.541800
0.530000
0.539500
0.667300
0.733900
0.543300
0.623000
0.020200
0.606300
0.577300
0.589000
0.606900
0.541400
0.607800
0.732800
0.542100
0.534800
0.541000
0.541200
0.541500
0.545200
0.601300
0.561300
0.532600
0.649100
0.593900
0.694900
0.602800
0.541100
0.672300
0.572900
0.534100
0.588700
0.597900
0.559000
0.577000
0.543600
0.532000
0.537100
0.519600
0.547900
0.582300
0.541400
0.537300
0.574800
0.531400
0.524600
0.526200
0.759100
0.535300
0.619600
0.555800
0.530200
0.615900
0.538300
0.703100
0.537900
0.548600
0.533100
0.000000
0.533700
0.599200
0.544400
0.544200
0.665100
0.530100
0.601600
0.526000
0.532700
0.531700
0.550800
0.000000
0.532500
0.000000
0.541900
0.625100
0.520800
0.535500
0.533600
0.655400
0.626500
0.536800
0.590700
0.598100
0.558300
0.000000
0.547600
0.541300
0.540600
0.552400
0.548600
0.532400
0.539900
0.550200
0.530900
0.518000
0.538000
0.534900
0.659000
0.586700
0.516700
0.531600
0.790500
0.063300
0.548700
0.547400
0.727100
0.562700
0.560000
0.561900
0.526300
0.534300
0.548500
0.566000
0.531800
0.522000
0.546100
0.532100
0.612400
0.577200
0.537400
0.580600
0.510000
0.574900
0.555500
0.549300
0.544800
0.541800
0.549500
0.550200
0.691200
0.519000
0.532900
0.605600
0.529000
0.542200
0.532000
0.560000
0.526300
0.531300
0.544800
0.568500
0.526800
0.524100
0.589900
0.530900
0.551800
0.520000
0.531100
0.540500
0.530500
0.543800
0.857000
0.536300
0.544700
0.525900
0.548100
0.525800
0.597900
0.639200
0.539900
0.532600
0.528400
0.699700
0.534600
0.531400
0.525700
0.506900
0.571700
0.619400
0.000000
0.545700
0.539100
0.551800
0.017500
0.562200
0.543800
3.689700
0.511800
0.580900
0.535800
0.714100
0.000000
0.540400
0.615000
0.616300
0.534600
0.530900
0.576400
0.578400
0.539200
0.567500
0.523300
0.612800
0.533900
0.528100
0.533900
0.632800
0.570500
0.544500
0.651000
0.540600
0.508900
0.543400
0.533900
0.541700
0.576800
0.524400
0.529600
1.080900
1.156500
1.318600
1.296300
1.265300
0.000000
0.608500
0.525600
0.655100
0.545700
0.528300
0.531700
0.541300
1.261500
0.522600
0.605900
0.551000
0.525000
0.522000
0.517300
0.531000
0.589600
0.554700
0.000000
0.542000
0.675700
0.603300
0.551500
0.519600
0.546900
0.549900
0.538800
0.566800
0.596000
0.539200
0.544300
0.585900
0.564200
0.563600
0.533000
0.533300
0.530900
0.545500
0.511400
0.598500
0.567700
0.552100
0.000000
0.613600
0.543100
0.556800
0.599000
5.947200
0.531200
0.547100
0.547000
0.530300
0.533800
0.539000
0.595600
0.598200
0.568800
0.610600
0.581800
0.660500
0.572300
0.551100
0.533300
0.508700
0.543600
0.533900
0.622900
0.529900
0.553400
0.519400
0.541400
0.543100
0.544000
0.519200
0.530300
0.548100
0.529000
0.539100
0.610900
0.532800
0.537300
0.641400
0.526100
0.563600
0.547700
0.680700
0.517700
0.562600
0.531200
0.524300
0.587300
0.540300
1.117200
1.167100
1.190600
0.547100
1.149700
0.989400
0.544200
0.527000
0.540500
0.531500
0.539600
0.557700
0.591300
0.581000
0.533200
0.539700
0.000000
0.530100
0.554600
0.559200
0.525500
0.572900
0.531100
0.541400
0.532400
0.532900
0.526200
0.532100
0.521100
0.570400
0.632000
0.539800
0.537000
0.512200
0.603800
0.532800
0.630800
0.617300
0.574100
0.535600
0.546800
0.563800
0.555300
0.522800
0.566600
0.538400
0.611900
0.453700
1.055200
1.359300
1.202000
1.155100
1.193200
1.345900
0.473900
1.316200
1.307600
0.999700
0.547000
0.529900
0.533400
0.711600
0.532700
0.556200
0.531600
0.572300
0.541800
0.553300
2.321800
0.505500
0.526500
0.533800
0.526400
0.549700
0.540600
0.508900
0.546500
0.523000
0.000000
0.592900
0.539600
0.612900
0.542100
0.538200
0.537000
0.506400
0.529800
0.574600
0.617600
0.547400
0.700400
0.591000
0.539000
0.526700
0.544100
0.592800
0.523200
0.603900
0.525900
0.538700
1.070200
0.000000
0.611000
0.508000
0.564600
0.571600
0.529100
0.543500
0.544800
0.575600
0.563700
0.546700
0.606700
0.593800
0.522800
0.590400
0.506500
0.529900
0.582500
0.548300
0.515100
0.000000
0.589700
0.544600
0.519600
0.526500
0.560800
0.520100
0.560000
0.534600
0.571200
0.000000
0.534100
0.578000
0.533200
0.533700
0.538800
0.670100
0.523200
0.673300
0.527500
0.543300
0.564000
0.576000
0.537400
0.562800
0.570900
0.533100
0.540000
0.558000
0.688200
0.524000
0.543900
0.000000
0.527000
0.663400
0.545800
0.540900
0.552800
0.522100
0.529000
0.573700
0.536400
0.540800
0.540900
0.530800
0.529600
0.538300
0.603700
0.544100
0.589700
0.517600
0.573400
0.575000
1.044100
0.526800
0.526000
0.798400
0.000000
0.533500
0.509700
0.565200
0.558500
0.558500
0.536200
0.556300
0.536600
0.000000
0.523100
0.000000
0.000000
0.000000
1.078800
0.547300
0.546400
0.545400
0.537700
0.544600
0.544300
0.567100
0.542100
0.599600
0.528700
0.675200
0.530000
0.532600
0.519500
0.000000
0.536000
0.527300
0.544000
0.610100
0.578300
0.529500
0.553400
0.538400
0.547800
0.521200
0.523400
0.510500
0.589600
0.520200
0.543600
0.552400
0.522600
0.530000
0.539000
0.549000
0.518600
0.608700
0.573100
0.837700
0.588900
0.558800
0.530200
0.627700
0.000000
0.530100
0.670100
0.540900
0.551300
0.533500
0.586400
0.532200
0.517900
0.569400
0.599300
0.532700
0.000000
0.521900
0.538000
0.549000
0.548600
0.000000
0.000000
0.508300
0.532400
0.534600
0.533900
0.548900
0.592600
0.000000
0.527200
0.630400
3.600500
0.522600
0.683600
0.515100
0.624400
0.604200
0.540200
0.645100
0.517500
0.541800
0.563900
0.541100
0.580700
0.537300
0.601100
0.526700
0.533600
0.586900
0.541900
0.546600
0.524200
0.523600
0.576300
0.530400
0.535600
0.517600
0.569800
0.533300
0.578800
0.538700
0.540700
0.541800
0.538800
0.531900
0.620600
0.540200
0.514500
1.066500
0.534300
0.545100
0.533100
0.527300
0.541700
0.534400
0.543900
0.527500
0.637800
0.536900
0.617300
0.542500
0.539100
0.000000
0.561600
0.575800
0.526800
0.533300
0.539500
0.531600
0.539400
0.559900
1.303100
0.611700
0.533000
0.530200
0.539500
0.528300
0.636300
0.541000
0.560700
0.544300
0.531800
0.000000
0.542900
0.537300
0.602100
0.532800
0.532100
0.518500
0.609600
0.552400
0.532900
0.538200
0.533800
0.556800
0.520200
0.590900
0.536900
0.545900
0.534100
0.000000
6.049700
0.544000
1.048200
0.569000
0.579600
0.543000
0.554400
0.528000
0.601500
0.537000
0.541200
0.536600
0.576600
0.578200
0.506800
0.000000
0.536500
0.539700
0.542800
0.507200
0.562600
0.527900
0.000000
0.654900
0.551100
0.557600
0.000000
0.508600
0.531100
0.689500
0.515000
0.610700
0.540800
0.525200
0.684100
0.535300
0.536900
0.590200
0.540700
0.535300
0.557900
0.550300
0.545200
0.527400
0.559800
0.541700
0.580100
0.542500
0.507800
0.532700
0.521800
0.568000
0.704800
5.775600
0.000000
0.543500
0.532100
0.572000
0.742900
0.534500
0.542100
0.536100
0.000000
0.529100
0.633000
0.532800
0.542600
0.582500
0.587500
0.533700
0.530500
0.527600
0.541600
0.761800
0.527200
0.543800
0.542800
0.541800
0.543800
0.529800
0.000000
0.545500
0.531400
0.600500
0.586700
0.609300
0.542500
0.543400
0.579400
0.525400
0.530900
0.520900
0.550200
0.558900
0.567200
0.523000
0.517600
0.563800
0.539300
0.584500
0.539200
0.515100
0.000000
0.528200
0.530900
0.507500
0.514900
3.751500
0.578800
0.544600
0.534300
0.615000
0.557500
0.534300
0.597900
0.543100
0.547600
0.534900
0.520800
0.535500
0.607100
0.548900
0.523400
0.570800
0.532100
0.554100
0.000000
0.545000
0.677800
0.000000
0.535400
0.559800
0.544200
0.529200
0.537400
0.665400
0.546300
0.532600
0.000000
0.046500
0.610200
0.537600
0.516900
0.534600
0.559200
0.558700
1.062600
0.000000
0.538300
0.533300
0.541200
0.604000
0.546100
0.544400
0.533800
0.561000
0.523100
0.552800
0.026700
0.603500
0.563600
0.545100
0.539200
0.000000
0.550100
0.701100
0.530600
0.582300
0.566400
0.547200
0.506500
0.530700
0.525400
0.625000
0.525500
0.569200
0.586900
0.590100
0.529000
1.037100
0.539500
0.519600
1.535700
0.566900
0.560400
0.567400
0.528100
0.547100
0.531800
0.000000
0.609400
0.554000
0.544700
0.607900
0.540200
0.524100
0.554900
0.521000
0.537800
0.628900
0.597500
0.523000
0.580300
0.554000
0.592800
0.601500
0.530900
0.543800
0.538200
0.561000
0.522900
0.529300
0.665900
0.544500
0.571500
0.579800
0.641200
0.506700
0.518700
0.556700
0.568500
0.528200
0.549500
0.617100
0.000000
0.513900
0.561100
0.531300
0.613500
0.562300
0.593900
0.521900
0.650500
0.650300
0.531000
0.589200
0.556300
0.576200
0.000000
0.000000
0.510500
0.548700
0.541500
0.000000
0.000000
0.000000
0.636900
0.539200
0.000000
0.523800
0.539700
0.608400
0.573300
0.000000
0.604200
0.000000
0.000000
0.582900
0.586800
0.545900
0.571100
0.604500
0.538200
0.590100
0.538100
0.519000
0.587400
0.568600
0.000000
0.000000
0.536500
0.537400
0.531500
0.538500
0.000000
0.567600
0.580300
0.542200
0.600100
0.524400
0.536100
0.518000
0.542200
0.568900
0.533500
0.620900
0.000000
0.537200
0.000000
0.544200
0.677200
0.543400
0.520600
0.574700
0.581900
0.000000
0.548200
0.522800
0.529600
0.553200
0.541400
0.606200
0.613700
0.506500
3.963200
0.539700
0.526000
0.669900
0.601700
0.538700
3.754000
0.535700
1.064400
0.988200
0.408900
0.531300
1.033200
0.589800
0.659200
1.325400
0.999700
1.072200
0.396500
0.525500
0.000000
0.539000
0.655000
0.518400
0.541200
0.549300
0.538000
0.553500
0.540100
0.533500
0.562400
0.548700
0.507900
1.074200
0.543800
0.539900
0.526600
0.091400
0.595900
0.544300
0.543500
0.528800
0.607600
0.515300
0.542100
0.550200
0.536500
0.555900
0.570900
0.609400
0.530400
0.535700
0.533400
0.526200
0.000000
0.531300
0.534200
0.547900
0.591800
0.530100
0.706900
0.574700
0.591700
0.534300
0.583700
0.577400
0.537700
0.542100
0.534200
0.579400
0.531300
0.533100
0.529800
0.537300
0.525400
0.531800
0.531700
0.534800
0.550800
0.590700
0.538600
0.529200
0.516200
0.555600
0.000000
0.000000
0.741600
0.517600
0.543700
0.540800
0.542800
0.563200
0.528500
0.534600
0.544200
0.547600
0.625500
0.539300
0.564100
0.548500
0.530600
0.545900
0.532100
0.570100
0.554500
0.546200
0.530300
0.539100
0.522800
0.615100
0.544800
0.522700
0.598300
0.630700
0.551100
0.532900
0.533100
0.542700
0.532000
0.573700
0.530800
0.541700
0.534400
0.542000
0.549300
0.539000
0.517400
0.541600
0.542700
0.522900
0.525600
0.548600
0.590500
0.662700
0.560800
0.577200
0.540600
0.604400
0.529300
0.548600
0.541100
0.611800
0.653100
0.575100
0.525800
0.549100
0.508500
0.543900
0.532900
0.532400
0.547800
0.549800
0.522900
0.526700
0.522500
0.540200
0.551900
0.532300
0.558300
0.585400
0.000000
0.533400
0.691300
0.597700
0.561200
0.534800
0.531900
0.538300
0.628300
0.566300
0.655600
0.531800
0.531600
0.531700
0.521900
0.581700
0.544900
0.529800
0.576000
0.536700
0.515800
0.609700
0.523300
0.546300
0.560000
0.539500
0.543900
0.530700
0.540100
0.527600
0.535200
0.593700
0.545100
0.535600
0.643500
0.541800
0.553100
3.934600
0.606600
0.554300
0.530900
0.531300
0.550000
0.533000
0.646000
0.526800
0.508200
0.524100
0.535000
0.511200
0.548100
0.578200
0.674300
0.541700
0.530900
0.526700
1.051400
0.530700
0.606700
0.554600
0.531000
0.000000
0.604600
0.622200
0.515200
0.516100
0.547500
0.579700
0.582800
0.533500
0.529100
0.526600
0.548400
0.530400
0.691000
0.542500
0.529200
0.543600
0.546000
0.531900
0.542000
0.630500
0.521700
0.571200
0.533400
0.518900
0.537600
0.531600
0.553600
0.587400
0.540600
0.533100
0.632800
0.526700
0.519000
0.533600
0.000000
0.547900
0.531000
0.532700
0.587200
0.541800
0.527500
0.526700
0.540800
0.542200
0.605400
0.532200
0.534600
0.540800
0.562000
0.555400
0.564200
0.516600
0.527500
4.969400
0.530000
0.520800
0.554500
0.535200
0.549600
0.517100
0.522300
0.534400
0.539000
0.535100
0.549200
0.543200
0.545300
0.521000
0.530900
0.547000
0.533400
0.576900
0.531200
0.595100
0.542300
0.566800
0.542000
0.541400
0.533000
0.531000
0.524400
0.539100
0.547600
0.550700
0.538200
0.532500
0.536800
0.527400
0.539300
0.523000
0.523100
0.542700
0.000000
0.543100
0.549200
0.599200
0.749300
0.525900
0.574900
0.510800
0.547400
0.546300
0.530100
0.543900
0.540000
0.564300
0.534900
0.554200
0.530600
0.593000
0.641600
0.541600
0.554600
0.535400
0.668500
0.530500
0.570900
0.552700
0.542000
0.530600
0.549300
0.525100
0.537600
0.031600
0.533100
1.078900
0.522400
0.680200
1.010500
1.276700
1.233100
1.185900
1.192100
1.028600
0.551100
0.000000
0.534200
0.536700
0.592600
0.652000
0.529100
0.545300
0.572400
0.000000
0.531500
0.541300
0.538000
1.112800
0.515900
0.527800
0.544400
0.530900
0.532600
0.526200
0.531700
0.533100
0.541400
0.523800
0.541600
0.548100
0.533700
0.547300
0.563700
0.559000
0.519000
0.632200
0.573300
0.543300
0.528900
0.541200
0.558800
0.653600
0.597600
0.590300
0.534100
0.543600
0.539800
0.538000
0.628000
0.536500
0.542600
0.513100
0.527100
0.542700
0.779400
0.530100
0.728000
0.551200
0.539800
0.518900
0.540900
0.521100
0.551500
0.532700
0.561000
0.531000
0.535200
0.544400
0.000000
0.524500
0.634700
0.576900
0.535700
0.536700
0.542800
0.551000
0.600600
1.047500
0.515200
0.539800
0.000000
0.607200
0.542500
0.524900
0.539400
0.563600
0.544100
0.544100
0.530400
0.533500
0.537700
1.085300
0.532800
0.545300
0.532200
0.536200
0.529400
0.553400
0.540000
0.669900
0.532900
0.536800
0.540700
0.544100
0.528700
0.607700
0.539000
0.553900
0.534800
0.527500
0.519200
0.541100
0.633700
0.541600
0.533000
0.583700
0.575300
0.536300
0.544000
0.526400
0.516300
0.542700
0.515600
0.541200
0.526900
0.523000
0.569300
0.531800
0.531900
0.597600
0.534800
0.523600
0.534200
0.539400
0.553400
0.541900
0.691300
0.530700
0.628700
0.519100
0.567700
0.548800
0.554800
0.548600
0.529600
0.537000
0.702100
0.584100
0.529900
0.539100
0.607800
0.559600
0.646500
0.528400
0.532100
0.549300
0.509500
0.594000
0.540100
0.535300
0.018300
0.534300
0.595800
0.000000
0.567000
0.523900
0.540200
0.624400
0.596600
0.527600
0.635500
0.533300
0.597100
0.534200
0.537500
0.651700
0.531600
0.562200
0.532500
0.531800
0.538300
0.537900
0.540900
0.527900
0.505100
0.656400
0.534200
0.571000
0.523000
0.694700
0.598600
0.517200
0.539800
0.507400
0.534100
0.542600
0.540400
0.532000
0.532400
0.532300
0.573800
0.533000
0.546800
0.540900
0.000000
0.535200
0.694300
0.000000
0.548400
0.569400
0.578700
0.000000
0.533500
0.538800
0.624200
0.515800
0.614900
0.602200
0.544800
0.541600
0.541000
0.546500
0.613400
0.542200
0.533300
0.535000
0.624900
0.000000
0.541900
0.539400
0.000000
0.552200
0.591100
0.530500
0.541500
0.537800
0.000000
0.542500
0.519300
0.599100
2.592300
0.601100
0.529100
0.608700
0.541000
0.520600
0.586600
0.528700
0.556500
0.609700
0.532000
0.544600
0.525900
0.563800
0.595700
0.542100
0.000000
0.521200
0.598300
0.531300
0.544000
0.000000
0.554500
0.530200
0.539400
0.525000
0.540600
0.583800
0.533100
1.070200
0.517700
0.521800
0.542600
0.554600
0.541600
0.525200
0.546300
0.548600
0.632800
0.549100
0.538700
0.533700
0.522100
0.551800
0.516700
0.586700
0.509100
0.534700
0.623600
0.552000
0.546400
0.549900
0.663100
0.540300
0.544800
0.540100
0.563800
0.567200
0.508000
0.526500
0.528000
1.569900
0.567300
0.599600
0.535100
0.537700
0.574700
0.555600
0.522200
0.533800
0.597800
0.000000
0.527800
0.577800
0.526100
0.544100
1.075300
0.518600
0.521000
0.542000
0.534200
0.549300
0.521300
0.527200
0.533000
1.240200
0.533900
0.547900
0.533600
0.536700
0.576100
0.568300
0.530800
0.569900
0.542300
0.525300
0.542300
0.543100
0.568200
0.543300
0.538900
0.562500
0.553900
0.524300
0.532400
0.517100
0.529400
0.538800
0.531000
0.000000
0.531000
0.543600
0.024400
0.534900
0.534100
0.573900
0.544800
0.576600
0.557000
0.539900
0.541600
0.543300
0.978700
0.534800
1.211600
1.246200
1.197200
1.206300
1.234000
1.071200
0.533600
0.541800
0.530400
0.536500
0.554700
0.545800
0.705600
0.556800
0.530400
0.540900
0.564100
0.566800
0.534100
1.225500
1.319400
1.409000
0.508400
0.570900
1.346100
1.006800
0.519000
0.542800
0.525700
0.533500
0.548400
0.564700
0.541900
0.519800
0.506000
0.547600
0.535100
0.552000
0.698100
0.720600
0.625100
0.533600
0.522000
0.563900
0.587600
0.536100
0.611100
0.000000
0.543300
0.582500
0.549400
0.530500
0.000000
0.000000
1.090800
0.537500
0.539000
0.537700
0.543300
0.541700
0.598500
0.578100
0.553200
0.518600
0.527500
0.582300
0.543500
0.530500
0.536800
0.575600
0.539000
1.072600
3.858600
0.518000
0.618500
0.537700
0.552700
0.568600
0.530800
0.643400
0.559000
0.592000
0.544400
0.615800
0.538100
0.598200
0.535800
0.551600
0.525200
0.565600
0.541900
0.562000
0.613600
0.543200
0.532000
0.555100
0.539300
0.532400
0.533500
0.534600
0.603000
0.528900
0.518500
0.517800
0.000000
0.530900
0.755300
0.577000
0.530700
0.563200
0.535100
0.534800
0.543100
0.552400
0.533300
0.592500
0.595800
0.541700
0.531400
0.594300
0.530700
0.753700
0.633300
0.529500
0.570300
0.521200
0.560100
0.520300
0.540600
0.556600
0.544000
0.000000
0.546700
0.527200
0.530900
0.544500
0.578900
0.555800
0.000000
0.537500
0.539900
0.537100
0.543600
0.650000
0.582600
0.717100
0.587600
0.546400
0.533000
0.522800
0.545800
0.702500
0.533400
0.539200
0.543700
0.535100
0.554800
0.544700
0.535200
0.538000
0.540600
0.543200
0.543000
0.531600
0.641200
0.532200
0.529200
0.674600
0.545000
0.527400
0.510800
0.543400
0.522000
0.585400
0.514900
0.531000
0.530300
0.536200
0.544100
0.604800
0.540100
0.530900
0.588100
0.546300
0.788300
0.602500
0.580200
0.546400
0.574800
0.607500
0.549300
0.530900
1.083300
0.589300
0.554600
0.597300
0.710400
0.605700
0.582500
0.530200
0.549200
0.544400
0.542800
0.576800
0.549000
0.743600
0.592400
0.561400
0.542600
0.535100
0.535500
0.537100
0.549400
0.541300
0.535500
0.535000
0.554200
0.530300
0.553000
0.610000
0.600300
0.544100
0.515800
0.533800
0.548800
0.540900
0.530600
0.604300
0.568500
0.529500
1.082200
0.581300
0.531200
0.550600
0.000000
0.525400
0.587200
0.529900
0.556200
0.543400
0.507500
0.000000
0.524400
0.541200
0.531900
0.568500
0.540200
0.688900
0.531400
0.000000
0.552800
0.714800
0.514200
0.540100
0.535900
0.518600
1.184200
1.004000
0.543300
0.603900
0.531200
0.598900
0.633000
0.513000
0.548200
0.721900
0.507900
0.537600
2.230000
0.578300
0.545000
0.620500
0.531500
0.533300
0.590800
0.566500
0.630400
0.739800
0.541400
1.082900
0.549200
0.725600
0.524400
0.556400
0.539100
0.532700
0.627700
0.537900
0.635000
0.633600
0.541900
0.533500
0.614300
0.571200
0.535800
0.574600
0.530900
0.557100
0.604200
0.524300
0.000000
0.542500
0.524100
0.552900
1.069300
0.570100
0.617700
0.537000
0.528200
0.590300
0.533500
0.550100
0.549000
0.513600
0.545100
0.622200
0.528700
0.533900
0.530600
0.537800
0.536200
0.531900
0.529200
0.534800
0.000000
0.609200
0.664000
0.577000
0.541400
0.540400
0.529200
0.593500
0.561300
1.148600
1.236300
1.168300
1.039300
1.364100
1.180800
1.009500
1.031500
0.470600
0.000000
0.508700
0.524700
0.578400
0.526400
0.543900
0.529400
0.530700
0.542800
0.579900
0.515600
0.545400
0.539000
0.533900
0.529900
0.534500
0.541300
0.543000
0.545900
0.550600
0.529100
0.621000
0.000000
0.547400
0.533400
0.527300
0.540300
0.529200
0.934400
0.985800
0.570200
0.372600
1.162200
0.979100
0.530700
0.539800
0.516700
0.548200
0.525900
0.553500
0.611200
0.539600
0.524800
0.574300
0.610600
0.549600
0.539300
0.000000
0.576400
0.518900
0.532600
1.107000
0.533900
0.578700
0.531400
0.535600
0.547400
0.000000
0.534600
0.549900
0.530300
0.522400
0.544200
0.694400
0.607800
0.533400
0.528800
0.532700
0.552800
0.534300
0.648200
0.535900
0.615800
0.747300
0.541800
0.527900
0.519900
0.542700
0.535800
0.531900
0.607000
0.525100
0.580800
0.606700
0.565300
0.709700
0.548000
0.000000
0.527900
0.636100
0.574200
0.595900
0.572900
0.534500
0.568000
0.523000
0.537300
0.568600
0.506700
0.571300
0.532500
0.597100
0.540400
0.000000
0.533300
0.529600
0.539600
0.544400
0.534200
0.691000
0.568100
0.575800
0.556500
0.540500
0.559300
0.577900
0.538400
0.548000
0.621900
0.540300
0.522300
0.538100
0.000000
0.550000
0.522400
0.533200
0.533500
0.533200
0.532200
0.508100
0.541600
0.535000
0.536400
0.642900
0.558100
0.536200
0.608600
0.529400
0.529100
0.569600
0.534300
0.535000
0.561100
0.604700
0.621200
0.599500
0.517700
0.506300
0.538700
0.000000
0.822500
0.537100
0.546100
0.529400
0.536400
0.538800
0.531000
0.597900
0.561400
0.536300
0.529300
0.541100
0.545500
0.526000
0.555300
0.564100
0.570300
0.531600
0.673700
0.000000
0.613400
0.571100
0.543700
0.574800
0.536800
0.717600
0.535900
0.536200
0.625200
0.540900
0.550200
0.547900
0.542000
0.531500
0.531500
0.533000
0.547500
0.516600
0.541100
0.514200
0.539000
0.578000
0.537900
0.540700
0.540600
0.000000
0.506900
0.526700
0.525700
0.538000
0.542300
0.535000
0.541100
0.523200
0.523700
0.537800
0.988900
0.522500
1.021300
0.543700
0.538400
0.522000
0.603200
0.543200
0.530400
0.536600
0.567400
0.533700
0.543200
0.527300
0.529600
0.544000
1.360700
0.993100
1.317500
0.978900
1.232300
0.998900
0.547700
0.404400
0.000000
1.264200
0.822400
1.326500
1.129200
1.205400
1.194500
0.504700
1.239100
1.396900
1.159200
0.984400
0.577500
0.982600
1.256700
1.247900
0.435200
1.336100
1.006600
0.979600
0.549800
0.575900
0.000000
0.525300
0.508500
0.578800
0.538900
0.525200
0.582500
0.577100
0.536900
0.538100
0.585200
0.565200
0.534300
0.554000
0.531900
0.533400
0.527200
0.000000
0.539900
0.525200
0.546500
0.559400
0.569600
0.555600
0.552200
0.539300
0.522200
0.525800
0.532600
0.530300
0.620500
0.575500
0.535200
0.530400
0.615200
0.562200
0.544100
0.539500
0.593600
0.616000
0.630900
0.528600
1.090100
0.718500
0.537100
0.543100
0.549100
0.540300
0.521300
0.532200
0.000000
0.632700
0.544800
0.620000
0.537000
0.526000
0.536100
0.529800
0.598900
0.570500
0.738900
0.529800
0.535500
0.523500
0.583300
0.531000
3.179600
0.540100
0.520400
0.594000
0.526500
0.532900
0.530100
0.543100
0.637000
0.560400
0.538200
0.539900
0.552300
0.544900
0.560000
0.531000
0.000000
0.530200
0.000000
0.542500
0.526700
0.567000
0.536600
0.609600
0.534700
0.540500
1.081900
0.550600
0.541700
0.562400
0.533100
0.523300
0.548000
0.535200
0.624700
0.519900
0.583000
1.089300
0.536200
0.539800
0.540900
0.580500
0.530900
0.527100
2.110800
2.110800
4.060600
0.523900
0.539300
0.522800
0.544500
0.617500
0.531400
0.603900
0.586500
0.547000
0.509700
0.000000
0.526200
0.689800
0.541000
0.588000
0.523700
0.544000
0.509700
0.536900
0.546900
0.531700
1.161700
0.406900
1.462700
1.346300
0.000000
0.566000
1.364400
1.002800
0.507400
0.531700
0.531100
0.604800
0.532500
0.548300
0.523600
0.656600
0.532900
0.529900
0.560600
0.655500
0.523100
0.000000
0.535300
0.000000
0.529200
0.534500
0.543200
0.532800
0.532300
0.537600
0.533300
0.551900
0.599500
0.521000
0.540400
0.545200
0.531800
0.544100
0.588700
0.528600
0.585400
0.507600
0.522000
0.539800
0.537400
0.540200
0.527500
0.000000
0.534200
0.558600
0.537500
0.533300
0.575000
0.531300
0.539500
0.549700
0.000000
0.617500
0.552400
0.643200
0.534000
0.572000
0.548200
0.545800
0.000000
0.541300
0.541600
1.544500
0.623400
0.531500
0.529000
0.553700
0.527900
0.554600
0.547600
0.535000
0.540800
0.536300
0.526100
0.514000
0.657700
0.539000
0.575600
0.540700
1.053700
0.556100
0.610300
0.528700
0.539800
0.547800
0.603300
0.000000
0.531600
0.568800
0.568800
0.531600
0.542700
0.533700
0.537500
0.516300
0.520600
0.527700
0.000000
0.612600
0.567800
0.649600
0.537800
0.530300
0.770400
0.536500
0.540500
0.517100
0.540800
0.582800
0.539600
0.587700
0.523700
0.538800
0.751000
0.538700
0.518800
0.533700
0.605400
0.555400
0.533000
0.535400
0.530100
0.522100
0.511300
3.195100
0.518500
0.559800
0.531000
0.599400
0.558200
0.553900
0.540500
0.531600
0.534200
0.557900
0.540300
0.546100
0.546100
0.619000
0.573200
0.536400
0.590300
0.539500
0.534400
0.532400
0.515200
0.535000
0.525100
0.692500
0.525700
0.538500
0.546800
0.563600
0.580600
0.541300
0.558600
0.507300
0.534500
0.539100
0.536500
0.543000
0.535900
0.565000
0.694100
0.526100
0.538400
0.529800
0.527200
0.554000
0.524100
0.555700
0.534300
0.540600
4.251600
0.586900
0.527300
0.517100
0.000000
0.532400
0.545100
0.539600
0.532000
1.095900
0.528100
0.507000
0.712800
0.559900
0.570800
0.672100
0.543000
0.539200
0.552800
0.526000
0.507300
0.546600
0.000000
0.550700
0.543200
0.507500
0.531200
0.571200
0.538400
0.543200
0.532100
0.549300
0.534100
0.552000
0.547400
0.546000
0.532200
0.537700
0.542500
0.535300
0.537900
0.532500
0.554900
0.530500
0.548400
0.568200
0.541800
0.599500
0.513700
0.562600
0.020600
0.581600
0.584300
0.539000
0.545400
0.527100
0.556700
0.511500
0.546500
0.561200
0.633300
0.544500
0.548800
0.528400
0.533100
0.575500
0.582000
0.558000
0.531700
0.531000
0.597300
0.543300
0.526800
0.578200
0.553100
0.630500
0.525000
0.548800
0.530600
0.666300
0.605600
0.589900
0.525400
0.539600
0.527600
0.675700
0.546600
0.530000
0.535400
0.599300
0.532500
0.523700
0.537000
0.564100
0.508600
0.605000
0.530700
0.575100
0.565600
0.570400
0.517300
0.586900
0.546700
0.508200
0.529500
0.559300
0.540100
0.534700
0.510400
0.587900
0.000000
0.531700
0.536800
0.576800
0.541000
0.539900
0.532500
0.529900
0.000000
0.523400
0.538700
0.573200
0.574100
0.542700
0.546100
0.543700
0.531400
0.580100
0.527700
0.538400
0.593200
0.000000
0.535800
0.556900
0.531400
0.531500
0.579700
0.591900
0.533100
0.649400
0.560300
0.599300
0.536000
0.510000
0.525700
0.540600
0.542800
0.608400
0.531400
0.000000
0.535400
0.912400
1.194700
1.488900
1.156300
1.230300
0.437900
0.407100
1.185600
1.005300
0.653000
0.762200
0.532300
0.530400
0.507100
0.541700
0.650200
0.532200
0.596500
0.532100
0.530900
0.542100
0.554200
0.539300
0.521300
0.560400
0.554500
0.573000
1.057700
0.571500
0.684400
0.532700
0.537500
0.642900
0.575800
0.567100
0.581700
0.536900
0.509900
0.525100
0.542600
0.560200
0.534100
0.528700
0.593600
0.536000
0.529000
0.523600
0.539700
0.545700
0.530500
0.591500
0.542800
0.560700
0.542200
0.565300
0.531600
0.527600
0.534000
0.525600
0.539300
0.539300
0.653800
0.592300
0.525000
0.528300
0.531300
0.000000
0.606000
0.545800
0.530500
0.576600
0.522600
0.523700
0.530900
0.542100
0.532400
0.566800
0.566700
0.538400
0.586300
0.531400
0.532500
0.533200
0.527100
0.521800
0.643200
0.000000
0.546300
0.566900
0.537200
0.528400
0.538400
0.554400
0.526500
0.543400
0.531900
0.578200
0.553600
0.533400
0.546500
0.543400
0.569800
0.545000
0.704100
0.587700
0.558300
0.528900
0.553500
0.565800
0.539700
0.699600
0.572000
0.574500
0.541400
0.530300
0.524100
0.552900
0.027100
0.540300
0.644300
0.536400
0.534800
0.579500
0.536900
0.535200
0.550800
0.539600
0.546700
0.547700
0.541000
0.567200
0.526600
0.630600
0.000000
0.000000
0.508300
1.073700
0.520000
0.542200
0.540000
0.000000
0.536800
0.542300
0.546800
0.559300
0.538900
0.584800
0.542400
0.552500
0.542900
0.000000
0.527200
0.519000
0.529000
0.531900
0.538600
0.555200
0.653500
0.527200
0.557200
1.130000
1.306000
1.043300
0.925200
1.168400
1.251100
1.223700
1.009500
1.290000
1.000500
0.679600
0.536600
0.579600
0.588400
0.530300
0.546600
0.526400
0.532700
0.506800
0.569400
0.543900
0.545500
0.611900
0.654400
0.534000
0.000000
0.629700
0.523800
0.557100
0.526000
0.519000
0.537600
0.594700
0.537900
3.994700
0.516000
0.541400
0.523200
0.545700
0.577000
0.575400
0.544300
0.539100
0.667000
0.545500
0.545200
0.546100
0.530000
0.531900
0.530700
0.581300
0.539500
0.531200
0.537100
0.531200
0.544100
0.544000
0.539200
0.640700
0.543200
0.000000
0.535100
0.516600
0.542300
0.533600
0.565300
0.553900
0.631300
0.556700
0.569600
0.570700
0.531800
0.541700
0.675000
1.044500
0.569800
0.546100
0.618900
0.545000
0.579900
0.556100
0.537200
0.607500
0.521500
0.532800
0.568100
0.526500
0.527600
0.523000
0.556900
0.595300
0.586200
0.549300
0.540900
0.533200
0.593100
0.543400
0.552400
0.545200
0.554400
0.542100
0.537000
0.573400
0.556300
0.000000
0.677500
0.521800
0.064700
0.543900
0.530500
0.530800
0.528600
0.567900
0.528900
0.595000
0.530700
0.535000
0.544500
0.582700
0.594200
0.527800
0.545900
0.527600
0.554500
1.052700
0.631800
0.675700
0.531200
0.571600
0.520200
0.530500
0.575500
0.531300
0.524300
0.519300
0.530900
0.574400
0.000000
0.000000
0.566000
0.529900
0.588800
0.703800
0.000000
0.551600
0.525000
0.516900
0.528100
0.530800
0.000000
0.580800
0.529300
0.529900
0.522700
0.536200
0.548200
0.531900
0.520400
0.527500
0.539900
0.523200
0.527500
0.628800
0.548300
0.525000
0.519700
0.702800
0.527100
0.000000
0.517300
0.000000
0.550200
0.526700
0.520600
0.576900
0.584500
0.545000
0.532300
0.517500
0.515600
0.543200
0.000000
0.550900
0.539300
0.521900
0.522200
0.551200
0.531200
0.543700
0.582700
0.637600
0.529600
0.532400
0.549100
0.530300
0.529600
0.554100
1.071500
0.509600
0.582200
0.592000
0.598400
0.587300
0.563800
0.539200
0.553500
0.508300
0.631200
0.612500
0.534900
0.555800
0.530900
0.688900
0.520000
0.548700
0.518300
0.515800
0.534500
0.527100
0.526600
0.613700
0.642000
0.528100
0.535500
0.524600
0.609500
0.534000
0.000000
0.630800
0.515300
0.531400
2.688400
0.585700
1.075700
0.530000
0.583600
0.530500
0.526400
0.592800
0.615900
0.577200
0.549700
0.520400
0.542900
0.725300
0.546000
0.515800
0.604200
0.550400
0.535800
0.533600
0.552800
0.566400
0.529500
0.540300
0.540500
0.578200
0.542400
0.506200
0.506700
0.531500
0.537800
0.543900
0.505400
0.531500
0.521400
0.557500
0.538800
0.551400
1.245100
0.533700
0.542300
0.535200
0.664200
0.616300
0.556600
0.523500
0.532500
0.526500
0.000000
0.524200
0.549200
0.618700
0.531000
0.000000
0.556200
0.552800
0.524700
0.532000
0.020900
0.712000
0.535900
0.531700
0.000000
0.558800
0.548800
0.538500
0.535600
0.521900
0.574700
0.517600
0.589000
0.547600
0.526600
0.545700
0.521000
0.546000
0.525400
0.532200
0.549700
0.527100
0.580400
0.557200
0.530900
0.585600
0.000000
0.531500
0.526400
0.558100
0.531100
0.575200
0.546700
0.535100
0.541000
0.533100
0.607500
0.740100
0.506800
0.590200
0.544900
0.574100
0.553300
0.521600
0.530700
0.534800
0.545900
0.544700
1.061400
0.571800
0.599200
0.540800
0.516700
0.539100
0.552000
0.544400
0.531000
0.627200
0.598300
0.524300
0.699700
0.507100
0.524100
0.535200
0.575300
0.558400
0.533100
0.748500
0.545700
0.544100
0.571500
0.712200
1.267800
1.237000
1.189500
1.186200
1.097800
1.170700
1.100500
1.293800
0.979100
0.521600
0.000000
0.717000
0.528800
0.544200
0.538700
0.575600
0.530600
0.776600
0.611500
0.532800
0.520700
0.572200
0.594200
0.766000
0.598000
0.540800
0.557900
0.531800
0.553600
0.545700
0.532100
0.522800
0.716100
0.531100
0.564700
0.553800
0.524200
0.555100
0.532600
0.542000
0.530100
0.000000
0.642500
0.557700
0.539100
0.519600
0.535000
0.774100
0.580100
0.532600
0.552600
0.584100
0.539200
0.537300
0.539000
0.596300
0.539700
0.552500
0.600700
0.530300
0.538700
0.517300
0.545700
0.537600
0.542300
0.571600
0.538400
0.537000
0.000000
3.198800
0.517100
0.604900
0.612000
0.533100
0.647100
0.000000
0.000000
0.571600
0.548300
0.531100
0.549800
0.529500
0.516200
0.514800
0.515200
0.528900
0.519600
0.000000
0.525300
0.566900
0.000000
0.580900
0.877100
0.000000
0.546600
0.526900
0.523800
0.000000
0.528400
0.547400
0.528600
0.555400
0.550000
0.627800
0.548900
0.544400
0.538000
0.614100
0.683200
0.539000
0.532200
0.528300
0.551500
0.000000
0.402000
1.226300
1.200700
1.237500
1.080300
0.625400
0.588700
0.535300
0.556900
0.531900
0.585100
0.576400
0.525800
0.543000
0.542700
0.581300
0.676100
0.538700
0.000000
0.543800
0.509800
0.531400
0.546200
0.537100
0.507900
0.529900
0.532400
0.574400
0.541500
0.526300
0.643900
0.544300
0.541600
0.567000
0.540300
0.541100
0.524800
0.601300
0.581900
0.530400
0.552300
0.517300
0.541600
0.540400
0.542100
0.547300
0.549100
0.538000
0.527600
0.541100
0.527900
0.539800
0.626900
0.682300
0.602900
0.626200
0.781200
1.656100
0.381300
0.523900
0.501300
1.126000
1.388100
1.158300
0.407100
0.000000
2.126400
0.529500
0.585500
0.530900
0.540800
0.028800
0.539700
0.574200
0.545700
0.000000
0.530500
0.582700
0.533900
0.536800
0.524000
0.000000
0.537400
0.541200
0.545300
0.592300
0.559900
0.604400
0.528900
0.595700
0.543600
0.000000
0.542700
0.524600
0.029800
0.528800
0.541600
0.522900
0.553400
0.539600
0.521300
0.528600
0.000000
0.000000
0.940300
1.131500
1.209800
1.131300
0.539300
0.979000
0.000000
0.583900
0.000000
0.529300
0.542100
0.592100
0.561500
0.540400
0.000000
0.603300
0.556500
0.541500
0.542300
0.000000
0.000000
0.540500
0.536900
0.522000
0.532000
0.541100
0.595600
0.559200
0.000000
0.000000
0.519900
0.586300
0.589300
0.628500
0.591400
1.624300
0.609100
0.548100
0.549800
0.593200
0.585900
0.530600
0.534100
0.541200
0.531000
0.531100
0.527000
0.573200
0.542100
0.542400
0.545200
0.555900
0.541200
0.564800
0.535800
0.540900
0.566800
0.536200
0.546400
0.560600
0.528900
0.528900
0.580900
0.620400
0.516300
0.532800
0.551700
0.537400
0.523000
0.603700
0.529500
0.554300
0.536100
0.553200
0.553800
0.531600
0.596500
0.517700
0.526400
0.542500
0.531700
0.535000
0.553500
0.538500
0.580400
0.538100
0.608000
0.648500
0.552400
0.536900
0.669100
0.534200
1.221800
0.552400
0.545900
0.530300
0.548900
0.521000
0.540400
0.564400
0.533900
0.533600
0.521000
1.043500
0.529300
1.084000
0.546500
0.559100
0.519000
0.552200
0.510000
0.617900
0.000000
0.552000
0.532100
0.536900
0.568900
0.561600
0.536400
0.540600
0.533700
0.000000
0.000000
0.530900
0.535300
0.529600
0.532500
0.546100
1.043100
1.304200
1.226300
1.289200
1.238100
1.015600
0.537500
0.532200
0.527400
0.539400
0.535800
0.541700
0.588400
0.604800
0.000000
0.539400
0.586600
0.000000
0.537000
0.595000
0.000000
0.532000
0.587700
0.555400
0.536700
0.000000
0.580000
0.551200
6.863100
0.537200
0.556500
0.534400
0.521400
0.540800
0.681400
0.676000
0.530100
0.576400
0.541400
0.622100
0.534400
0.600000
0.530400
0.522700
0.551800
1.192200
1.169400
1.146600
1.173100
1.105600
1.159100
1.266000
1.187300
1.245400
1.030200
1.228600
1.288400
1.186800
0.951200
0.375300
1.069600
1.269000
1.077800
1.115900
0.518100
0.533700
0.551400
0.648300
0.585400
0.520200
0.566700
0.505800
0.530800
0.535800
0.693600
0.555700
0.569100
0.546300
0.529600
0.577900
0.550000
0.535100
0.514100
0.607300
0.530500
0.525900
0.535700
0.896200
0.742300
1.688000
0.526200
0.872900
0.473400
1.215400
1.242800
1.217300
0.980600
0.407700
1.202700
0.979800
0.513900
0.000000
0.000000
0.537200
0.531400
0.544600
0.535800
0.591600
0.525100
0.547200
0.597800
0.553900
0.533800
0.547100
0.527900
0.548400
0.530800
0.521600
0.528900
3.232900
0.528400
0.529100
0.532800
0.000000
0.568800
0.545000
0.534200
0.547800
0.545300
0.531400
0.622000
0.523100
0.540300
0.566000
0.562300
1.123100
0.547300
0.545100
0.000000
0.593700
0.543500
0.544300
0.641400
0.598700
0.557900
0.542400
0.560600
0.532700
0.556700
0.550500
0.530200
0.555100
0.589000
0.810800
0.535300
0.534900
0.535400
0.557600
0.595100
0.000000
0.525700
0.579700
0.587600
0.528700
0.571000
0.598100
0.631700
0.534300
0.600000
0.539700
0.556200
0.528500
0.540400
0.529700
0.769400
0.536300
0.594700
0.548800
0.547300
0.527200
0.528900
0.572500
0.528300
0.548600
0.543000
0.535900
0.680600
0.574200
0.528100
0.541700
0.597300
0.546300
0.528200
0.540700
0.533800
0.543400
0.548900
0.545200
0.530700
0.541000
0.549900
0.000000
0.565100
0.606100
0.532300
0.535600
0.535100
0.540500
0.000000
0.659000
0.590200
0.000000
0.586900
0.527700
0.532600
0.595800
0.518300
0.601000
0.208400
0.530200
0.531300
0.546300
0.000000
1.125100
1.003600
0.996900
0.650400
1.000900
1.252800
1.245500
1.279500
0.978700
1.351000
1.004600
1.209200
1.035400
1.146500
1.317600
1.219700
1.206400
1.415100
0.364500
1.035900
0.516700
0.528300
0.529200
0.530300
0.560500
0.529200
0.521100
0.585800
5.044100
0.531800
0.554100
0.533000
0.529000
0.539100
0.543200
0.545600
0.542500
0.550000
0.524900
0.538900
0.561800
0.514700
0.533200
0.000000
0.534900
0.583800
0.540800
0.669700
0.529700
0.567700
0.000000
0.543600
0.559700
0.510900
0.591200
0.543200
1.037000
0.535200
0.540800
0.589000
0.532100
0.563100
0.554000
0.539100
0.532600
0.551500
0.613500
0.536900
0.527900
0.535000
0.535400
0.542100
0.535900
0.655900
0.569200
0.568900
0.562500
0.619500
0.528200
0.558100
0.035300
0.544600
0.532400
0.536600
0.563900
0.533800
0.533300
0.531000
0.545900
0.531000
0.542600
0.544000
0.542900
0.000000
0.526200
0.529400
0.542500
0.539700
0.553500
0.593200
0.532800
0.531700
0.538100
0.527300
0.538900
0.537800
0.669600
0.521400
0.590200
0.509000
0.545700
0.546200
0.535300
0.528800
0.000000
0.530200
0.587800
0.544500
0.597100
0.524700
0.584200
0.562600
0.542300
0.601000
0.532600
0.542300
0.560200
0.542300
0.529700
1.035700
0.592700
0.000000
0.515800
0.539800
0.542700
0.553600
0.558400
0.524500
0.571300
0.539900
0.000000
0.595000
0.534400
0.542000
0.610000
0.568000
0.000000
0.535900
0.530600
0.601600
0.580300
0.537600
0.581900
0.612500
0.545700
0.532700
0.606700
0.526000
0.520200
0.604200
0.055200
0.715300
0.535100
0.533300
0.533000
0.532900
0.557700
0.566300
0.521000
0.582500
0.542500
0.579000
0.590300
0.536100
0.543100
0.509900
0.554500
0.535000
0.510500
0.542600
0.540600
0.540500
1.573300
1.189400
0.582200
1.130900
0.333600
1.467700
0.539200
1.320100
1.057800
0.000000
0.542800
0.535700
1.072700
0.568300
0.531600
0.531600
0.515700
0.533900
0.531300
0.000000
0.522700
0.383700
0.587300
0.000000
0.534900
0.510400
0.000000
0.558700
0.000000
0.533300
0.000000
0.629100
