0.554200
0.639400
0.879900
1.110900
0.540800
0.529200
1.002200
0.538300
1.070400
0.543100
1.044800
0.729800
0.532500
0.000000
0.530200
0.535400
0.544100
0.771900
0.544400
0.544100
0.611000
0.516300
0.534800
0.622400
0.534700
1.743200
0.000000
0.522800
0.529700
0.525300
0.542100
0.560600
0.539400
0.533400
0.548400
0.551800
0.544800
0.575800
0.521800
0.685900
1.589400
0.530500
0.514600
0.533900
0.727900
0.520900
0.549000
1.518300
0.530200
0.542700
0.570400
0.533300
0.535300
0.539300
0.577100
0.823900
0.534600
0.665300
0.808900
0.632300
0.535000
1.169100
1.029200
0.521400
0.535400
1.056800
0.000000
0.540800
0.538800
0.019600
0.515700
0.536900
0.535500
0.519900
0.620500
0.000000
0.832400
0.023900
0.530600
0.536200
0.546900
1.081800
0.542700
0.000000
0.552100
0.530100
0.525400
0.538900
1.120400
0.526100
0.547300
0.702500
12.608800
0.544300
0.563000
0.000000
0.544900
0.521100
0.527400
0.614900
1.090700
0.544300
0.693400
0.526900
0.674400
0.662700
0.547100
1.048600
1.005600
0.542000
0.521300
0.899600
1.127200
0.549300
0.575800
2.369900
0.529800
0.521800
0.542800
0.533500
0.543000
0.525000
0.552600
0.541000
0.536300
0.544400
0.516600
0.546700
0.522900
0.646900
0.000000
0.522000
0.525800
0.770000
0.654000
0.587600
0.534800
0.528000
0.541500
0.688500
1.085700
0.521300
0.583800
0.574200
1.075200
0.531300
0.000000
0.545300
0.528300
0.545200
0.552800
0.000000
0.547000
0.737600
0.532100
0.542500
0.529700
0.000000
0.520100
0.507800
0.530800
1.319700
0.560200
0.614200
0.558400
0.673900
0.529700
0.537700
1.086200
0.522300
0.507700
1.205800
0.525600
0.538800
0.527100
0.544500
0.575800
0.541900
0.522300
1.038600
0.530300
0.534100
0.551600
0.693000
0.514800
0.519500
0.531500
0.000000
1.998800
0.535100
0.555500
0.535100
0.539000
0.509700
0.000000
0.527700
0.548000
0.562000
0.530800
0.533700
0.546500
0.543500
0.527800
5.148900
0.542500
0.546700
0.529600
0.525600
1.294300
0.534900
3.574900
0.528200
1.085800
0.000000
1.086400
0.545600
0.546900
0.535800
0.526000
0.619900
0.565900
0.524400
0.531500
1.071300
0.669900
1.015400
0.528100
0.561900
0.537600
0.534900
0.534700
0.545700
0.530200
0.555300
1.023900
1.440200
1.407000
1.460400
0.932600
0.473200
1.407300
0.477600
1.349300
1.546100
0.803900
5.880700
1.004500
0.000000
0.709400
1.360800
1.431500
0.582200
0.551600
0.576800
0.700700
0.000000
0.574600
1.718600
1.451400
0.979800
0.740100
1.845700
0.516800
0.000000
1.318400
0.763300
1.378300
0.694900
1.463000
0.758000
0.470100
1.368800
1.456900
1.693800
0.471000
0.000000
0.694100
0.790200
0.545300
0.522700
0.536300
0.538800
0.543700
0.541200
0.601400
0.544100
0.533200
0.535300
1.002000
0.000000
1.095700
1.376500
1.983700
1.004400
1.371700
1.408200
1.355300
0.000000
1.437500
1.382000
1.421600
0.603000
0.000000
1.060000
1.330700
0.457300
0.000000
1.358600
0.504000
0.467200
1.585600
0.000000
0.000000
1.401600
2.176000
0.541400
0.544900
0.554000
0.530600
0.521200
0.525200
1.729100
0.669600
0.000000
0.000000
0.535400
0.634400
0.531500
0.728500
0.518000
0.532000
0.528800
1.108600
0.531000
0.514400
1.050300
0.670000
0.527200
0.528100
0.540500
0.531600
0.548900
0.699800
0.524000
0.646300
0.529700
0.533300
0.528300
0.712900
0.531400
0.539000
0.538700
0.517000
0.539600
0.526900
0.546900
0.540200
0.523600
0.549400
1.071300
0.527500
0.581800
1.085000
0.538400
0.018400
0.535500
0.532700
0.528700
0.536900
0.522700
0.663600
0.658800
0.547500
0.552000
0.530800
0.531600
0.530500
0.552500
0.533300
0.539600
0.529300
0.535200
0.536100
0.523200
0.541100
0.992900
0.000000
0.494400
1.294100
1.001600
0.782700
1.372100
0.466700
0.000000
0.000000
0.521600
1.029500
1.404000
0.456200
0.451100
0.000000
0.448700
1.415400
1.002100
1.197900
0.613600
0.458200
0.000000
0.793500
0.453300
0.828600
0.631200
1.006800
1.359500
0.681700
0.529100
0.956800
0.697900
1.086200
0.541700
0.582200
0.598000
1.329200
0.000000
0.464800
0.579600
1.316500
0.502600
1.397400
1.038500
1.356100
1.409300
0.000000
1.438500
0.494400
1.430100
0.994900
1.445600
1.438500
0.636600
0.000000
0.680200
1.124200
1.445300
1.219800
0.000000
1.367700
0.576400
0.620100
1.417400
0.000000
1.443100
1.435400
0.442400
0.634700
0.984600
1.392900
1.400500
0.784900
0.000000
1.396400
0.593600
0.549900
1.239900
0.521000
0.529700
0.530100
1.001900
0.526300
0.531100
0.551000
0.637000
0.548500
0.668400
0.633000
0.526600
0.540700
0.537500
0.662100
0.535700
0.000000
0.543200
0.527800
0.538100
0.521400
1.132200
1.629500
1.006900
0.024400
0.546900
0.544200
0.545200
0.540700
0.754800
0.654300
0.544900
1.122000
1.022300
0.529500
0.532300
0.558600
0.535300
0.560800
0.530300
0.553400
0.630800
1.002600
0.534800
0.728000
0.540400
0.630500
0.524100
0.655700
0.554900
1.009000
0.531400
0.543500
0.546300
0.519100
0.000000
0.525200
0.767700
0.655900
0.543700
0.525000
1.001200
0.537800
0.546600
0.707000
0.549600
0.669500
0.560800
0.537400
0.528800
0.000000
0.544200
0.547000
0.519300
1.027200
0.536000
0.551500
0.643300
0.533100
0.592100
0.510300
0.535200
0.529500
0.542400
0.568400
0.533100
0.579800
0.526000
1.317500
0.530200
0.543300
0.542600
1.082900
0.619300
1.086500
1.108600
0.640400
0.532000
0.647000
1.052700
1.062600
0.610900
0.536700
1.151700
0.514700
0.801800
0.653900
1.239800
0.534800
1.061700
5.588500
0.550000
0.535500
0.546900
1.061500
0.540700
0.722300
1.078500
0.530200
0.327900
0.544500
0.602300
0.530500
0.524800
0.527300
0.551000
0.528000
0.527300
0.633900
1.180900
0.544700
0.542200
1.081300
0.542700
0.541600
0.542900
1.481600
1.315900
0.525800
3.642900
1.135200
0.520300
1.058700
0.539000
1.073500
0.000000
0.526700
0.523600
0.538300
1.043300
0.000000
0.542900
1.049400
0.534800
0.538300
0.544000
1.051400
0.544700
0.553600
0.625400
0.621600
0.522200
1.325500
0.551200
0.544400
0.535300
0.517400
0.603500
0.546000
0.610300
1.126900
0.000000
0.543700
0.528600
1.332200
0.513900
0.559100
0.536300
0.525800
0.513300
1.064500
0.597800
0.888200
0.527600
0.555300
0.535100
0.648500
0.547200
0.542600
0.549000
0.529200
0.546900
0.666600
0.648000
0.530500
0.531400
1.150900
0.521200
0.542100
0.661600
0.552300
0.517500
0.608200
0.541100
0.806100
0.537000
0.539700
0.951000
0.541000
0.529900
0.538300
0.540200
0.530000
0.667800
0.609800
0.550800
0.668400
1.000900
1.102200
0.628300
0.588100
0.658500
0.551900
0.532400
0.536800
0.561200
0.000000
0.546400
0.541200
1.054500
0.979500
0.523100
0.548500
0.728700
0.533100
0.531700
0.541300
0.539400
0.542700
0.524000
0.756300
0.532100
0.549300
0.529800
0.554300
0.530100
0.542600
0.626000
0.567400
0.547500
0.543000
0.973400
0.549600
0.525300
0.587400
0.527300
0.530900
0.543100
0.541800
2.059300
0.547100
0.654800
0.000000
0.525900
0.582300
0.531500
0.530100
0.526500
0.537700
0.540500
0.523000
0.534600
0.540400
1.071100
0.000000
0.542300
1.580900
0.537900
0.528000
0.539100
0.000000
0.582900
0.536100
0.568600
0.518400
1.094000
0.525500
0.533300
0.518200
0.673200
0.532200
0.524200
0.563900
0.551900
0.662400
0.532200
0.542600
0.522800
0.528000
1.627200
0.540500
0.537000
0.538500
1.071000
0.517100
0.543400
1.078700
0.530300
0.718000
1.130700
0.535000
0.548300
0.617100
0.624500
0.519500
0.522600
0.543000
0.629000
0.518600
0.528400
0.560500
0.715700
0.563800
0.631900
0.529300
0.634700
0.539000
0.541300
0.521800
0.550600
0.000000
0.000000
0.535300
0.527500
0.545800
0.993900
0.532200
0.521300
0.529100
0.532800
0.547300
0.000000
0.559200
0.531100
0.541500
0.529900
0.522900
0.679900
0.516700
1.002100
0.000000
0.691200
0.535300
0.535600
1.091300
0.657400
0.532600
0.529900
1.124500
0.000000
0.529800
0.578100
0.520200
0.543100
0.528800
0.665900
0.530100
0.634700
0.532800
1.259800
0.542500
0.532100
0.000000
0.548100
0.544800
0.522600
0.522700
0.718700
0.523700
0.543600
0.539400
1.043300
0.682000
0.530800
0.547200
0.519000
0.103600
0.528200
0.522800
0.514700
0.622500
0.020500
0.571400
0.537700
0.703900
0.540700
1.085900
0.507600
0.520100
0.536600
0.544600
0.538200
1.050900
0.578000
0.541900
0.640000
0.709800
2.125700
0.522200
0.530700
1.141400
0.519000
0.535600
0.540600
0.549300
0.576700
1.051800
0.525800
0.834200
0.639200
0.532600
0.527700
1.138700
0.544500
1.053800
0.541500
1.331200
0.571900
0.000000
0.000000
0.529500
0.528300
0.534600
0.968000
0.000000
0.722400
1.080600
0.524100
0.513000
0.630500
1.524100
0.556400
1.987800
1.024600
0.542100
0.528400
0.557400
1.039200
0.528100
0.541400
0.530300
0.507400
0.011200
0.678400
0.540400
0.643400
0.668100
0.522100
0.541600
0.550900
0.529600
0.524500
1.189700
0.536100
1.044400
0.519000
0.561600
0.532200
0.540900
0.523400
0.545700
0.538300
0.548000
1.033800
1.107800
0.535500
0.534000
0.523500
0.571600
0.528500
0.531300
0.536900
1.170800
0.537400
0.655800
0.530400
0.557100
0.521000
0.548900
1.461000
0.527100
0.713000
0.536100
1.001200
0.519000
0.510900
0.556600
0.542200
0.533100
0.545100
0.531700
1.018200
0.639300
0.895800
0.520200
0.536100
0.543000
0.538200
0.653100
0.551200
0.546400
1.001200
0.545900
0.533500
0.766700
0.516100
0.543800
0.549700
0.537500
0.534900
0.508100
0.564300
0.531200
0.546100
0.517300
0.602200
0.543300
0.538100
0.576600
0.000000
0.525100
0.572900
1.721800
0.000000
0.061300
0.535600
1.694400
0.653700
0.524300
0.000000
0.534200
0.535700
0.582300
0.525300
0.518800
1.051900
0.609800
0.541800
0.536200
0.546400
0.602700
1.296300
1.487000
0.000000
0.508700
0.515500
1.368000
0.996800
0.000000
1.309600
1.348000
1.355000
0.000000
0.509200
0.777300
1.338700
1.292500
0.999900
1.404700
0.434100
1.084600
0.998600
2.099400
0.548900
0.529100
0.731800
0.527900
0.553400
0.529800
0.546800
0.530900
1.002200
0.529100
0.549300
0.521800
0.530700
0.537500
0.681300
0.530600
0.582900
1.063500
0.533200
0.586700
0.539700
1.691200
0.545800
0.683200
0.544300
1.106200
0.528500
0.541600
0.536000
1.334100
0.562500
0.591600
0.538600
1.000500
0.524800
0.527800
0.000000
0.543300
0.543500
0.538200
0.543200
1.561600
0.811000
0.534900
1.630900
0.519700
0.000000
0.534200
0.587600
0.535700
0.539900
0.536500
0.802000
0.522700
0.529900
0.000000
0.964200
0.609700
0.517300
0.535400
0.523000
0.667600
0.578800
0.794300
0.524300
0.522900
0.549100
1.595900
0.978100
0.531700
0.552000
0.526000
0.545700
0.600700
8.998900
0.533300
0.518500
0.516400
0.622400
0.538500
0.537800
0.534700
0.518900
0.569500
0.508000
1.245700
0.522100
0.538600
0.660900
0.516300
0.536900
0.563700
0.743400
0.626400
0.762500
0.576100
1.000300
0.522400
0.534300
1.057000
0.540900
1.084000
0.517400
0.539400
0.579600
0.537800
3.718700
1.065200
0.547900
0.000000
0.546900
0.521500
0.520200
0.000000
0.530700
0.530100
0.546500
0.534600
0.528400
0.561200
1.033100
0.547400
0.534900
0.566000
0.520600
0.572100
0.538400
1.435600
0.554600
0.669400
0.557700
1.135900
0.537100
0.000000
0.611100
0.537600
0.544900
0.534700
0.538200
1.001500
0.990000
0.520000
0.526700
0.536500
0.533600
0.532700
0.546300
1.148000
0.574500
0.524300
0.528700
0.608800
0.000000
0.521900
0.529300
1.429900
0.521700
0.533400
0.614200
0.555500
0.519900
1.018600
0.636700
0.542600
0.608900
0.716200
1.045500
0.531200
0.548200
0.598300
0.033500
0.523000
0.596600
0.580100
0.000000
1.032600
0.532500
0.653300
1.255200
0.522200
0.755100
0.538400
0.000000
0.532300
0.000000
1.193700
0.530600
1.034500
0.538400
1.040500
0.526100
0.537000
1.129200
0.531800
0.527500
0.508200
1.323000
0.523500
0.545700
0.531700
0.667200
0.555500
0.544300
0.543300
0.516400
0.000000
0.523500
1.213000
0.536300
0.728100
0.524200
2.024000
0.541700
0.530900
0.548500
0.536000
0.530600
5.254900
0.712900
0.531500
0.737400
0.534200
0.544600
0.537800
0.556700
0.527900
0.554600
0.530800
0.527800
1.108900
0.000000
0.561700
0.601700
0.527500
0.000000
0.518700
0.530800
0.513400
0.519700
0.533400
0.560500
0.533400
1.172000
0.541800
0.530100
0.573300
0.530700
0.997200
0.641400
0.581400
1.004200
0.000000
0.530800
0.585600
0.530700
1.082500
0.520400
1.131500
0.526900
0.553400
0.574800
0.537200
0.533900
0.588100
0.525200
0.540100
0.547000
0.650300
1.615700
0.541100
0.735100
0.527600
0.999300
0.000000
2.369200
1.185400
0.593600
1.002100
0.528900
0.648900
0.568500
0.520300
0.666400
27.122700
1.428800
0.000000
2.025600
0.538000
0.534800
0.000000
1.202800
0.529500
0.520200
0.784300
0.731600
1.162400
0.618100
0.536500
1.075400
0.548100
0.535900
3.721600
0.536500
0.531600
1.058800
0.000000
1.639300
0.699500
0.525700
0.557400
1.180300
1.050400
0.519100
0.611500
1.078300
0.548900
0.522100
0.531400
1.162500
0.526500
0.000000
0.543700
0.614900
0.564700
0.524600
0.528800
0.534400
0.526700
0.559300
0.536800
0.536800
0.531700
0.528200
1.369100
0.568700
1.061400
1.040100
0.548300
0.540000
0.535900
1.139100
0.831100
0.665500
0.538300
0.646700
0.531400
0.518400
0.527700
0.849000
0.510600
3.783200
0.549900
0.530400
0.534500
0.526300
0.000000
0.601000
0.528500
0.550900
0.000000
2.449400
0.528700
0.526300
1.678200
0.518500
0.656500
0.529800
0.595800
1.068300
0.538400
1.177000
1.058200
0.570100
0.674300
0.539100
0.603500
0.760900
0.558900
0.000000
0.530600
0.546200
1.968700
1.322500
0.543400
0.000000
0.915200
0.535400
0.541900
0.533400
1.092800
0.530300
1.026900
0.538700
0.589200
0.532800
1.155800
0.999300
0.541700
0.546000
4.814000
0.992700
11.859300
0.000000
1.005600
0.998800
6.008500
0.528800
0.546500
1.345300
0.820700
0.554100
0.541400
2.559500
0.998400
1.002300
0.624300
0.528000
0.545400
0.566500
0.547000
2.247100
0.531100
0.000000
0.524500
0.613700
60.049800
12.000100
3.028700
0.522800
1.049800
1.101400
1.166100
0.536400
0.546300
6.047300
1.810500
0.000000
1.137100
0.528800
0.525300
0.738900
0.539000
0.533500
0.542800
0.521900
0.757300
0.542100
4.933000
0.548600
0.529600
0.518100
0.521000
0.539700
1.016700
1.070000
0.560200
0.537100
0.529100
0.685200
0.000000
0.540800
0.556000
0.530300
0.999600
0.555200
0.529800
0.529200
0.518300
0.542300
0.529300
0.527400
1.114900
0.536200
0.527000
0.548000
0.526100
1.581900
0.528100
0.000000
0.535000
0.518100
0.553000
0.571800
0.536800
0.996800
0.526100
0.000000
0.516300
0.742800
0.521500
1.491700
0.530400
0.000000
0.530000
0.525700
0.578000
4.272000
0.563700
0.544000
0.532900
0.699800
0.624800
0.532600
0.532700
0.540000
0.538000
0.539700
0.532200
0.547600
1.038100
0.998700
0.537200
0.521900
0.532300
0.539000
0.535600
0.531100
0.532500
0.516700
0.529100
0.589400
0.538500
0.519700
1.328900
1.345400
0.535100
0.535800
0.517400
0.000000
0.571600
0.549300
0.559000
0.546100
0.539300
0.506100
1.052800
0.548200
0.665900
0.612800
0.521400
0.000000
0.522100
0.000000
0.663700
0.545100
3.672500
0.538000
1.002400
0.530600
0.527000
0.526300
0.593200
1.090100
0.641100
0.541500
0.535500
0.576500
0.524300
0.609700
0.519800
0.539300
0.540200
0.513000
1.030600
0.779000
0.562000
0.531000
0.529900
0.628000
0.545000
0.667000
0.621500
0.534600
0.518000
1.063800
0.534200
0.524900
1.068800
0.559100
0.524900
0.527600
0.513300
0.582000
0.532900
1.061900
0.517100
0.000000
0.527100
1.081800
0.514500
0.539700
0.554200
1.083200
1.049400
3.413000
0.519200
0.571800
0.715400
0.543200
0.536600
0.534500
0.532500
0.531900
0.529800
0.760400
0.530600
1.036700
0.551300
0.595500
0.528000
0.525800
1.049000
1.194800
0.595400
0.702500
0.741300
0.563900
0.544000
0.579400
0.598500
0.560600
1.070000
0.542300
0.868000
0.523800
0.527100
0.527700
1.100200
0.531200
0.541300
0.533200
1.026000
0.592400
0.543200
0.999300
1.003400
0.541800
0.764200
0.597400
0.559200
0.522100
0.547200
0.535600
3.985800
0.543800
0.533500
1.047100
0.521500
0.000000
0.530900
0.538300
0.529800
0.521200
0.527000
0.651500
1.029400
0.000000
0.646400
0.541800
0.524700
0.519500
0.516500
0.543700
0.541100
0.517800
0.580200
0.544600
0.570100
0.535700
1.821000
0.539800
0.524500
1.070400
0.541500
0.523200
0.528200
0.012100
0.905000
0.530500
0.552400
0.526400
1.042500
0.554000
0.531300
0.531600
0.528500
0.548000
0.000000
0.531500
1.003600
0.530700
0.545400
0.546500
0.686700
0.528900
1.053600
0.988300
0.529900
0.554300
0.551100
0.514800
0.000000
0.545600
0.572100
0.533500
0.532600
0.429100
1.054400
0.508800
0.523900
0.537100
1.001300
0.571300
0.535900
0.527400
1.001600
0.549600
1.080300
1.070600
0.000000
0.000000
0.608900
0.533600
1.002100
0.533000
0.535100
0.000000
0.732900
0.872200
0.526900
0.551000
1.049200
0.677200
0.518900
0.648200
0.000000
0.530700
0.522900
1.082800
1.056100
0.000000
3.045000
0.531800
0.538900
0.547000
0.599700
1.034200
0.535300
0.534600
0.551300
0.991800
0.549800
0.521500
1.070000
0.634100
1.002100
0.539700
0.526800
0.539700
0.519000
0.534300
0.521500
0.556800
0.545100
1.041700
0.537500
0.541900
0.681600
0.515200
0.000000
0.659500
0.537700
0.519600
1.001100
0.524100
0.527700
0.029500
0.854100
1.054700
0.536300
0.686400
0.997400
0.758200
5.794200
0.535500
1.171500
0.527800
0.558100
1.062100
0.539800
0.530800
0.000000
0.542400
0.532600
0.551300
1.076300
0.532200
0.525200
0.564600
0.522700
0.528400
0.521800
0.593200
0.520000
0.662500
1.297600
0.540800
0.527000
0.515400
1.272500
0.653900
0.616300
0.543500
0.546700
0.553100
0.541700
1.062100
0.535200
0.554200
5.246500
0.533100
0.664200
0.534400
0.527500
0.533800
0.638800
0.000000
0.529700
0.533200
1.025200
0.000000
0.656000
0.531200
0.577100
0.580800
0.536500
0.551100
0.525200
0.612900
0.545600
0.547000
0.530400
0.525800
1.441600
1.432600
1.521100
1.026700
0.478100
1.412600
0.765500
0.521400
0.540600
0.539700
1.046200
0.518500
0.534500
0.584900
1.091100
0.543600
0.551900
0.547200
0.637100
0.518400
0.527800
0.532100
0.688500
0.531600
0.527400
0.734400
0.943800
0.539700
0.536200
0.534400
0.529300
0.000000
1.425800
1.214100
1.439800
0.484200
1.511100
1.531500
1.470500
0.000000
1.138100
1.178600
1.311100
0.000000
0.859400
1.043100
0.549000
0.992400
0.535500
0.535900
0.545600
0.537600
0.522500
0.539800
0.541100
0.539800
0.000000
0.537200
0.525400
0.523100
0.534100
0.518700
0.549200
0.543200
0.000000
0.551000
0.531100
0.529900
0.620200
0.551100
0.530100
0.519500
0.595000
0.524900
0.582000
0.571400
0.532400
0.526100
0.528900
0.776900
1.092200
0.532600
0.531600
0.547200
0.527900
0.597800
0.000000
0.529300
0.642500
1.059000
1.048100
1.027800
0.524100
0.539000
0.988000
0.655100
0.646400
0.525700
0.560100
0.560100
1.455000
0.536200
0.523200
0.537600
0.531100
0.533400
0.580400
0.523500
1.219000
0.520700
0.552000
0.528600
1.014100
0.553500
0.663100
0.534600
0.534500
2.120200
0.544700
0.657500
0.513900
0.675800
0.531400
0.536900
0.517700
0.543900
1.078400
0.537900
1.169100
0.803800
1.000600
0.710500
0.616100
0.530300
0.553100
0.524400
1.175700
0.538700
0.528600
0.000000
0.528000
0.522400
1.040000
0.615000
1.284000
0.536000
1.082500
0.535400
1.022200
0.546400
0.568400
0.530000
0.531800
0.553000
0.553100
0.626100
0.519000
0.656700
1.319500
0.528400
0.531300
1.093600
0.535700
0.539100
0.540000
1.884700
0.000000
0.545600
0.552300
1.071200
0.987600
0.552700
0.531000
0.524500
1.546700
0.525400
0.534900
1.151300
1.083000
0.000000
0.550700
0.682600
0.521000
0.665900
0.522500
0.627200
0.000000
0.555500
0.534900
0.672800
1.077300
0.521900
0.677900
0.000000
0.540600
1.236400
1.082700
0.529700
0.596700
0.531800
0.572700
0.519200
0.548600
0.531000
0.546000
1.099700
0.535200
0.521800
1.041000
0.533600
0.537000
1.096800
1.026600
0.527100
0.519600
0.549800
0.540900
0.522500
0.520100
1.162000
0.534300
0.528000
0.636900
1.269600
0.524000
0.536200
0.657700
0.599500
0.526300
0.524100
1.052400
0.022000
0.586600
0.527500
0.543000
1.002000
0.541300
0.696400
0.536100
0.526400
1.524200
0.008700
3.716100
0.622800
0.527400
0.670500
0.552800
0.554300
0.544100
0.542400
0.529200
0.534400
1.046500
0.561900
0.526900
1.156800
0.530300
0.544100
0.537800
0.551200
0.784400
0.530700
0.547500
1.132500
0.540700
0.516200
0.526600
0.666100
0.644100
0.537200
0.000000
0.711900
0.531900
0.523100
1.781200
0.543200
0.636100
1.076200
0.675500
1.763000
1.000300
0.535000
2.518100
0.519600
1.052800
0.520300
0.522500
0.537900
1.003800
0.584000
0.530300
1.079700
1.061800
0.656400
0.530500
0.993100
0.545100
2.959100
0.531600
0.563900
0.532000
0.000000
0.555400
0.608600
0.667000
0.819400
0.541000
8.712400
0.524600
1.129000
0.604400
0.540800
0.549100
1.166600
0.549800
0.551100
0.568300
0.557000
0.537800
0.824000
0.727300
0.543500
0.553300
0.555000
1.128300
0.533400
0.543900
0.533800
0.519400
0.744300
0.516100
1.083300
0.521400
0.515300
0.533000
0.559600
0.534900
0.532200
0.533400
0.023600
4.055700
0.524900
0.519400
0.531300
0.533900
1.289700
0.664400
0.579600
0.529200
0.530000
0.542500
0.556700
0.533500
0.526800
1.128100
0.529300
0.615900
0.529100
0.630700
0.523900
0.539900
0.016100
0.553200
0.526100
0.588800
1.067400
0.000000
0.995900
0.999800
0.585200
0.774800
22.618900
0.541500
0.610700
0.732300
0.520800
0.544800
0.536100
0.548500
0.589700
0.508600
0.558600
0.033400
0.608600
0.549500
1.347300
0.547200
0.556000
0.532500
0.537000
0.536500
0.578100
0.515100
0.545400
0.552800
0.519100
0.000000
1.043800
0.554600
0.555200
0.518800
0.999200
0.564900
0.538200
0.515700
0.628200
0.527900
0.550400
0.523300
1.134100
0.522800
0.536400
0.598200
0.600800
0.539200
0.566700
1.036000
0.538900
0.530300
0.519900
0.530000
0.528900
0.530700
0.539400
0.564600
0.527500
0.538600
1.098000
0.549200
0.000000
0.999600
0.525300
0.530100
0.785700
0.549300
0.707600
0.527200
0.000000
0.549500
0.513500
0.533700
1.119300
0.542900
0.534700
0.535100
0.946400
0.533500
0.531300
0.537600
0.000000
0.552000
0.532700
0.524200
0.000000
1.466500
1.388100
0.978900
0.991300
1.400300
0.583000
0.573500
1.373500
0.615100
0.556200
0.845300
0.563800
1.311200
0.496200
1.343000
0.492600
1.028700
0.000000
1.379900
0.483100
0.000000
0.000000
0.468100
0.865000
0.766400
0.474000
0.694800
1.122700
0.527700
0.591900
0.535800
0.823500
0.521600
0.522500
0.570300
0.587400
0.574600
0.535900
1.062400
0.528900
0.655400
0.526200
0.547600
0.523300
0.646800
0.660500
0.581100
0.548900
0.000000
0.529700
0.530600
0.563500
0.641400
0.565700
0.550900
0.681400
0.544900
0.701500
0.717300
0.529300
0.527800
0.000000
0.700000
0.533500
0.535000
0.532500
0.540900
0.000000
0.592800
0.604700
0.530000
0.521900
0.533500
0.591600
0.546100
0.531500
0.653400
0.533900
0.547600
0.827500
0.554600
0.522400
0.000000
1.039300
0.544600
0.014900
1.000500
0.997100
0.530400
0.999700
0.540200
1.335000
0.537000
0.537000
0.536900
0.000000
0.533400
0.587300
0.000000
0.541700
1.010100
0.536400
0.616300
0.528700
0.522100
0.536800
0.508200
0.529300
1.316500
0.545800
1.054300
1.005600
1.512000
0.602400
0.999800
1.001000
1.110700
1.065900
1.081800
0.000000
0.547700
0.574400
0.544200
0.999900
0.000000
0.574800
1.050200
0.540700
0.000000
0.543200
0.000000
0.000000
0.537000
0.532000
0.554500
0.601700
0.563000
1.031200
1.018300
0.591000
0.538600
0.563400
0.542700
0.526500
0.524000
0.522200
0.928400
1.101700
0.993000
0.588100
0.794200
0.547500
0.000000
0.000000
0.577200
0.528300
0.583700
0.526600
1.000700
1.455100
0.580900
0.000000
0.574000
1.122300
0.566100
0.931400
0.569000
0.522500
0.997400
0.000000
1.004200
0.551100
0.536400
0.000000
0.564600
0.876300
0.000000
0.000000
0.638600
2.087500
0.549300
1.110600
0.616600
0.536900
1.095400
0.537200
1.001000
0.549800
0.544200
1.000700
0.544200
4.465300
2.035500
0.631000
0.000000
0.724900
0.666600
0.547500
0.557300
0.549300
0.538500
0.539600
0.524700
0.531500
0.545600
0.537200
0.546900
0.538400
0.639700
0.000000
0.531800
0.649300
0.551500
0.548000
0.529500
0.529200
0.527600
0.622400
1.484800
0.562200
0.535200
0.532800
0.543400
0.528900
0.533500
1.159700
0.538600
0.537200
0.576100
0.524300
3.718100
0.541900
0.532900
0.541200
0.645800
0.000000
0.551000
1.052400
0.561600
0.542700
0.547300
0.000000
0.589600
3.112500
5.782400
1.000800
0.542900
0.548400
0.577000
0.992600
0.530500
0.527000
0.526500
0.694200
0.610000
0.754700
0.550500
3.305000
0.561300
0.604200
0.535600
0.529000
0.520000
0.535800
0.527100
0.000000
0.530800
0.538200
0.774900
0.580700
1.169500
0.000000
0.552500
0.576700
0.536800
0.554600
1.430600
0.530800
0.534800
0.535300
0.536700
1.422600
0.530700
1.596300
0.548500
1.031600
1.086800
0.529000
0.539900
0.634200
0.520200
0.519700
1.022400
0.579000
0.000000
0.566500
0.526000
0.528700
12.996700
0.000000
0.555300
0.548300
0.581000
0.581200
0.532100
0.532500
0.539400
0.525800
0.813500
0.597000
0.571600
1.217700
0.554900
0.529200
0.756200
0.547900
0.535700
1.049800
0.649700
0.559000
0.566300
0.560100
0.555700
0.529800
0.527800
0.000000
0.525200
1.011900
0.531400
0.000000
0.529800
1.080500
0.526800
0.523300
0.561500
0.538600
0.518500
0.546100
0.533200
0.540900
0.545900
0.548400
0.529700
0.531400
0.548500
0.656300
0.024600
0.542000
0.539800
0.559600
0.521200
1.083800
0.523600
0.657600
0.000000
0.533700
0.593300
0.532500
0.560200
0.517600
0.523900
0.532200
0.544000
0.520200
0.536700
0.545700
0.538400
0.538100
0.555900
0.531800
0.600900
0.544000
0.532500
1.111100
0.523700
0.527200
0.520600
3.406600
0.526300
0.542400
0.760600
0.533800
0.530300
0.594900
0.542900
1.977300
5.605000
0.522800
0.537100
0.522600
0.000000
0.000000
0.532000
0.539000
0.514200
0.000000
0.540100
0.537500
0.530800
0.524500
0.543800
0.000000
0.546200
1.078100
0.530100
0.518900
0.529200
0.540100
0.529400
0.676500
0.564300
0.527200
0.567500
0.533800
0.528600
0.000000
0.526000
0.549500
0.718500
0.531700
0.536400
0.545500
0.588000
1.006100
0.523100
0.543000
0.533700
0.713000
0.533800
0.546700
0.525200
0.656000
1.053100
0.724600
0.546200
0.642900
0.536100
0.535900
0.530900
0.655600
0.522200
0.560600
0.541800
0.580500
0.524600
0.523500
0.548700
1.955500
0.540400
0.535700
0.837400
0.523200
0.000000
0.551500
0.592600
0.520900
0.532500
0.526600
0.547100
0.000000
0.000000
0.587700
0.831500
0.459500
0.000000
1.356300
0.502600
1.425300
0.506000
0.000000
0.544200
0.523800
0.554400
0.714400
0.533200
2.996700
0.520800
0.544800
0.616000
0.556600
0.542700
0.538300
0.588700
0.854700
0.539700
1.036600
0.534900
0.546800
0.677600
0.514400
1.000700
0.528100
0.547600
0.654900
0.517500
0.610600
0.726400
0.574500
0.802700
0.531700
0.725800
0.582500
0.667000
0.544400
0.675600
0.535100
0.000000
0.546400
0.534300
0.569200
0.529400
0.547200
0.544400
0.538000
0.529600
1.329300
0.543100
1.300200
0.533800
0.530200
0.528900
0.550300
0.523800
0.538800
0.543900
0.812000
0.649200
0.535100
0.536800
0.515700
0.527300
0.964300
0.502200
0.980200
0.514100
1.286000
1.400600
1.999900
0.999800
0.477200
0.544300
0.540100
0.532100
0.547400
0.543200
0.664200
0.999600
0.989300
6.054200
0.541500
0.998200
0.543000
0.529500
0.529300
0.556300
0.521500
3.997700
0.563200
0.530500
0.536600
0.542600
0.526600
0.644200
1.251200
0.542000
0.538500
0.531400
0.550400
0.616200
0.605100
0.535600
0.548600
0.525000
3.613100
0.652600
0.545500
0.528300
0.539000
0.543800
2.510400
5.304500
0.991200
4.993500
0.983500
0.999200
0.753100
1.411700
0.597300
1.001200
0.983400
0.724300
0.682700
1.411700
0.985100
1.411600
0.539300
1.440100
0.000000
0.770000
0.588300
1.400100
1.565100
0.000000
0.703500
0.445300
0.508500
0.569200
1.413400
0.460800
1.433800
0.000000
0.000000
1.457100
0.680200
0.511100
0.597700
0.000000
1.262900
1.611300
0.492800
0.495400
0.847300
0.484500
0.543400
0.544600
0.541100
0.542700
5.881500
0.526300
1.052100
0.624600
0.541000
0.538700
8.486100
0.547500
0.531400
0.701000
0.609100
2.672000
0.000000
0.571000
0.531400
1.116500
0.545300
0.670500
0.540800
0.639800
0.534300
0.540900
0.526100
0.619100
0.556000
0.537900
0.524300
0.559700
0.546900
0.931300
0.533800
0.536900
0.530200
0.530600
0.745800
0.535800
0.519400
0.541900
0.544500
0.521400
0.523700
0.537500
0.523000
0.550300
0.530500
0.594200
0.514600
0.581200
0.598500
0.537000
0.000000
0.651900
0.533500
0.525200
0.521200
0.524900
0.342400
0.546800
0.530300
0.536600
1.097100
0.520900
0.677800
0.000000
1.369800
0.530100
0.516700
0.328300
0.540200
0.520900
0.548900
0.517100
0.981500
0.537600
0.528300
1.120900
1.151100
1.057300
0.587400
0.538000
0.522300
0.515000
0.548600
0.543000
0.531500
0.532100
2.185100
0.530200
0.550700
0.793400
0.544700
0.515800
0.542500
0.525100
0.528600
0.685000
0.551400
0.528600
0.541700
0.743100
0.000000
0.528300
0.535900
0.532500
0.547500
0.566700
0.523800
1.920600
0.529700
0.538700
0.555300
0.642300
0.528000
0.521100
0.541400
0.530300
0.543600
0.536400
1.205700
0.539500
0.534200
0.537300
0.527700
0.575400
1.287600
0.539000
0.542800
0.514500
1.072700
0.601300
0.529000
0.524100
0.581900
0.595600
0.551900
0.528400
0.000000
0.774700
0.520500
1.068600
0.544000
0.538700
0.545700
0.541200
0.569300
2.132900
0.774800
0.521900
1.102900
0.517000
0.545900
0.538500
1.001600
0.536300
0.000000
0.540700
0.792000
0.532900
0.511000
0.534600
0.542700
0.543700
0.520700
0.560600
0.549100
0.528200
1.000600
1.605000
0.521400
0.554800
0.516000
0.570900
0.619500
0.634200
0.543700
0.000000
0.573300
0.533300
0.568200
0.521200
0.534600
1.039200
1.083900
0.548600
1.041900
0.521800
1.126900
0.524700
0.642300
0.661800
0.529900
0.670300
0.640500
0.522000
0.719500
0.561500
0.528700
0.546600
1.143000
0.765600
1.002900
0.666300
0.730200
0.526400
0.979600
0.539600
0.530000
0.547900
0.603500
0.541800
0.537400
0.541300
0.540800
4.199300
0.064400
0.529900
0.736800
0.517800
0.579200
0.558500
0.546200
0.541300
0.516600
0.518000
0.538100
0.746000
0.527500
0.516600
0.979800
0.527100
0.539800
0.999600
1.006000
0.547100
0.524900
1.135900
0.551500
0.540100
0.537200
0.531400
0.683400
0.532100
0.571200
0.549900
0.770300
0.000000
0.606200
0.538500
0.524400
0.693800
0.529500
0.584700
0.017400
0.655900
0.562300
0.553800
0.535100
0.483300
0.692500
0.532900
1.061400
0.542500
0.532900
0.000000
0.534300
0.922900
0.685800
0.517700
0.540200
0.679300
0.763300
0.542100
0.535500
0.529800
0.521000
0.526500
0.545900
0.523900
0.546900
0.539800
0.523700
0.539900
0.521000
0.535600
0.522100
0.611300
0.020900
0.527900
0.528300
1.478800
0.654800
0.538900
0.521800
0.376400
1.055900
0.758100
0.527100
0.533200
0.527800
0.534200
0.532300
0.000000
0.521700
0.557200
1.188500
0.525400
0.562200
0.551100
0.654400
0.654300
0.543200
0.701300
1.109900
1.224600
1.066900
0.549500
0.537800
0.542600
0.529200
0.607100
0.532700
0.523300
0.542200
1.032700
0.650000
0.524100
0.564300
1.459000
0.529200
0.533300
0.624200
0.544000
1.187200
0.521200
0.627900
0.683500
1.071800
0.520100
0.522300
0.527200
0.527000
1.080600
5.674400
0.533800
0.537600
0.560500
1.135100
0.701300
1.081200
0.527300
0.523700
0.536400
1.281300
0.533200
0.654800
0.000000
0.557200
2.061200
0.531300
0.537200
0.627900
0.592400
0.529600
0.521400
0.525600
0.537100
0.522100
1.034300
1.140200
0.541500
0.522300
0.619400
0.659100
0.546700
0.524700
0.785200
0.572900
1.123200
0.589100
0.555000
0.522600
0.000000
1.159200
0.525900
0.539700
0.522900
0.597600
1.319800
0.528500
0.533800
0.528800
0.000000
0.529800
1.115100
0.526400
0.649000
0.542600
0.735100
0.000000
0.546700
0.000000
0.538200
0.520800
0.526300
0.526200
0.530400
0.584000
1.067700
0.547200
0.517000
1.532700
1.028100
0.530500
0.566500
0.548600
0.690100
0.536800
0.537000
0.032500
0.524000
0.521300
0.534500
0.516900
0.694800
1.063800
0.527400
0.546300
0.573100
0.506800
0.529600
0.890100
0.528500
0.532900
0.915500
0.763500
0.527800
0.553500
0.541900
1.238800
0.698800
0.549400
0.538500
1.184700
0.013400
0.599400
1.132500
0.542000
0.521200
0.527000
0.527600
0.543900
0.531600
0.519000
0.589000
1.069900
0.528200
0.639800
0.544800
1.022900
0.533100
0.000000
0.568200
0.630900
3.709400
0.530700
0.537000
0.993900
0.538500
1.151600
0.547400
0.533100
0.000000
11.020800
1.115200
0.000000
1.697900
0.537800
1.061500
0.541600
6.434900
1.087800
0.529300
1.082000
0.544100
1.138000
1.074300
1.181500
2.122300
17.997500
0.526400
0.776800
0.532900
0.521100
0.523400
0.521600
0.599200
0.529400
0.546600
0.000000
0.524300
0.540400
0.555300
0.508700
0.000000
0.517000
0.000000
0.528900
0.529500
0.519600
0.000000
0.682300
0.533800
0.846900
0.521300
0.611200
0.000000
0.545300
0.581700
0.523700
0.536600
0.534600
0.701000
0.548000
1.001100
0.556400
0.553700
0.000000
0.520300
0.000000
0.533600
0.570400
0.000000
0.535800
0.561000
0.548700
4.266400
0.550800
0.999800
0.533700
0.547700
0.753800
0.017700
0.525500
0.539500
0.540800
0.556800
0.521900
0.547600
1.172500
0.534800
0.566300
0.535300
0.861100
0.539200
0.523900
1.547800
0.554600
0.560200
0.522300
1.049400
0.613700
1.056100
0.527300
0.524500
0.987000
0.529500
0.553400
1.380500
0.535800
0.000000
0.535900
1.204900
0.544500
0.531100
0.559700
0.534600
0.535600
0.540800
0.536200
0.523800
0.526600
0.653300
0.547000
0.571600
3.752600
0.000000
0.538700
1.071000
0.534000
0.515400
0.534800
0.532200
0.526200
0.544300
0.799800
0.530800
0.527100
0.529400
0.570100
0.523900
0.535000
1.001000
0.533100
0.547300
0.537500
0.506700
0.528600
0.581200
0.670800
0.565100
0.000000
0.529400
0.564500
0.547500
0.000000
0.748300
0.530300
0.554900
0.524000
3.105400
0.540700
0.545900
0.000000
1.555000
0.528800
0.544100
0.531000
0.541300
1.088100
0.532700
0.529300
0.533300
0.546000
0.522300
0.535400
0.522300
0.527600
0.539200
0.535600
0.550800
0.548100
0.544400
0.542600
0.597400
1.883000
0.540200
0.530900
0.551900
0.539900
0.549400
0.540000
0.531500
0.520000
0.692300
0.605700
0.545700
0.676100
0.518100
1.008200
0.570900
0.615600
0.531600
0.546100
0.535900
0.529800
0.537100
0.896600
1.186700
0.021600
0.564500
0.550200
0.545800
2.837400
0.000000
0.735900
0.596400
1.406200
0.523200
0.542000
0.530500
15.257200
0.536500
0.530800
0.717900
1.653900
0.555400
0.658200
0.660500
0.523600
0.523900
0.537700
0.612200
0.521700
0.521200
0.534900
0.578700
0.533100
0.601100
0.538000
0.531000
0.531600
1.080100
0.000000
0.544800
0.532800
0.545400
0.000000
1.547000
0.616100
2.572800
1.022100
0.520400
0.758200
0.529600
0.528000
0.541300
0.517100
1.138300
0.535200
0.544800
0.523700
0.729700
1.175700
0.533100
0.527800
0.531900
1.062100
0.535500
0.546300
0.533700
0.521000
0.534600
0.544600
0.521500
0.528500
0.555200
0.548300
0.520200
0.531100
0.564800
0.514700
1.001000
0.633500
0.535100
0.522300
0.532800
0.540100
0.539300
0.523600
0.533400
0.531300
0.535200
0.519900
0.000000
0.527400
0.527000
0.546300
0.525500
0.544700
0.000000
0.702400
0.523200
1.061900
0.531000
0.532500
0.561300
0.000000
1.034200
1.071000
0.000000
1.023600
0.560500
0.597600
0.523700
0.579800
0.554000
1.076100
0.578100
0.541400
1.165000
0.532500
0.660900
1.080500
1.097500
0.677300
0.518000
0.542900
0.548400
0.661100
0.537200
1.039700
0.521500
0.528400
0.000000
0.534100
0.543600
1.044000
0.523400
1.021400
0.550800
0.619700
0.531800
1.000000
0.555400
0.539800
0.532700
0.558700
0.531100
0.607900
0.524700
0.999000
0.534600
0.543000
0.525500
0.543900
0.528000
0.533800
1.400000
0.539100
0.536300
0.541000
0.721400
0.521600
0.526200
0.533300
0.554000
0.704900
0.725900
0.551800
1.053300
3.286500
1.597900
0.557500
0.538100
0.000000
0.537500
0.554700
0.546700
0.478400
0.535500
0.041300
0.536700
0.553200
0.516900
0.000000
0.530100
0.542100
0.604100
0.537100
1.033000
0.544400
1.071200
0.529700
0.638200
0.523100
0.531100
0.566900
0.533900
0.518200
0.523000
0.538700
0.549400
0.527500
0.523500
0.531400
0.525700
0.525300
0.624200
0.540700
0.531000
1.121600
0.547800
1.545200
0.742400
0.535700
0.545500
0.519800
0.535200
0.533100
0.541500
0.570100
0.529900
0.535500
0.535800
0.528000
0.561900
0.921600
0.558100
0.661600
0.530600
0.536700
1.175800
0.545900
0.526900
0.593800
0.519000
0.000000
1.342600
0.532600
0.576500
0.521300
0.979500
0.833400
0.539800
0.780200
0.524400
1.113700
0.524500
0.549200
0.532900
0.547800
0.544900
0.522100
0.506700
0.532300
0.551900
0.690800
0.980400
0.544200
0.528500
1.067300
0.518200
0.531200
0.530200
1.039100
0.522900
0.544200
0.543800
3.877900
0.551300
0.000000
0.523400
0.520400
0.520400
0.527800
0.533800
0.529300
0.564300
0.738000
0.530900
0.523400
0.976900
0.516600
0.533700
0.526200
0.538200
0.515000
0.000000
0.545700
0.537600
0.000000
0.524400
0.549600
0.520500
0.538100
0.536700
1.239100
0.539700
0.571700
0.518800
0.638000
0.543100
0.531300
0.682300
0.674400
0.543200
0.522000
0.537500
0.542300
0.537900
1.079400
1.746300
0.000000
0.536600
0.531100
0.612500
0.539700
3.687200
0.518200
0.532100
0.529200
0.565000
0.000000
0.474000
1.460100
0.000000
0.554000
1.422100
0.461600
0.852200
0.000000
0.886700
1.266700
1.001000
1.406200
0.980200
0.702600
1.311800
0.978800
1.439100
1.038600
0.877900
0.978600
0.523000
1.424700
0.824900
0.000000
1.460600
0.458800
1.359400
0.000000
0.675700
1.425900
0.618000
0.991600
0.567400
0.511700
0.458900
0.536400
0.479500
1.109700
0.513200
1.436900
0.798200
0.000000
0.444100
1.121300
0.894700
0.520700
0.682700
1.382600
0.752400
0.550100
1.418700
0.535500
0.590800
0.520000
0.514500
0.580400
0.658600
0.522600
0.527400
0.533800
0.536300
0.524900
0.518100
0.536700
0.534200
0.689400
0.524500
0.537500
0.578200
0.512000
0.545200
1.064000
0.000000
0.597000
0.563900
1.075400
0.758600
0.544900
1.069100
0.551200
0.542600
0.521700
0.549400
0.530300
0.525300
0.720600
0.515300
0.000000
0.547800
0.650400
0.549700
0.552800
4.272800
0.521100
0.530100
0.539200
1.432600
0.524800
0.527500
0.014700
0.507000
0.528100
0.612300
0.518400
0.514700
0.000000
0.525600
0.562600
0.528700
0.537500
0.997600
0.541400
0.536300
0.534100
0.523400
0.522600
0.526800
0.540400
0.806300
0.126400
0.533000
0.656200
0.559000
0.519600
1.127600
0.519000
0.525400
0.535900
0.515500
0.530400
0.530200
0.527100
0.000000
0.782500
0.542900
0.532900
0.534200
0.000000
0.532800
0.548000
1.545300
0.519600
0.582200
0.542100
0.591400
0.526700
0.540300
0.531000
0.527600
0.541800
0.547200
0.525900
0.563100
0.535300
0.541600
0.015200
1.051400
0.646500
0.000000
0.525900
15.615200
0.000000
1.000600
0.541000
0.521600
0.531000
1.582400
7.063000
0.669400
0.532500
0.643500
0.531400
0.556400
1.728000
0.535000
0.530100
5.864600
0.000000
0.536200
0.530100
0.640600
0.540800
0.629000
0.565500
0.000000
0.549700
1.001400
0.546800
0.540900
0.523800
3.370400
0.524500
0.534500
0.529500
0.552800
0.559300
0.539600
0.572900
0.538400
8.311000
0.536600
0.549500
0.523100
1.662600
0.539600
0.523600
0.651100
0.523300
0.572600
0.530500
0.531100
0.529300
0.512800
0.650300
0.542800
0.542100
0.649200
0.551500
0.533400
0.546800
0.734100
1.063400
0.527600
0.555300
0.522100
0.000000
0.529400
0.702400
0.530500
0.565900
0.595900
0.548000
0.564700
0.532200
0.530900
0.528500
0.530000
0.541800
0.523900
4.149700
1.346600
1.333900
1.439400
0.954000
1.373900
1.294600
0.465500
0.000000
1.514900
2.099000
0.963000
1.447700
0.523800
0.534200
0.539100
0.555200
0.523900
0.538300
0.539300
0.685600
0.531900
0.539700
0.750000
0.541700
0.530200
0.051700
0.544200
0.548200
0.529900
0.636200
1.035100
0.676800
0.549900
0.538900
0.545700
0.538800
0.544300
1.083500
1.215900
0.531900
0.070500
1.106900
1.008800
0.557300
0.530900
0.738300
0.729100
0.534700
0.019800
0.551600
0.518000
0.622800
0.649800
1.409100
0.000000
0.547500
0.522800
0.655100
0.980000
0.524100
0.538400
0.538100
0.000000
0.541800
0.555500
1.054500
0.619400
0.561900
0.535800
0.535200
0.652900
0.531400
0.531700
0.524900
0.540500
0.000000
0.680300
0.669900
0.831900
0.536400
0.524500
0.547000
0.574500
0.523900
0.533400
1.145100
0.542200
0.532300
0.539600
0.024600
0.000000
0.521100
0.531300
1.063200
0.549200
1.329200
0.553200
0.487200
0.000000
0.614000
1.309600
0.803800
0.978600
0.748400
0.953500
1.038800
1.167400
0.000000
1.023600
0.593500
0.538700
0.539100
0.000000
0.599800
0.558700
1.315000
1.065900
0.555200
0.730800
0.760500
0.544900
0.573000
0.601000
0.547700
0.532000
0.999100
0.547200
0.533400
0.529500
0.516700
0.544700
0.547000
0.584300
0.517300
0.518200
0.527900
0.541800
0.520900
0.531200
0.534500
0.535700
0.581000
0.000000
0.537700
0.543200
0.528200
0.515900
0.530600
0.537900
0.576700
0.533200
0.517000
0.538100
0.535800
1.389700
0.000000
1.425300
1.358700
0.526800
0.534700
0.998200
0.440600
0.542900
0.542700
0.534000
1.457400
1.429400
1.418500
0.999500
1.000800
0.545400
0.559100
1.118000
0.522200
0.558100
0.524900
1.091200
0.544300
0.536700
0.535500
0.531200
0.540000
0.513100
0.541100
0.521900
0.529800
1.040100
0.663400
0.564200
0.536900
0.515200
1.000700
0.507100
0.663500
0.726600
0.532600
3.957200
0.544700
0.533700
0.789200
0.523200
0.531400
0.558800
0.530500
0.000000
1.421700
0.900700
0.978100
0.521100
1.382600
1.288100
0.733400
0.551200
1.419200
7.510800
0.627400
0.539800
1.305100
0.519900
0.533400
0.518800
0.566300
0.533300
1.075900
1.258900
5.242000
1.009200
0.953600
0.862600
0.698500
0.535800
0.531200
1.457500
0.535200
1.369100
0.776600
3.830800
0.527900
1.456000
0.999900
0.709800
0.666400
0.522000
0.520200
1.080200
3.642900
0.519700
0.553200
0.549700
0.539500
0.543900
0.552900
0.987000
0.525700
0.539700
1.086400
0.548000
0.672600
0.543200
1.046500
0.545200
0.549600
0.600000
1.661400
0.541800
0.543300
0.537900
0.536700
0.627500
0.523700
0.815500
1.047500
0.730300
0.533000
1.257400
0.536400
0.542000
0.586200
1.211900
0.538600
0.536900
1.391900
1.328100
0.586500
0.569000
0.560100
1.111400
0.546200
0.012500
0.997500
0.520500
0.538700
0.521200
0.590700
1.629100
0.536600
0.522300
0.552400
0.512900
0.525900
0.545200
0.535700
0.547800
0.525800
1.284600
0.539000
0.534400
0.521300
0.541300
0.531000
1.030000
0.000000
0.573100
0.523800
0.540900
0.627600
2.587700
0.533500
0.538300
1.038200
0.606300
0.539700
0.532200
0.589000
0.528500
0.520800
0.689000
0.534900
0.528200
0.750500
0.547000
0.527900
0.522100
0.535900
0.668600
0.686800
0.543000
0.538300
1.726000
1.290100
0.537200
0.510300
1.748100
4.247800
0.526400
1.098400
0.550800
1.044300
0.529800
0.530400
0.732700
1.011500
1.379900
1.609600
1.368300
1.000800
0.904200
0.542900
0.522800
0.723600
1.322100
0.588300
0.561600
0.980700
0.525500
0.738100
0.523600
0.520800
0.553600
0.543500
0.548800
0.542500
1.070200
0.529900
0.529800
0.557200
0.554400
0.532600
0.608800
0.534500
0.699900
0.572200
0.658900
0.559700
0.995400
0.538100
0.538100
0.628000
1.061500
0.564700
0.521400
0.546700
0.804100
0.537700
0.551700
0.585300
0.522900
1.040100
0.535900
0.656300
0.532900
0.551400
0.521500
0.527100
0.531900
0.526000
1.064200
0.552900
0.593300
0.541000
1.121800
0.526200
0.535600
0.000000
0.544400
0.540400
1.000200
0.538800
0.522300
0.525500
0.599100
0.519100
0.591100
0.632600
0.516200
1.546700
0.540300
0.530300
0.516000
1.199800
0.616900
0.576200
1.059400
0.542500
0.558000
0.544800
0.742200
0.518400
0.732500
0.654500
0.581300
3.716400
0.532000
0.541900
0.808400
0.527200
0.530100
1.115600
0.527800
0.540100
12.998300
1.031000
0.528300
0.521000
0.547900
1.018600
0.998700
0.539700
1.087400
0.534600
0.536200
0.518400
0.704500
1.068600
0.755200
0.892700
0.509400
0.534400
0.536200
0.644800
0.723900
0.487700
1.420300
0.919100
0.000000
0.971900
1.486900
1.412200
0.980600
0.617700
0.635000
1.274300
0.458500
0.692800
1.459400
0.535300
0.524400
0.613700
0.535500
0.530100
3.925000
0.653000
0.000000
0.531500
0.750200
0.000000
1.078500
0.528400
0.521700
0.772400
0.565800
0.540500
1.228800
0.549900
0.533000
0.519000
0.543800
0.589700
0.537300
0.524000
0.661200
0.532600
0.534600
0.540600
0.519100
0.527100
0.540900
0.540900
1.024900
0.520600
0.531200
0.580900
0.678100
0.551600
0.000000
1.131900
0.531800
0.538300
0.523200
0.554100
0.529400
0.546100
0.517500
1.126900
0.528400
0.714600
0.520400
1.034000
0.546300
0.528500
1.086300
0.000000
0.749700
0.526400
0.528900
0.000000
0.544700
0.537900
0.523400
0.527400
0.524300
0.650200
0.536000
0.549800
0.541700
0.540300
0.544000
0.519500
0.528600
0.947200
0.528400
0.518400
0.623400
0.526800
0.534700
0.522500
0.527600
1.091700
0.520500
0.543100
0.618800
0.519900
0.787400
0.632800
0.535800
0.531600
1.286000
0.544100
0.532900
0.578600
0.530600
0.577600
1.159900
0.544000
0.575200
1.401700
0.535000
0.660900
0.558800
1.000100
0.529500
0.743500
0.577500
0.524200
0.539400
0.544000
0.622400
0.543600
0.514100
0.528300
0.567400
0.521400
0.657700
0.541100
0.661500
0.520700
0.531000
0.519400
1.020200
0.544900
0.537900
1.187200
0.515100
0.523400
0.536000
1.659100
0.532700
0.529000
0.604600
0.540200
0.518100
0.537800
0.581900
0.521400
0.526200
0.000000
0.569900
0.526600
0.543800
0.557600
0.542100
0.677100
0.530000
1.158500
0.546200
0.623700
0.665500
0.522800
0.526700
0.541400
0.621300
0.526500
1.996100
0.517300
0.533800
0.522700
0.551500
0.597700
0.563200
0.541100
0.549200
0.527500
0.545800
0.687200
0.525200
0.630500
0.549100
0.542200
0.538600
0.531800
1.812400
1.039900
0.522600
0.549300
0.527300
0.684700
0.523800
0.554200
0.527700
0.705400
0.517500
0.528400
0.533800
0.686200
1.188700
0.527600
1.140000
0.713200
0.527600
0.530000
0.550700
0.518500
0.546600
0.532000
0.535000
0.516700
0.536200
4.130000
1.077300
0.535800
0.527900
0.537900
0.778500
0.538100
1.079900
0.596200
0.522000
0.760600
0.539800
0.653800
0.527600
0.523400
0.549800
1.034300
0.545400
0.543900
0.531500
0.531900
0.521000
0.542200
0.786600
0.526500
0.694300
0.633100
0.743200
0.562700
0.549700
0.624400
0.528100
0.538100
0.000000
0.743000
0.525400
0.536600
0.795400
1.607000
0.639500
0.531700
0.802700
0.571100
0.552100
0.530200
0.520600
0.562500
0.534400
0.547600
0.000000
0.523400
1.039100
0.538700
1.074000
0.548500
0.538700
0.626300
0.644800
0.720000
0.542500
0.537900
0.023000
0.585100
0.530400
0.551900
1.033700
0.549600
0.541800
0.625200
0.538100
1.059000
7.997900
0.547900
0.999100
0.735900
0.534900
0.577600
2.084700
0.000000
1.928800
0.552900
0.530800
1.192900
0.547000
0.652200
0.519600
0.523400
0.536900
1.205100
0.533100
0.518900
0.530000
0.530000
0.520900
0.640200
0.522900
0.518400
0.536200
3.974900
1.082600
0.586100
0.737000
0.532500
0.547600
0.526800
0.544400
0.527500
0.530100
0.521700
0.541300
14.000300
1.618800
0.537500
4.090500
0.526900
0.535000
0.578100
0.540300
0.538400
0.629300
0.528700
0.611800
0.526000
0.769800
0.537700
0.507500
0.542600
0.000000
0.530100
0.545900
0.537100
0.530600
0.536400
0.530200
0.541300
0.814900
0.000000
0.467100
0.550800
0.733000
1.420400
0.987300
1.419500
0.591000
0.558800
0.517600
0.000000
1.447100
0.572500
1.413900
0.985800
0.000000
0.856000
1.419900
0.000000
0.516800
0.529400
0.769600
0.614900
0.524300
0.716500
0.682900
0.548500
0.537300
0.523000
0.617400
0.532000
0.523800
0.535200
0.531700
0.596900
0.544100
1.107100
0.612200
0.547500
0.534700
0.522700
0.994000
0.510500
1.050400
9.005600
0.528000
0.545400
0.600200
0.517100
0.531700
0.521900
2.665400
0.521600
0.541600
0.000000
0.611000
0.523600
1.069200
0.530700
0.542700
0.538600
0.518500
0.525600
0.563700
1.092500
0.529600
0.529100
2.667000
0.545000
0.706100
1.134700
0.541100
0.524900
0.522000
1.061700
0.545300
0.778600
0.530000
0.980200
0.529500
0.543500
1.055300
1.014400
0.543100
1.100600
0.567900
0.000000
0.543600
0.612800
0.527900
0.529800
0.527600
1.437600
0.552700
0.681400
1.648500
0.529800
0.609800
0.530500
1.068800
1.411900
0.521000
0.558100
0.543800
0.643000
0.532000
0.528500
0.995500
0.522500
0.000000
0.522000
0.536900
0.543600
0.520900
0.641800
0.525500
0.541100
1.011500
0.995200
0.538600
0.658900
0.519500
0.534700
0.525100
0.543400
0.557900
0.538400
0.539500
0.533800
0.519800
0.554900
0.541400
0.537100
0.602800
0.000000
0.000000
0.560200
0.571100
0.519200
0.554500
1.002500
0.579100
0.531700
0.540400
0.543100
0.544000
0.536900
0.531400
0.545700
0.533000
1.079600
1.069800
0.774000
0.668400
0.520600
0.682100
0.539400
0.555400
0.542700
0.673300
0.534100
0.548800
0.537700
0.530100
0.535600
1.054400
0.536500
0.519100
0.000000
2.467000
0.544400
0.525200
0.538300
0.533700
0.509200
0.523600
0.723900
0.531700
0.528300
0.602300
0.534400
0.552100
0.527000
0.000000
0.530500
0.520100
0.654300
0.000000
0.548000
0.527100
0.060800
0.530400
1.048000
0.541700
0.544400
0.687100
0.528500
0.545200
0.527400
0.538300
0.642400
0.527700
0.518400
0.528200
0.529200
0.571100
0.523200
1.050300
1.113900
0.530800
0.528800
0.535100
0.587800
0.556300
0.603600
0.580300
0.999600
0.533700
0.538000
0.559500
0.517000
0.532100
0.671500
0.541100
1.274200
0.703300
0.530800
0.541100
0.539000
0.000000
0.751300
1.357700
0.538500
0.550200
0.528800
0.719200
0.632600
0.560700
0.540000
0.904800
0.547800
0.528300
0.802000
0.530700
0.527600
0.531000
0.540000
0.619800
0.539100
0.580500
1.091800
0.533300
0.539100
0.533100
0.539100
0.533500
0.000000
4.049500
0.629400
0.537100
0.542400
0.572500
0.768400
1.052700
1.001100
0.527000
0.522500
0.524700
0.010700
0.636200
0.581700
0.522700
0.993900
0.518400
0.544800
0.520100
0.518500
1.055500
0.000000
0.835500
0.548200
0.533100
1.341700
1.051800
0.551000
0.536500
0.541300
1.679800
0.529900
0.532200
0.527500
0.027300
0.599400
0.537900
0.530100
0.555300
0.527900
0.537900
0.518800
1.010900
0.576200
0.530900
0.541900
0.547800
0.657400
1.173900
4.519800
1.545700
0.542000
0.532000
0.533600
0.685600
0.531000
0.905700
0.790400
0.548300
0.000000
1.532700
0.520600
0.530500
0.523300
0.702800
0.527800
0.536800
0.539600
0.821200
0.541800
0.538600
0.540800
0.515700
0.661900
0.547400
0.840200
1.013600
1.419400
0.698800
0.929300
1.047700
0.639800
0.929300
1.090000
1.494900
1.467900
1.388600
0.585500
0.514000
0.536800
0.546600
0.545200
0.527600
0.538900
1.330900
0.551300
0.526500
0.528600
3.984700
0.538000
1.114000
0.825400
0.541300
0.018800
0.537500
0.585000
0.536900
1.069000
0.561200
1.120200
1.117700
0.545200
0.522700
1.058600
0.525400
1.115800
0.530600
0.523500
0.539600
0.533300
0.519800
0.021800
0.534900
0.524400
0.522400
0.516600
0.538400
0.523000
1.096700
0.507600
1.000000
0.615300
0.630500
0.533800
0.544000
0.635300
1.073700
0.525200
0.536200
0.519100
0.491200
1.399200
1.845600
0.489200
0.541600
0.549300
0.516400
0.529700
0.527200
0.525000
0.529100
0.534100
0.550100
2.004900
1.144100
0.521800
0.545300
0.538700
0.517000
0.591100
1.094000
0.533900
0.526900
1.122500
0.542900
0.531000
0.545400
0.536800
0.535400
0.553200
0.540900
0.538600
0.544500
0.714800
0.520500
0.509500
0.525700
0.598300
0.552600
1.045000
0.698300
0.597600
0.542400
0.532300
0.540900
0.530400
0.653500
0.522600
0.658400
0.000000
0.543400
0.521800
0.526500
0.808600
0.541000
0.000000
0.546300
0.531400
0.536700
0.537400
0.548800
0.532300
0.526000
0.526800
0.753600
0.533800
0.559300
0.535500
0.553000
0.529200
0.620200
0.733900
1.403300
0.661500
0.531900
0.536100
0.553500
0.644100
0.542600
0.547500
0.547400
0.522000
0.546400
0.529800
0.550300
0.544400
0.958600
0.513800
0.538500
1.099000
0.615500
0.552500
0.514700
1.263300
0.554900
0.531900
0.525000
0.513500
0.560500
0.542400
0.539300
1.077400
0.000000
0.527600
0.758100
0.527200
0.535700
0.537200
0.550400
13.758900
0.528200
1.051400
0.589200
0.525100
0.536100
0.524200
0.570500
0.539100
0.571500
0.518500
0.572800
0.530800
0.521400
0.000000
0.535200
0.544700
0.536000
0.654000
0.000000
0.545800
0.609100
0.532600
0.532200
0.535900
0.551900
0.575200
0.989200
0.543400
0.522900
0.541300
0.535400
0.528300
1.255200
0.532200
0.523600
0.522400
0.676100
0.527500
0.520400
1.030800
0.541300
1.054300
0.525600
0.520200
0.995200
0.535400
0.523000
0.527400
0.556900
0.539500
0.544300
0.524300
0.530400
0.530200
0.521700
1.001500
0.520000
0.611200
0.542600
0.540900
1.060000
0.519200
0.544200
0.520000
0.539000
0.522900
0.530700
0.525200
1.523000
0.527400
0.526300
1.134300
0.521600
0.629200
0.542900
0.540900
0.527500
0.522800
0.537800
0.540000
0.526200
0.540600
0.513800
0.534400
0.532400
0.551400
0.532000
1.148800
0.534000
0.543600
0.610200
0.539600
0.546400
1.426700
0.522200
0.526200
0.511800
0.548100
0.544000
0.550100
0.574300
0.700700
0.528000
1.105000
0.554300
0.536000
0.532700
0.546600
0.000000
0.523300
0.541400
0.664300
0.523500
0.534500
1.208700
1.273500
0.668200
0.552900
0.528200
1.275100
0.530100
0.522900
0.533400
0.538600
0.524600
0.539900
0.534400
0.527800
0.540100
0.533700
0.000000
0.527900
0.529100
1.016600
0.810100
0.526600
0.539800
0.534200
0.000000
0.000000
0.538700
0.713100
0.529200
0.529100
0.552300
0.544800
0.542000
0.607500
0.071800
1.093200
0.517200
0.540200
0.547700
0.529000
1.413200
0.543600
0.523500
0.536400
0.547200
0.546300
0.000000
1.609200
0.525500
1.058700
0.541100
0.548800
0.542200
0.708500
0.559900
0.532400
0.521700
0.521200
0.536800
0.531100
0.533600
0.628800
0.534300
0.026100
0.529400
1.104800
0.529600
0.718900
0.523600
0.583400
0.623300
0.535800
0.694400
0.520900
0.548200
0.522200
0.683200
0.591600
0.531200
1.033400
0.520500
0.542200
0.521900
0.544400
0.612800
0.535700
0.530000
0.592800
0.624400
0.536100
0.517700
0.535700
0.521600
0.531800
1.106100
0.552400
0.527000
0.602600
0.528600
0.630400
0.554900
0.554300
1.051900
1.128700
0.521000
0.527300
0.544500
0.540700
0.648100
0.544600
0.558300
0.515800
1.163400
0.541300
0.544700
0.574900
1.202600
0.529200
0.523700
0.545700
0.649800
0.998500
0.542800
0.540100
0.526800
1.086200
0.602400
0.531600
0.546900
1.065900
0.551100
0.541000
1.266700
0.602800
0.524200
0.000000
0.805400
0.525500
0.542100
0.524400
0.619200
0.528400
0.576800
0.542700
0.544200
0.593700
0.554900
0.532000
0.645100
0.527400
0.576400
0.660900
0.721100
0.532100
0.528100
0.539700
0.621100
0.525900
0.537000
0.531200
0.802200
0.539500
0.530600
0.539400
0.526100
1.054700
0.544900
0.582800
0.000000
1.419000
0.457000
0.671600
0.479700
0.980400
1.430500
1.013300
0.980400
4.014700
1.329000
0.645200
1.390000
0.000000
0.575400
1.244300
0.584500
0.516600
0.020500
0.537200
0.716600
0.617800
0.535800
0.549100
0.531300
0.532000
0.533900
1.070400
0.540700
0.547300
1.046100
0.538200
0.686000
0.558900
1.132500
0.514700
0.543100
0.560300
0.543800
0.517700
0.535300
0.529700
1.334800
0.528800
0.535000
0.524600
0.626000
0.541400
0.547600
0.540800
0.526400
0.000000
0.542300
0.560700
0.538400
0.524300
0.532700
1.166800
4.230900
0.544500
0.689200
0.544000
0.589100
0.548100
0.625600
0.529200
0.542000
0.522800
0.518600
0.574700
0.636600
0.525800
1.848900
0.570600
0.537100
1.080300
0.557900
0.532900
1.011600
1.041100
0.534400
0.000000
0.545400
0.791500
0.522800
0.526400
0.564000
1.615400
0.690400
0.642100
1.550400
0.552900
0.611300
0.528500
0.531200
0.552700
0.547000
1.093500
0.516500
0.532700
0.545200
0.523600
0.533200
0.529000
0.520600
0.525800
0.536100
5.287500
0.530900
0.532900
0.527300
0.633000
0.529000
0.000000
0.550700
0.538900
0.547000
1.151700
0.535000
0.530800
0.529500
0.546400
0.525900
0.539600
0.548500
0.522300
1.062200
0.565900
0.540000
0.550600
0.553000
0.539000
1.139600
0.528300
0.538000
0.529200
0.559100
0.531100
0.522600
1.044900
0.536500
0.545100
0.550200
0.525200
1.065100
0.543900
0.543900
0.580500
0.538800
1.121400
1.064400
0.522800
0.543900
1.067600
0.000000
0.000000
0.555600
1.464700
0.521500
1.053100
0.540100
0.925500
0.520900
0.580200
0.555100
0.527000
0.544500
0.541800
0.544100
0.530100
0.528200
0.520300
0.554400
0.543800
0.532600
0.533000
0.677000
0.551300
0.559200
0.570200
0.658700
0.525800
0.521200
0.540000
0.532600
0.521300
0.537900
0.555300
0.567400
0.000000
0.546200
0.749900
0.541700
1.273900
0.526400
0.532300
0.526200
0.691300
0.998400
0.533000
0.535700
0.668300
0.619100
0.550000
0.530100
0.547300
0.663000
0.520900
1.053600
0.659600
0.524200
0.549400
0.521000
1.207700
0.550100
0.584000
0.520200
0.621900
0.540700
0.559500
0.610700
0.528500
1.000900
1.300300
0.536400
0.526400
0.542400
0.544800
0.550300
0.535100
0.536700
1.556100
0.730900
0.533600
0.537100
0.691100
0.529900
0.553800
1.068600
0.516700
0.516300
0.547000
0.548700
0.546300
1.257500
0.543500
1.091500
0.000000
0.541500
0.528200
0.533100
0.544500
0.531600
0.574500
0.526300
0.523100
0.541100
1.089700
0.550200
0.539200
0.532300
0.535300
0.520300
0.707300
1.161600
0.537900
0.533400
0.533300
1.001800
0.596000
0.542100
0.523800
0.538000
0.536800
1.976000
0.556900
0.539400
0.547000
0.590700
0.545000
0.528000
0.637200
0.570900
0.531500
0.530700
0.522800
1.174600
0.526900
0.545100
0.537400
0.526200
0.528700
0.531000
0.599800
0.531700
0.537400
0.528400
0.616500
0.512000
0.537100
0.568800
0.539400
0.521400
0.526700
1.642100
1.033100
0.539200
0.613500
0.697500
1.002200
0.518800
0.541200
0.524500
0.523000
1.420600
1.339200
0.538200
0.545500
0.547500
0.528700
1.353700
0.978500
1.422700
0.590500
0.498400
1.014800
0.685500
0.859200
0.000000
0.462100
0.481000
4.245300
0.598500
0.759200
0.519900
0.554500
0.538400
0.529100
0.531200
1.395100
0.979000
1.513400
1.098500
0.553200
0.685400
0.988600
1.345600
0.633700
1.101800
0.529300
0.535100
0.579000
1.191800
0.012900
0.546200
0.588100
0.644900
0.540800
0.529100
0.529200
0.522000
1.287500
0.531600
0.716000
0.539800
0.653700
0.539100
0.533600
0.528100
0.535400
0.000000
0.531600
0.550100
0.521000
2.965200
0.553500
0.533000
0.526300
1.148400
0.701000
0.534900
0.606700
0.542000
0.531500
0.570600
1.169600
0.534300
0.553200
0.540100
0.705300
0.538400
1.086700
0.561900
0.529200
0.547400
0.524900
0.000000
0.542200
0.524300
0.524000
0.525900
0.515300
4.305300
0.521700
0.522100
0.522000
0.531200
1.068200
0.544900
0.534300
0.562400
1.380900
0.529300
6.237100
0.540900
0.540100
0.540200
0.531900
0.663100
0.533600
0.535400
0.544000
0.520900
0.529800
0.572300
0.675200
0.519900
0.541500
0.543300
0.609200
0.527300
0.658700
0.519500
1.119700
0.596400
0.543100
0.555900
1.050700
0.546000
0.561400
0.714000
0.530100
0.548000
0.540000
0.531500
0.533300
0.534600
0.597600
0.627000
0.554500
0.560400
4.329900
0.000000
0.546400
0.537500
0.550000
0.635400
0.784200
0.536100
0.534300
0.992800
16.018000
0.000000
0.548400
0.526700
0.673000
0.537100
0.736500
0.532800
0.000000
0.519000
0.014100
1.226300
1.038700
0.530400
0.794400
0.526100
0.629600
0.599600
0.555300
0.529200
0.519300
0.531700
0.662000
0.644700
0.525800
0.999900
0.553500
0.542800
1.060400
0.577600
0.747700
1.343400
0.523700
0.525900
1.038100
0.552100
0.594900
0.529800
0.548100
3.671000
0.532500
0.527400
0.543000
0.535600
0.560500
0.506300
0.543400
0.536100
0.517600
0.540000
0.720300
0.545400
0.531500
0.534700
0.539900
0.704800
0.536800
0.669600
0.599600
0.580000
1.157100
0.533100
0.516300
0.686800
0.531600
0.661100
0.524300
0.635700
0.999300
0.554300
0.578100
0.533700
0.989800
0.543500
0.790400
0.538100
0.537900
0.521400
0.560200
1.137200
1.000700
0.612500
0.809200
1.058800
0.530300
0.528900
0.000000
1.039800
0.534500
0.542800
0.653300
1.004200
0.718900
0.540500
0.729700
0.538200
0.530400
0.621500
1.103300
0.536200
0.515800
0.518700
0.525300
0.528100
0.691300
0.526700
0.611200
0.531200
1.077500
0.633900
0.546300
1.002300
1.060400
0.544200
0.541000
0.535300
0.654600
0.535300
0.528100
0.522400
0.730100
0.529500
0.531800
0.685500
0.510000
0.577900
0.996800
0.535600
0.535400
0.517000
0.600900
0.531100
0.683700
0.526800
1.050300
0.606200
0.787400
3.440200
1.997500
0.541000
0.000000
0.541900
1.083600
0.553500
0.747900
1.056000
0.035400
0.526600
0.576200
0.546000
0.530400
0.538400
1.080800
0.548200
0.533400
0.539600
1.554800
0.530700
0.538200
0.653100
1.148600
0.526800
0.510700
0.550000
0.529300
0.607700
0.519200
1.147600
0.524600
0.620100
0.788000
0.525000
0.549900
0.524300
0.549600
2.337400
0.536100
0.523800
0.557300
0.533900
0.556700
0.552400
0.847800
0.554800
0.992400
0.580800
3.974600
0.518100
1.243400
0.540400
0.544700
1.053400
0.546500
0.619000
0.520300
0.620200
0.518600
0.614100
0.549100
0.690500
1.052300
0.525200
0.557400
0.520100
0.535400
0.522900
0.000000
0.684800
0.529900
0.530600
1.209400
0.549400
0.699600
0.696400
0.540600
0.599800
0.549400
0.542300
0.525500
1.275500
0.518900
0.536000
0.539500
1.328100
1.060200
0.523400
0.684000
0.998800
0.535000
0.578800
0.530400
0.610500
0.534100
0.530300
0.530500
0.013400
0.734900
1.021700
1.198200
0.000000
0.528000
0.519400
0.525000
0.536300
0.530900
0.540900
0.521400
0.533500
1.082600
0.542700
0.528100
0.524000
0.551200
0.539300
0.529200
0.530300
0.000000
0.533300
0.013000
1.019900
0.538300
0.519600
0.548000
0.516900
0.742700
0.529700
0.541500
0.534700
1.342400
0.604900
1.490600
0.593300
1.603200
0.000000
0.530200
0.814700
0.664500
0.521600
0.998400
0.555100
0.546900
0.564900
0.520000
1.043200
0.616000
1.074900
0.525600
0.521500
0.741600
0.678000
0.521800
0.532900
0.544300
0.589300
1.512300
0.555200
0.544000
1.042300
0.531000
0.729600
0.536500
0.507900
1.081900
0.559000
0.542600
0.525700
0.535700
0.527100
0.000000
0.551000
0.591600
0.544000
0.704900
0.531000
0.550000
0.797800
0.547900
0.654100
0.527200
1.079000
1.034900
0.541100
0.529200
0.521600
1.160100
0.568400
0.539600
0.534500
1.080100
36.280700
2.001700
1.686100
0.577900
4.157100
1.997100
0.519100
0.527100
1.000700
0.662800
1.091000
0.527200
0.531900
0.623400
3.481500
0.546200
0.586700
0.683900
0.000000
0.550500
0.523800
1.071700
0.602300
0.571200
0.586100
0.935600
0.540400
0.549100
0.542300
0.998300
0.000000
0.538800
0.699400
0.532400
0.526500
0.510500
0.548000
0.603400
0.552100
0.602500
0.536500
0.545700
0.559100
0.544400
0.000000
0.530200
0.553000
0.520800
0.532200
0.529800
0.594500
0.717400
0.566800
0.634300
0.524800
0.553400
0.533300
0.590400
0.649000
0.558900
0.654700
0.534300
0.544700
0.538800
0.538700
0.735900
0.544800
0.536800
0.521200
0.683000
1.163800
0.731100
0.543100
0.548700
0.555800
0.531200
0.535000
0.537400
1.130900
0.535400
0.537000
0.555300
0.548400
0.536900
2.808800
0.676000
0.556200
0.510600
0.568500
0.541700
2.341000
1.000800
0.543500
0.554400
0.534600
0.014500
0.525800
0.523500
0.538300
0.562900
0.544300
0.551500
0.631900
0.522800
0.533000
0.626300
0.518700
0.547200
0.543600
0.533800
0.527800
0.557200
0.647200
0.534900
0.697400
0.546900
0.612600
0.546400
0.529100
0.517900
1.083300
0.522200
0.533300
0.575500
0.530300
0.542700
0.541100
0.617100
0.519200
0.599200
0.533200
0.529300
0.522400
0.613800
0.542700
0.540000
0.591500
0.517100
0.892400
0.537400
1.077400
0.000000
0.454300
0.511100
0.581100
0.685900
0.000000
0.586400
0.533300
0.565400
0.568600
0.665500
0.527600
0.609700
0.656200
0.980000
0.542100
0.527700
0.522300
0.556900
0.530200
0.524300
0.527100
0.538900
0.000000
0.536200
0.564000
0.518700
0.532800
0.811300
0.538200
0.532300
0.532400
0.529900
0.564700
0.769900
0.528100
0.574000
0.524600
0.520700
0.536300
0.542500
0.579600
0.546700
0.521800
0.520600
0.538400
0.543700
0.603300
0.524700
1.043300
0.535700
0.550900
0.521500
0.531900
0.529700
0.529900
0.531700
0.639700
0.674000
0.542600
0.601500
1.039800
0.527700
0.921800
0.539700
1.036400
0.534400
0.535900
0.539400
0.554100
0.533800
0.530800
0.529000
0.533400
0.537300
0.540600
0.518700
0.549000
0.545400
0.532900
0.542900
1.263400
0.544000
0.537000
0.530100
0.668800
0.550100
0.540000
0.537300
0.550900
0.548200
0.542700
0.540500
0.532300
1.087700
0.566200
0.542400
0.539600
0.020400
0.633100
0.555700
1.092300
0.533800
0.539500
0.541800
0.625000
0.532100
0.528400
0.621300
3.540900
0.543100
0.537400
0.531100
0.534100
0.606700
0.556400
0.550300
0.545100
0.529000
0.529400
0.577500
0.533100
0.540600
0.617400
0.545700
0.525300
1.044000
0.548600
0.539800
0.558800
0.520900
0.546300
1.061700
0.523600
0.521600
1.082500
1.067900
0.509200
0.530800
0.567500
0.570100
0.532800
2.309600
10.278800
1.078000
0.517200
1.079700
0.535500
0.560700
0.513600
0.524900
1.073900
1.113700
0.540800
0.538800
0.532600
1.038700
0.529300
0.542400
0.546300
0.539200
0.537000
1.122000
0.642000
0.524200
0.802100
0.538000
0.729100
0.534800
0.621800
0.527100
0.536300
0.541600
0.528400
0.518300
0.536800
0.534900
0.545400
0.534600
0.540100
0.611300
0.034500
0.605300
0.533500
0.522700
0.558400
0.522300
0.549100
0.570400
0.545800
0.774900
0.537200
0.507000
0.526800
0.542600
0.530900
0.538800
0.542500
0.536500
0.532200
0.554400
0.527300
0.546700
0.538400
0.546000
0.627200
0.537800
0.521800
0.565400
0.538800
1.067800
0.520000
0.517900
0.516900
0.581200
0.533900
0.545500
0.535800
0.542400
0.528200
0.638900
0.626400
0.664300
0.542400
0.615800
0.574100
0.690100
0.541700
0.549500
2.662400
0.615300
0.544100
1.062500
0.555200
0.550300
0.536400
0.000000
0.543000
1.084800
0.524500
0.647600
0.540000
0.528900
0.542800
0.547000
0.529100
0.544700
0.533400
0.546100
0.541300
0.536700
0.533300
0.532200
0.537300
0.547000
0.527600
0.557200
0.541300
0.531200
0.671400
0.526200
0.553100
0.899900
0.546200
0.539400
0.521600
0.608800
0.526400
0.589200
0.541800
0.517500
7.432900
0.514000
0.536800
0.547400
0.550000
0.523700
0.543400
0.529000
0.608000
0.571400
0.508300
0.542700
0.540500
0.551500
0.533100
0.547000
0.532500
0.538300
0.563700
0.517300
0.532000
0.544400
0.542900
0.541400
0.547900
0.525000
0.553700
0.546200
0.547800
0.541300
0.544800
0.525500
0.546800
4.302000
0.516600
0.524700
1.120600
0.527200
0.531600
0.528600
0.552000
0.666200
0.525900
0.616400
0.533100
0.670200
0.530000
0.525700
0.012800
0.519700
0.541200
0.548500
1.310200
0.759200
0.538200
0.535000
0.534200
0.534900
0.538200
0.732800
0.534100
0.544000
0.554200
0.529300
0.532800
0.519800
1.097600
0.614500
0.541200
0.539100
0.648000
0.577900
0.602900
0.571600
0.527600
0.531300
0.527200
1.077200
0.524800
0.522300
0.547400
1.271300
4.049700
0.649300
0.539300
0.690300
0.544500
0.539600
1.110100
0.532600
0.526900
0.531800
0.542000
0.548800
0.511200
0.545500
0.540200
0.601800
0.521900
0.516000
0.517500
0.515500
0.542500
0.665000
0.766100
1.893300
0.524600
0.542300
0.524300
0.552300
0.521600
0.530500
0.561600
0.520300
0.545900
0.534000
0.578500
0.695900
0.603900
0.000000
0.638800
0.414500
0.471300
0.495900
1.471900
0.525700
1.338900
1.053600
0.666400
1.274400
0.466300
1.284100
0.658000
1.339400
0.523000
1.266300
0.500900
1.267900
0.605800
0.518900
0.526300
7.744900
0.530600
0.530300
0.541300
0.544700
0.659300
5.293500
1.809300
2.901800
1.085000
0.636400
0.535800
0.548000
0.558700
0.646500
0.530100
0.600700
0.536900
0.536500
0.535300
0.542600
0.561300
0.668400
0.527300
0.659500
0.531600
0.654700
0.567100
0.684500
0.680900
0.539100
0.572500
0.532600
0.557200
0.533900
0.538000
0.536300
0.533600
0.541100
0.584400
0.573100
0.515400
0.000000
0.600800
0.536100
0.638600
0.543400
0.540000
0.529600
0.124000
0.519200
0.611800
0.562600
0.508300
0.574600
0.524100
0.537200
0.722600
0.531100
0.606500
0.000000
0.521300
0.534500
0.648100
0.546100
0.569600
0.752000
0.546500
0.538000
0.549400
0.528100
0.547600
0.031600
0.535100
0.544300
0.638900
0.534300
0.630000
0.539600
0.521600
0.693700
0.526900
0.568000
0.541000
0.526700
0.539200
0.529000
0.530100
0.567500
0.578000
0.553700
0.542500
0.539200
0.541200
0.534000
0.537300
0.527900
1.055300
0.537700
0.531100
0.529300
1.156500
0.551700
0.613700
0.536600
0.568100
1.206500
0.509200
0.538400
1.251200
0.591800
1.336400
1.140500
1.058100
1.291700
0.580500
0.525600
0.531500
0.544500
0.547200
0.528000
0.543300
0.532200
0.521900
0.538100
4.431200
0.597500
0.652500
0.626000
0.529500
0.553400
0.528600
0.571800
0.000000
0.545200
0.654000
0.542300
0.527700
0.026900
0.715800
0.522300
0.534300
0.533200
0.545600
0.566200
0.544500
0.535000
0.553000
0.523500
0.530000
0.522600
0.535700
0.517400
0.529800
0.547100
0.541300
0.530800
0.564100
0.548900
0.542500
0.562900
0.552000
0.658700
0.729300
1.038800
0.753500
0.535400
0.509100
0.530100
2.326200
1.576800
0.525200
0.533700
0.544600
0.526300
1.086500
0.557700
0.016500
0.669400
0.027100
0.599300
0.536200
0.561800
0.508100
0.521100
0.534800
0.528800
0.540900
0.534800
1.163700
0.534900
0.545700
0.539700
0.524800
0.540000
0.522400
0.534900
0.518600
0.537000
0.546500
0.532600
0.520200
0.540600
0.543900
0.559200
0.614300
0.535900
0.522300
0.526000
0.522600
0.660200
0.515200
0.548200
0.544400
0.529500
0.537700
1.136900
0.540400
0.526600
0.534700
0.546500
0.000000
0.516300
0.536700
0.551200
0.790000
0.537000
0.642900
0.741400
0.532900
0.542600
0.545700
3.674800
0.558600
0.547000
0.538000
0.544500
0.549500
0.563700
0.547600
0.530000
0.528200
0.533200
0.782900
0.919200
0.596300
0.499200
0.539700
0.603100
1.196300
0.550900
0.785000
0.705700
1.308500
1.242000
0.449200
0.715500
0.492500
1.293000
0.688100
0.551500
0.504300
0.527600
1.256900
1.663200
1.271500
0.611000
0.728600
1.182300
0.579800
0.675600
0.713600
1.334200
0.948100
1.396100
1.299300
0.542300
0.679400
0.527400
1.053300
0.636500
0.657200
0.540100
0.654100
0.536400
0.535200
0.613900
0.526000
0.666700
0.536100
1.028600
0.542400
0.592300
0.531200
0.529700
0.517300
1.099800
0.643300
0.533700
0.531400
0.521100
0.637000
0.531700
0.520800
0.606300
0.534200
0.537800
0.532500
0.561000
0.533100
0.534000
0.532300
0.534300
1.035400
0.532600
0.514500
0.532700
0.528900
0.598400
0.551700
0.554200
0.529600
0.542900
0.521000
0.553100
0.537600
0.530600
0.528500
0.523400
0.549400
0.516700
0.527100
0.668000
0.539100
0.530900
0.599800
0.527200
0.519400
0.530700
0.619600
0.529400
0.526300
0.515800
0.526600
0.633300
0.729500
0.540300
0.695000
0.535200
0.535000
0.547700
0.527700
0.531000
0.524300
0.771000
0.531500
0.533600
0.543900
0.609900
0.555600
0.530900
0.546800
0.535700
1.045700
1.060400
0.528100
0.527700
0.533300
0.522700
0.545300
0.540300
0.569900
0.543800
0.665700
0.542300
0.517700
0.544100
0.530100
0.548400
0.528700
0.518200
1.248100
0.548100
0.540200
0.530500
0.530000
0.584200
0.539700
0.522900
0.535400
0.536300
0.656500
0.538700
0.533600
0.543800
10.310500
0.523200
0.552100
0.532200
0.533300
0.521400
0.545800
0.526300
0.524400
0.640000
0.528400
0.530700
0.629800
0.538700
1.037800
0.538200
0.532100
0.517900
0.657000
0.523200
0.544400
0.527000
0.533900
0.520900
0.535200
0.550200
0.545300
0.000000
0.534600
0.518300
0.549600
0.527800
0.543400
0.652300
0.703200
0.529400
0.660800
0.542000
0.589200
0.548600
0.543100
0.582400
0.758700
0.542500
0.535500
0.531700
0.552800
0.527600
0.593700
0.540300
0.533900
0.522600
0.514700
0.534600
1.094800
0.658300
0.697200
0.681700
0.528600
0.712800
0.539900
0.590800
0.542700
0.530100
0.545700
0.537700
0.522300
0.544000
0.533400
0.527900
0.620100
0.584000
0.527700
0.539600
0.585000
0.586400
0.546000
0.631900
0.527400
0.541900
0.526000
0.540600
0.519300
0.544900
0.570800
0.623000
0.689100
0.567800
0.707600
0.532600
0.549100
0.547400
0.535000
0.702600
0.539000
0.557500
0.532600
0.507100
0.544900
1.059600
0.535100
0.766400
0.541200
0.000000
0.676400
0.578700
15.784600
1.035000
0.523400
0.542800
0.545500
0.805700
0.543400
0.532100
1.052400
1.098300
0.532000
0.529800
0.550400
0.554100
0.523800
0.527900
0.530100
0.540000
0.549400
0.767200
0.557000
1.053000
0.539200
0.536100
0.539100
0.537500
0.540400
1.550700
0.547400
1.075800
0.545500
0.547700
0.542400
0.527600
0.546900
0.523200
0.523900
0.537900
0.524500
0.575800
0.522000
0.548600
0.537100
0.546600
0.527200
0.651900
0.533500
0.574900
0.527200
0.554400
0.544400
0.533700
0.548900
0.539300
3.004900
0.551900
0.527500
0.587900
1.643300
0.532600
0.576200
0.544600
0.541500
0.528900
0.527600
0.535600
0.531000
0.620200
0.541300
0.526500
0.596100
0.539800
0.677900
0.589100
0.542800
0.546700
0.526200
0.524200
0.521200
0.528700
0.546500
0.541200
0.542300
0.521800
0.531600
0.579400
0.542000
0.620800
0.590100
0.531400
1.073100
6.815200
0.529000
0.594800
0.544900
0.530100
0.538600
0.525800
0.522300
0.531800
0.540400
0.541300
0.533200
0.630800
0.522300
0.614500
0.522400
0.579900
0.516500
0.533900
0.528400
0.545300
0.527400
0.527800
0.669700
0.564200
0.536600
1.088600
0.533500
0.558900
0.530300
0.548000
0.525600
0.123700
0.540800
0.575800
0.578900
0.547900
0.712800
0.515800
0.657500
1.067600
0.516600
0.602700
0.534000
0.647300
1.070600
0.547300
0.541900
0.695900
1.294600
0.458900
1.582000
1.335300
0.511100
1.237400
0.660400
1.304000
1.379300
1.034800
0.544700
1.077000
0.526700
0.531200
0.543500
0.533300
0.531400
0.533400
0.528500
0.618100
0.518300
0.542300
0.541900
0.547300
0.541400
0.652900
0.545500
0.797200
0.517100
0.538700
0.643000
0.545500
0.528500
0.531100
0.641800
0.535500
0.600500
0.614900
0.523500
0.523700
0.000000
0.518300
0.538000
0.515100
0.535100
0.608400
0.530600
0.573900
0.534400
0.552800
0.523000
0.582500
0.548200
0.751100
0.506000
0.549300
0.541600
0.758200
0.542800
0.550800
0.518200
0.524300
0.539700
0.517700
0.667800
0.573800
0.696600
0.678200
0.525500
0.544300
0.506900
0.533200
0.542400
0.637700
0.552300
0.529100
0.706700
0.578200
0.533100
0.548800
0.535500
0.537400
0.574900
0.541200
0.617800
0.607700
0.529600
0.546000
0.537100
0.544700
0.544000
0.519500
0.542800
0.532700
0.659500
0.524800
0.537300
0.539000
0.544100
0.529100
0.534900
0.544900
0.653600
0.534700
1.923100
5.241700
0.639700
1.045300
0.522000
0.541900
0.561800
0.546500
0.534800
0.533100
0.533100
0.524400
0.531700
0.523300
0.672400
0.528200
0.531200
0.592200
0.527000
0.520600
0.531000
0.574500
0.547600
0.546000
0.524500
0.517900
0.532200
0.631900
0.547800
0.545600
0.535900
0.578200
0.539900
0.530700
0.605900
0.527000
0.608300
0.544800
0.569900
0.577200
0.558400
0.535400
0.543800
0.749000
0.534400
0.624100
0.533000
0.530700
0.538900
0.525100
0.530400
0.515400
0.524400
0.519100
0.532700
0.520300
0.526200
0.686100
0.527200
0.522300
0.531400
0.528600
0.592200
0.553500
0.549500
0.531300
0.535900
0.550500
0.535400
0.544200
0.533100
0.526800
0.543600
0.536800
0.538000
0.523500
0.677200
0.538300
1.118000
0.697300
0.538900
0.638700
0.601800
0.531700
0.588600
0.526400
0.581500
0.547600
0.584000
0.544800
0.541700
0.565100
0.605100
0.520800
0.581800
1.334800
0.535200
0.663300
0.540800
0.532700
0.535400
0.525900
0.540000
0.531700
0.680600
0.522300
0.533100
0.609400
0.534900
0.520000
0.549300
0.546700
0.552200
0.559400
0.528700
0.554700
1.044500
0.141800
0.529400
0.630200
0.694800
0.611300
0.526200
0.546500
0.536200
0.533800
0.537000
0.550800
0.536300
0.537500
0.540700
0.000000
0.537400
0.527700
0.000000
0.527800
0.529700
0.547300
0.579600
0.608600
0.655000
0.669700
0.534600
0.563800
0.531100
1.058300
0.656800
0.548400
0.542400
0.560600
0.639100
0.536800
0.547400
0.535600
0.547500
0.539200
0.559700
0.550500
0.533800
0.541000
0.631000
0.547100
0.517400
0.524800
0.527300
0.553700
0.000000
0.533200
0.523700
0.792500
0.530800
0.000000
0.763000
1.337700
1.278300
1.223500
1.430400
0.530100
0.655600
1.289500
1.424100
0.525300
0.660100
0.570900
0.739800
0.532600
1.263400
0.491100
0.523600
1.273400
1.180400
0.430300
0.497200
1.213400
0.430100
1.395500
0.792000
0.522600
1.328300
1.397500
0.739700
0.573400
1.311500
0.591500
1.316200
0.509200
1.241800
1.223800
0.613000
0.633800
1.107300
0.478000
0.501900
1.246400
0.892600
1.279500
1.251400
1.316800
0.956900
0.399000
1.285100
0.558300
1.266400
0.543500
0.542800
0.575500
0.531800
1.272200
0.529800
0.000000
0.528800
1.070100
0.834700
0.529000
0.761300
0.681800
0.737600
0.629600
0.531800
0.714000
0.563900
0.548600
0.757200
0.575600
0.538400
0.544900
0.532900
0.539400
0.640100
0.646300
0.535800
0.531000
0.541900
1.304400
0.605300
0.848000
0.589400
1.263400
0.477400
0.535500
0.446900
0.478000
0.626100
0.944200
1.297400
0.525900
0.426900
0.915900
0.494300
1.251900
1.270300
0.701600
1.275600
0.654000
0.541000
0.515900
0.551600
0.677600
0.523900
0.614700
0.547100
0.552100
0.016700
0.000000
0.534500
0.524200
0.745300
1.057500
0.529600
0.525800
0.533400
0.546600
0.534500
0.543100
0.539300
0.533000
0.663600
0.530100
0.585300
4.266200
0.533100
0.541000
0.525600
0.624600
1.092700
1.446000
0.540400
0.651300
0.537200
0.550000
0.546100
0.535900
0.522900
0.553000
0.530500
4.433700
0.525100
0.518300
0.524400
0.541300
0.537700
0.542800
0.546400
0.561400
0.708100
0.652000
0.530700
0.522500
0.540400
0.534300
0.539000
0.911100
0.531400
0.541100
0.688700
0.532800
0.540000
0.529600
0.541900
0.550600
0.694300
0.523100
0.583400
0.538100
0.534500
0.527300
0.523600
0.516200
0.521600
0.526700
1.086000
0.541400
0.684700
0.566000
0.542900
0.532100
0.528000
0.529500
1.687300
0.523900
0.534000
0.528800
0.628200
0.524100
3.977900
0.544500
0.543700
0.522300
0.517400
0.541200
0.530200
1.086600
0.566100
0.556800
1.069100
0.642100
0.546400
0.533600
0.787900
0.524500
0.547200
0.531100
0.522100
0.530200
0.522100
0.532300
1.089900
0.533600
0.549100
0.545600
0.544100
0.676800
0.522000
0.522500
0.648600
0.537400
2.041300
0.574700
0.543500
0.550600
0.522300
0.540500
0.532300
0.546900
0.538400
0.540700
0.656300
0.539700
0.526000
0.561700
0.542500
0.614700
0.542100
0.535300
0.527100
0.600300
0.560600
0.523000
0.531400
0.531700
0.723100
0.534200
1.075700
0.667200
0.531500
0.572200
0.667300
0.524900
0.629500
0.523500
0.561500
0.524000
0.521100
1.077400
0.660200
0.536100
0.540000
0.548700
0.555500
0.558100
1.439500
1.304900
0.830700
1.307100
0.484500
1.375900
0.537700
0.526000
0.535300
0.529700
0.482000
0.469000
0.512400
0.520000
0.484800
0.565300
1.344600
0.623100
1.209300
0.648500
0.533500
1.250300
0.525400
0.530700
0.540100
0.537400
0.522800
0.588300
0.550700
0.636400
0.633400
0.520300
0.654500
0.528800
0.533100
0.027400
0.683300
0.536600
0.559200
0.668400
0.523000
0.530800
0.520700
0.531300
0.763400
0.522300
0.548600
0.518700
0.514900
0.539300
0.597700
0.536500
0.533500
0.521800
0.531800
0.530700
0.668700
0.645100
0.551600
0.530400
0.537600
0.641900
0.521400
0.535600
0.525800
0.573900
0.538100
0.674100
0.527900
0.632400
0.535500
0.581600
0.569900
0.531500
0.535700
0.531400
0.525000
0.532300
0.649400
0.534600
0.529000
0.531600
0.517600
0.534500
0.023600
0.527400
0.529100
0.533700
0.522200
0.526400
0.530800
0.529500
0.517700
0.517300
0.764600
0.537600
1.041200
1.075600
0.548300
0.742200
0.538500
1.028700
0.571400
0.528200
0.527300
0.583200
0.605100
0.520200
0.602100
0.526100
0.546200
0.525900
0.614500
0.000000
0.558500
0.548100
0.522900
0.584400
0.546000
0.519800
0.610700
0.550600
0.532000
0.524500
0.527100
0.535600
0.669300
0.603400
0.521800
0.527500
0.542200
0.520400
0.548300
0.000000
0.518800
0.518000
0.517400
0.538100
0.531400
0.517400
0.000000
0.530000
0.528900
0.726700
0.538200
0.559400
0.543300
0.655800
0.641900
0.531200
0.725400
0.529800
0.606400
0.541300
0.532300
0.553300
0.719300
0.532600
0.527000
0.531600
0.540600
0.651900
0.603700
0.641900
0.548100
0.549000
0.520600
1.048000
0.807400
0.567700
0.526800
0.539100
0.564400
0.022200
0.693200
0.532800
0.531600
1.639200
0.612900
1.066000
0.523700
0.517000
0.542300
0.545500
1.043100
1.044800
0.531700
0.718400
0.541800
0.597400
0.527300
0.707900
0.527500
0.562400
0.543000
0.529000
0.528700
0.511600
0.544200
0.636200
0.526300
0.541200
0.552700
0.531900
0.532900
0.536500
0.540100
0.533700
0.522600
0.537100
1.040800
0.539400
0.555300
0.581400
0.553400
0.585700
0.658400
0.522500
0.528400
0.534200
0.693300
0.528400
0.518500
0.510800
0.535300
0.543200
0.533900
0.524100
0.534700
0.547100
0.671700
0.523800
0.537300
0.602000
0.586300
0.544400
0.526600
0.527100
0.532400
0.535400
0.530400
0.545700
0.530800
0.522600
0.537200
0.534000
0.546300
0.523000
0.534300
0.547700
0.536600
0.537400
0.593100
0.538100
0.640100
8.008900
0.541500
0.537200
0.539200
0.955100
0.529400
0.538100
0.531600
0.531700
0.542300
4.329700
1.063300
0.544000
0.579200
0.664700
0.023800
0.544500
0.534700
0.535200
0.514500
0.556700
0.552800
0.543300
0.529400
0.529000
0.535600
0.633600
0.041800
0.541100
0.523500
0.530200
0.664600
0.620900
0.517300
0.558800
0.659700
0.554300
0.527100
0.524900
0.568100
0.539500
0.539000
0.539700
0.791200
0.705400
1.063400
0.559200
0.610200
1.035300
0.533200
1.400100
0.030500
0.555300
0.589100
0.546800
0.663900
1.088400
0.543800
0.534200
0.621900
0.529200
0.539300
0.549100
0.552300
0.531200
0.556000
0.525200
0.722500
0.539500
0.538300
0.539500
0.527100
0.542500
0.535400
0.536700
0.537400
0.544900
0.524800
0.538700
0.526800
0.525500
9.091900
1.071200
0.538100
0.535800
0.848300
0.536700
0.735600
1.042000
3.975800
8.068300
0.542400
0.579600
0.535300
0.522400
0.540400
0.632000
0.753100
0.809400
0.574200
0.522500
0.675300
0.542500
0.541300
0.526500
0.541100
0.528800
0.531200
0.544600
0.525500
0.531100
0.522700
0.538100
1.100400
0.536100
0.570100
0.542200
0.537900
0.539100
0.554600
0.542300
0.577800
1.141200
0.539600
0.538500
0.644200
0.551900
0.534400
0.533500
0.683500
0.551400
0.712700
1.377500
0.559600
0.539200
0.558600
0.520100
0.531900
0.541400
0.542300
0.538400
0.538400
0.534200
0.528600
0.539100
0.517200
0.553600
0.524500
0.535300
0.523400
0.545800
0.627400
0.538400
0.550400
0.537100
0.575900
0.536900
0.531100
0.541400
0.518300
0.606900
0.560700
0.523700
0.543100
0.532400
0.525300
0.522900
0.519100
0.523800
0.527900
0.545600
0.536500
0.537800
0.519200
0.745000
0.698500
0.562500
0.534300
1.095800
0.617800
0.548800
0.543500
0.555900
1.046300
0.605200
0.528600
0.762000
0.625500
0.554300
0.536700
0.744900
0.530000
0.597200
0.535000
0.577700
0.526600
0.530000
0.946600
1.076800
0.534800
0.564400
0.678600
0.539400
0.718700
0.541800
4.783800
0.552000
0.539000
1.085300
1.352400
1.318200
1.335800
1.029200
1.360100
1.363500
0.458800
1.321800
0.560000
0.529800
0.529600
0.531300
1.515900
1.518700
1.189800
0.525000
0.517600
0.531900
0.539700
0.531700
0.532000
0.536200
0.649900
0.537300
0.530800
18.469100
3.197200
0.552600
0.526800
0.530300
0.531500
1.073800
0.535600
0.578900
0.525200
0.587900
0.517000
0.545900
0.524900
0.523200
0.540500
0.530600
0.035900
0.532800
0.535500
0.525800
0.724900
0.522700
0.520700
0.449300
1.187500
0.528300
0.534700
0.539400
0.663100
0.547200
0.629700
1.161600
0.520900
0.541600
0.538400
0.540000
0.540800
0.527200
0.575900
0.571100
0.519400
0.542500
0.552100
0.849900
0.544500
0.516200
0.618600
0.564700
0.584200
1.269900
0.519900
0.535400
0.523000
0.524800
0.650700
0.517000
0.584400
0.595600
0.554500
0.520900
0.534400
0.538500
0.537700
0.580800
0.522800
0.545300
0.539200
0.548800
0.844400
0.594500
0.532900
0.534500
0.528400
0.546700
0.540600
0.533300
0.539800
0.531100
0.532600
0.504400
1.259500
1.249400
1.219900
1.243200
1.197900
0.358400
0.414500
0.589200
0.532600
1.247300
1.270800
1.288300
0.517500
0.398300
0.424800
1.243200
1.232500
1.225300
1.206400
1.227200
0.564300
0.531500
0.526600
0.687500
0.588800
0.536700
0.558700
0.521200
0.614100
0.551300
0.534600
0.767200
0.539900
0.529700
0.534400
0.530100
0.020100
0.599200
4.470900
0.545500
0.521300
0.654200
0.539900
0.578200
0.552400
0.533800
0.532300
0.544000
0.567000
0.522900
0.000000
0.547700
0.540700
0.530300
0.553900
0.557800
0.543200
0.632800
0.556400
0.523300
1.029700
0.539700
0.563800
0.552200
0.537200
0.534500
0.525300
0.418300
0.602900
0.521600
0.525300
0.549500
1.062000
0.515500
0.643900
0.522400
0.518200
0.624900
0.532000
0.645200
0.664800
0.529100
0.600900
0.585100
0.524000
0.517100
0.531300
0.529300
0.529100
0.557700
0.534100
0.540100
0.519400
0.524000
0.531700
0.532900
0.547000
0.717400
0.559500
0.547100
0.520900
0.542300
0.532200
0.531300
1.106200
0.523000
0.000000
0.531100
0.528400
0.531900
0.508400
0.557000
0.530500
0.527600
0.389300
1.239100
0.665800
0.494300
0.531600
0.540300
0.536400
0.533800
0.588800
0.532000
0.580300
0.641500
0.526800
0.534100
0.562000
0.632500
0.531800
0.532200
0.526100
0.529400
0.683000
0.579800
0.531700
0.028300
0.586900
0.546100
0.522400
0.541000
0.531600
0.537400
0.658400
0.550500
0.822200
0.531400
1.264400
0.471400
0.464300
1.279900
0.452600
0.764900
0.449700
1.213100
1.325100
1.303200
0.758200
1.393600
1.276300
1.343300
1.393600
0.553200
0.537700
0.541800
0.553900
0.593400
0.535100
0.536800
0.535100
0.539400
0.524300
0.541800
0.535100
9.261700
0.529600
0.524500
0.535300
0.532400
0.667500
0.529000
0.816600
0.527200
0.540400
0.526500
0.536000
0.509200
0.528900
0.522100
0.519100
1.115700
0.532500
0.534600
0.527000
0.526100
0.542600
0.522100
0.536000
0.543900
0.580100
0.536100
0.525000
0.531000
0.533200
0.537800
0.860800
0.591600
0.533200
0.929000
1.315100
1.602800
1.383700
0.458000
0.627900
1.385400
0.500100
1.315600
0.603800
1.320300
1.289700
1.314800
0.936600
0.535700
0.585200
0.716000
0.528200
0.693200
1.292100
0.529800
0.517600
0.533300
0.532800
0.537800
0.527300
0.748700
0.520200
0.531000
0.522400
0.591100
0.546100
0.530700
0.542900
0.545900
0.541300
1.168000
0.533700
0.784800
0.533700
0.537300
0.539800
0.539000
0.542300
0.532500
0.555600
0.543500
0.531800
0.521500
0.635300
0.542100
0.571000
0.660800
0.521000
0.529500
0.532000
0.523700
0.531800
0.541700
0.519600
0.580200
0.532600
0.540700
0.542100
0.546400
0.554000
1.187900
0.575700
1.259500
1.253200
1.276100
0.537400
1.288600
1.242000
1.268700
1.288400
0.685600
1.204700
0.534800
0.438700
1.281000
1.325500
0.533700
0.585600
0.538900
0.541200
0.516300
0.537800
0.545400
1.876100
0.609400
0.536700
0.595700
0.539300
0.030900
0.618000
0.530000
0.524000
0.547200
0.526500
0.517300
0.668700
1.065100
0.525900
0.548700
0.541900
0.515100
0.551700
1.071900
0.533600
0.550100
0.521700
0.552100
0.978300
0.809300
1.255800
0.513600
0.993000
0.840600
1.316100
1.300900
0.546900
0.793500
0.521000
0.548400
0.532900
0.625800
0.428700
1.244400
0.517700
0.535100
0.545600
0.595900
0.545000
0.619600
1.101800
0.528100
0.549200
0.528100
0.548000
0.545700
0.533100
0.515900
0.525100
1.303900
1.240000
1.208900
0.523200
0.542900
1.077500
0.907600
1.269800
1.374900
0.603500
1.337300
0.523600
1.268200
0.513500
0.565100
1.324600
0.595700
1.201400
0.467900
1.269300
0.641500
1.254800
1.293500
1.283200
2.076800
0.461100
1.284500
5.049200
1.364400
1.318000
1.209200
1.234000
0.471400
0.633800
0.530900
0.682600
0.518900
0.531900
0.535700
9.027000
0.533100
0.530900
0.608800
0.539200
0.537100
0.536100
0.580000
0.530100
0.581300
1.032400
0.528100
0.797900
0.587400
0.903400
1.287900
0.479100
1.283700
1.257100
1.254200
1.332200
0.538500
1.350800
0.495100
1.472000
1.263900
1.167600
0.503100
0.644300
0.555700
0.535500
0.537500
1.031000
0.515000
0.576800
0.780100
0.517400
3.674400
0.650100
0.530900
0.517700
0.529300
0.535000
0.527100
0.544200
0.546600
0.555600
0.619700
0.542100
0.710100
0.539700
0.548100
0.531800
0.528000
0.580600
0.638400
0.622000
0.530800
0.541200
1.072800
0.534300
0.536600
0.526000
0.531500
0.526300
0.000000
0.518000
0.546100
0.522600
0.537500
0.531100
0.546800
0.529600
0.532800
0.528500
0.527500
0.529200
0.537500
0.528700
0.586300
0.517700
0.519800
0.580200
0.533100
0.525200
1.047700
4.078200
0.526400
0.536500
0.518100
0.510200
0.536500
0.540000
0.547200
0.719800
0.544500
0.522900
0.592200
0.518400
0.571300
0.535200
0.532300
0.538600
0.539900
0.576700
0.523100
0.520400
0.550200
0.542500
1.038000
0.530800
0.541900
0.526800
0.538700
0.517900
0.531000
0.606600
0.518400
1.065900
0.532100
0.531400
0.634800
0.536700
0.519200
0.537100
0.542100
0.537500
0.536100
0.537600
0.523400
0.519400
0.537000
0.544200
0.521600
0.542700
0.536400
0.527800
0.533400
0.525900
0.532100
0.593100
0.526300
0.540800
0.625500
0.532300
0.521700
0.538300
0.600700
0.533700
0.541400
0.653700
0.526700
0.530400
0.523600
0.522400
0.619900
0.509300
0.540900
0.642800
0.534300
0.525800
0.541700
0.530100
0.537000
0.528600
0.526200
0.536500
0.536500
0.518900
0.522500
0.577300
0.610500
0.530400
0.541700
0.548500
0.524800
0.530700
0.555700
0.548900
0.581800
0.650000
0.548400
0.534900
0.531900
0.589800
0.517800
0.528600
0.528900
0.533300
0.528100
0.529200
0.607100
0.534500
0.598700
1.126900
0.524300
0.654600
0.713900
0.572300
3.028900
0.541800
0.558200
0.539700
0.624900
0.526900
0.540700
0.536700
0.539600
1.306100
1.284800
1.358900
0.485600
0.881800
1.430300
0.548400
0.528700
0.518200
0.545900
0.536700
0.039200
0.672100
0.537600
0.516800
0.531400
0.545900
0.530700
0.524800
0.524100
0.545000
0.522600
0.541600
0.521600
0.536900
0.601700
0.574300
0.723700
0.541600
0.668800
0.537100
1.057500
0.539900
0.638300
0.524100
0.536100
0.542800
0.547300
0.541200
0.528900
0.540500
0.538600
1.172100
0.576600
1.272500
1.263300
1.245300
1.322400
0.524100
1.319200
1.280100
1.298000
1.160200
1.293100
0.767600
0.675800
1.275200
0.447100
0.983300
0.542800
0.423800
1.317900
0.489600
0.417600
0.449400
1.280500
1.268200
0.684800
1.254500
0.623500
0.537700
0.541800
0.533200
0.528200
0.517200
0.547500
0.514100
0.545100
0.541700
0.538300
0.529100
0.616400
0.523800
0.581400
0.533500
0.554500
0.530200
0.593100
0.545700
0.530800
0.524200
0.705700
0.534100
0.549600
0.531500
0.545600
0.535000
0.541300
0.550700
0.016700
0.530900
0.524500
0.538100
0.525300
0.016400
0.523000
0.532500
0.520200
7.048900
0.596300
0.564500
1.044400
0.538000
0.544900
0.530100
1.059100
0.532000
0.537400
0.566700
0.540800
0.522700
0.538100
0.579600
1.148700
0.587300
0.542400
0.528600
0.625300
0.579000
0.537400
0.545300
0.593300
0.525100
0.534200
0.545300
0.593400
0.530900
0.540600
0.563900
0.537400
0.541500
0.533700
0.533700
0.711600
0.000000
0.589200
0.533800
2.228300
1.087900
16.389400
0.548300
1.898200
3.213000
2.198900
4.067100
3.113700
1.630600
0.653400
0.524000
0.534500
0.564300
2.699500
0.542200
0.553200
0.536900
1.110800
1.124000
0.817700
1.055300
0.544800
5.019500
0.524100
1.055100
0.813500
0.534200
0.632000
0.527000
1.080800
0.537200
0.542900
0.520900
1.144000
0.546100
0.524100
0.714900
0.565900
0.546300
0.538000
0.550900
0.630000
0.542400
0.542400
0.540200
0.579400
0.521900
0.545600
0.511600
0.529200
0.573800
0.543600
0.927900
5.228300
15.518600
1.465700
1.356800
0.543600
3.582600
2.224500
1.172200
0.570300
0.516700
0.534500
0.724000
0.541500
0.647300
0.541400
0.517700
0.637000
0.590700
0.550000
0.572400
0.542300
0.536600
0.543500
0.511200
0.548100
0.543100
0.535000
0.536800
0.532100
0.526900
0.532800
0.541100
0.516300
0.524500
1.473800
0.626400
0.527600
1.109200
0.668600
0.662800
1.082200
0.540400
0.590800
0.536400
0.753900
1.050500
1.053200
0.601700
0.573800
0.569500
0.604700
0.525600
0.532200
0.523100
0.536800
0.025300
0.618600
0.620000
0.530200
0.537000
0.555400
0.541300
1.062300
0.537900
0.551500
0.033000
0.645200
0.534500
0.550700
0.516600
0.600400
0.538800
0.932500
1.817000
0.567300
0.527600
0.600200
1.306200
0.845000
1.327800
0.486700
0.897400
1.187600
0.752200
1.178500
1.255500
0.474700
1.588600
0.496800
0.584300
0.546900
1.094600
0.531600
0.543100
0.542600
0.534700
1.074600
0.552800
0.732300
0.000000
0.523900
0.521600
0.547600
0.562300
0.524900
0.544700
0.540200
0.549100
0.518100
0.599800
0.519700
0.514500
0.530200
0.547700
9.047500
0.687700
0.951200
3.139500
1.284700
7.216500
3.533200
1.092700
1.652900
1.799000
47.830400
3.245300
0.538700
0.533600
0.912600
0.536400
0.528000
0.580300
1.084700
1.046700
0.512200
0.543300
1.087200
0.899400
0.665400
0.550100
0.531100
0.668200
0.517800
0.924900
0.558200
0.000000
0.541900
0.520600
0.538200
0.708200
0.579400
0.553300
0.562500
1.149900
0.534000
0.540400
0.623500
0.968700
0.543000
0.542000
0.586900
0.589600
0.517400
0.532400
0.549100
0.548700
0.613200
0.530700
0.582000
0.531200
0.536400
0.528100
0.543700
0.663800
0.841100
1.208900
0.718400
0.574900
1.320400
1.014600
0.451800
0.753200
0.530900
0.492600
0.703600
0.881700
0.857100
0.544600
1.324500
0.691500
1.684100
0.497400
0.567900
1.235300
0.788500
1.086300
1.243300
0.536200
0.606900
0.539100
0.532700
0.551700
0.540800
1.443600
0.547700
0.573100
0.529500
0.527600
0.646400
0.517100
0.538600
3.678500
0.530000
0.636500
0.547800
0.531700
0.536400
0.540600
0.530300
0.540500
0.542600
0.544600
0.533600
0.537000
0.727100
0.542400
1.038700
0.547700
0.543500
0.532300
0.531600
0.536200
0.000000
0.720800
0.523600
0.652800
0.535800
0.533000
0.867600
0.517800
0.596600
0.549600
1.048300
1.041700
0.605600
0.537700
1.092000
0.535300
0.536100
0.533100
0.542200
0.541400
1.137700
0.535000
1.102700
0.540500
0.576000
10.669200
3.442100
4.394700
0.537400
0.577400
0.545400
0.601400
0.543200
0.547200
0.533800
0.517900
1.074900
0.611200
0.647500
0.000000
0.884000
1.037400
0.639800
1.294100
1.266800
0.690800
0.873800
0.556500
1.265100
1.324200
4.253300
0.688700
0.532700
0.546400
6.775800
0.546900
0.520400
0.580500
1.041000
0.538700
0.536100
1.132100
0.538600
0.533800
0.527500
0.609500
0.027400
0.527900
0.643600
0.640200
0.574600
1.318800
0.413700
