0.000000
0.000000
0.000000
0.000000
0.000000
0.000000
1.215100
0.000000
0.541600
1.522500
0.000000
0.000000
0.638500
0.543400
0.000000
0.000000
0.000000
0.000000
0.662700
0.000000
1.153800
0.050000
0.000000
0.000000
0.000000
0.000000
0.000000
0.000000
0.000000
0.000000
0.000000
0.000000
0.000000
0.000000
0.000000
0.000000
0.507800
0.000000
0.532700
0.552500
0.572900
0.514400
0.000000
0.525300
0.000000
0.555600
0.000000
0.000000
0.094600
0.000000
0.000000
0.000000
0.000000
0.000000
0.000000
0.998000
0.522700
0.566800
0.000000
0.000000
0.000000
0.000000
0.537800
0.000000
0.000000
0.000000
0.000000
0.000000
0.000000
0.000000
0.000000
0.000000
0.612100
0.000000
0.000000
0.141000
0.000000
0.537400
0.562900
0.000000
1.147600
0.000000
0.000000
0.537800
0.000000
0.000000
0.008500
0.000000
0.000000
0.016000
0.651700
0.000000
0.000000
0.034100
0.000000
0.741500
0.585200
0.000000
0.596100
1.004300
0.000000
0.527500
0.000000
0.557800
0.000000
0.000000
0.000000
0.983600
0.000000
0.000000
0.000000
0.533900
0.722600
0.600700
0.000000
0.293400
0.000000
1.072900
0.533300
0.000000
0.000000
0.531600
0.000000
0.000000
0.000000
0.000000
0.575200
0.000000
0.000000
0.000000
0.000000
0.476700
0.000000
0.554200
0.000000
0.013500
0.000000
0.000000
0.000000
0.000000
0.000000
0.000000
0.000000
0.604900
0.541200
0.000000
0.520900
0.000000
0.560600
0.000000
0.000000
0.000000
0.000000
0.000000
0.000000
0.000000
0.000000
0.524200
0.000000
0.477900
1.350300
0.000000
0.000000
0.000000
0.606100
0.735700
0.575700
0.000000
0.529200
0.000000
0.000000
2.006000
0.000000
0.000000
0.000000
0.000000
1.525800
0.000000
0.539600
0.000000
0.000000
0.000000
0.000000
0.000000
0.550100
0.000000
0.538400
0.000000
0.708700
0.000000
0.000000
0.000000
0.000000
0.000000
0.777700
0.000000
0.000000
0.000000
0.000000
0.000000
0.000000
0.537300
0.000000
0.544700
0.532000
0.000000
0.000000
0.529300
0.000000
0.544700
0.000000
0.512600
0.000000
0.000000
0.000000
0.000000
0.614200
0.998100
0.593600
0.000000
0.548800
0.596900
0.000000
0.507200
0.992000
0.547800
0.000000
0.051900
0.000000
0.546500
0.000000
2.552400
0.576300
0.000000
0.521900
0.000000
0.000000
0.533000
0.580800
0.000000
0.000000
0.531100
0.000000
0.000000
0.537900
0.076000
0.000000
0.547600
0.533800
0.525000
0.000000
0.657300
0.000000
0.532300
0.000000
0.653300
0.000000
0.000000
0.000000
0.521400
0.000000
0.541100
0.000000
0.000000
0.527900
0.000000
0.000000
0.508800
0.000000
0.019800
0.559000
0.000000
0.000000
0.026000
0.000000
0.000000
0.000000
0.921900
0.000000
0.000000
0.000000
0.551400
0.570300
0.560300
0.608000
0.544300
0.000000
0.000000
0.000000
0.000000
0.509400
0.617900
0.000000
0.000000
0.000000
0.000000
0.000000
0.000000
0.520700
0.000000
0.577000
0.052300
0.000000
0.000000
0.556100
0.000000
0.000000
0.000000
0.000000
0.000000
0.000000
0.000000
0.000000
0.510400
0.000000
0.000000
0.000000
0.627200
0.537900
0.556400
0.033900
0.000000
0.000000
0.000000
0.737800
0.000000
0.000000
0.000000
0.000000
0.000000
0.000000
0.014300
0.541000
0.000000
0.000000
0.000000
0.540800
0.000000
0.000000
0.604200
0.525500
0.000000
0.000000
0.605400
0.527000
0.540400
0.508500
0.554200
0.000000
0.000000
0.000000
0.000000
0.510900
0.092800
0.534100
0.000000
0.000000
0.000000
0.999000
0.000000
0.996100
0.000000
0.533700
0.000000
0.016700
0.000000
0.000000
1.255200
0.000000
0.000000
0.000000
0.000000
0.000000
0.000000
0.552200
0.000000
0.000000
0.000000
0.000000
0.513300
0.000000
0.092100
0.000000
0.000000
0.587100
0.853200
0.000000
0.000000
0.000000
0.530700
0.529200
0.000000
0.000000
0.523800
0.000000
0.000000
0.000000
0.557300
0.000000
0.545900
0.000000
0.000000
0.000000
0.000000
0.000000
0.065800
0.000000
0.000000
0.642100
0.539900
0.702000
0.532900
0.899100
0.000000
0.543500
0.626400
0.581100
0.578000
0.545800
0.099700
0.000000
0.000000
0.000000
0.000000
0.000000
0.544400
0.449000
0.574300
0.000000
0.532600
0.000000
0.000000
0.000000
0.000000
0.505900
0.013900
0.551800
0.000000
0.000000
0.000000
0.614500
1.008600
0.000000
0.000000
0.000000
0.000000
0.000000
0.000000
1.496700
0.528600
0.011600
0.511600
0.000000
0.000000
0.542700
0.540300
0.000000
0.033000
0.000000
0.556200
0.000000
0.000000
0.538500
0.000000
0.000000
0.000000
0.999100
0.000000
0.000000
0.000000
0.241400
0.000000
0.000000
0.000000
0.000000
0.000000
0.000000
0.000000
0.000000
0.600500
0.544200
0.000000
0.000000
0.000000
0.000000
0.000000
0.000000
0.176200
0.000000
0.000000
0.000000
1.004800
0.000000
0.000000
0.000000
0.530700
0.524600
0.000000
0.511100
0.000000
0.000000
0.000000
0.000000
0.000000
0.551600
0.000000
0.000000
0.534400
0.000000
0.534900
0.000000
0.000000
0.556900
0.605300
0.573800
0.047100
0.000000
0.000000
0.000000
0.000000
0.564300
0.000000
0.548400
0.542500
1.807100
0.614700
0.000000
0.000000
0.648100
0.000000
0.000000
0.000000
0.000000
0.583000
0.000000
0.561700
0.328800
0.000000
0.571400
0.000000
0.000000
0.994000
0.524100
0.029900
0.567900
0.622200
0.000000
1.470000
2.269000
1.006800
0.000000
0.947000
0.000000
0.000000
0.000000
0.000000
0.533000
0.000000
0.000000
0.000000
0.574300
0.000000
0.000000
0.000000
0.000000
0.000000
0.000000
0.000000
0.910900
0.099300
0.000000
0.000000
1.004600
0.553200
0.000000
0.548000
0.000000
0.000000
0.534000
0.000000
0.000000
0.000000
0.000000
0.000000
0.000000
0.000000
0.629600
0.000000
0.000000
0.536300
0.522600
0.000000
0.000000
0.000000
0.523400
0.000000
0.574400
0.736400
0.000000
0.000000
0.588600
0.000000
0.000000
0.000000
0.000000
0.042200
0.000000
0.000000
0.548400
2.179600
0.000000
0.000000
0.000000
0.000000
0.000000
0.000000
0.000000
0.000000
0.000000
0.023700
0.000000
0.000000
0.000000
0.174200
0.000000
0.598900
0.022100
0.000000
0.000000
0.000000
0.534100
1.002500
0.000000
0.652300
0.544900
0.000000
0.000000
0.000000
0.000000
0.000000
0.549400
0.000000
0.000000
0.559400
0.000000
0.576300
0.570400
0.579000
0.577600
0.000000
0.000000
0.000000
0.000000
0.555300
0.678300
0.665200
0.000000
0.551200
0.000000
0.000000
0.000000
0.670600
0.000000
0.540700
0.000000
0.000000
0.521700
0.546000
0.558100
0.000000
0.578500
0.661700
0.586200
0.000000
0.000000
0.000000
0.000000
0.552600
0.591100
0.000000
0.542000
0.000000
0.000000
1.000700
0.000000
0.580400
0.000000
0.000000
0.000000
0.000000
0.000000
0.000000
0.000000
0.000000
0.000000
0.000000
0.000000
0.582100
0.000000
0.549200
0.000000
0.000000
0.000000
0.301200
0.000000
0.000000
0.000000
0.000000
0.663900
0.640200
0.543900
0.000000
0.000000
0.000000
0.000000
0.562900
0.000000
0.612000
0.521000
0.000000
0.543800
0.218500
0.000000
0.526400
0.708400
0.000000
0.546500
0.000000
0.513300
0.000000
0.000000
0.526500
0.000000
0.000000
0.545400
0.524600
0.000000
0.000000
0.000000
0.000000
0.000000
0.000000
0.000000
0.541600
0.000000
0.514300
0.542000
0.000000
0.555900
0.028700
0.000000
0.000000
0.541200
0.000000
0.527800
0.000000
0.527900
0.000000
0.999400
0.000000
0.509200
0.000000
0.508400
0.000000
0.011600
1.061000
0.000000
0.000000
0.566100
0.000000
0.000000
0.000000
0.541400
0.000000
0.530700
0.995400
0.000000
0.000000
0.000000
0.193300
0.000000
0.000000
0.532300
0.000000
0.000000
0.000000
0.000000
0.534500
1.430200
0.536200
0.000000
0.521700
0.000000
0.534100
0.000000
0.000000
0.000000
0.000000
0.000000
0.518300
0.534000
0.000000
0.000000
0.509600
0.546400
0.000000
0.000000
0.546500
0.550100
0.000000
0.000000
0.000000
0.537500
0.548000
0.000000
0.170900
0.000000
0.000000
0.537200
0.000000
0.000000
0.000000
0.000000
0.000000
0.735000
0.509500
0.000000
0.613400
0.000000
0.000000
0.000000
0.000000
0.000000
0.532900
0.000000
0.000000
0.012700
0.098100
0.000000
0.837600
0.539800
0.000000
1.007700
0.000000
0.000000
0.000000
0.528000
0.588500
0.000000
0.000000
0.000000
0.530900
0.000000
0.000000
0.000000
0.000000
0.000000
0.000000
0.000000
0.000000
0.000000
0.545800
0.000000
0.000000
0.542400
0.000000
0.000000
0.534100
0.000000
0.000000
0.000000
0.598200
0.000000
0.000000
0.558100
0.000000
0.000000
0.000000
0.000000
0.000000
0.549800
0.543400
0.552600
0.000000
0.000000
0.551200
0.557000
0.000000
0.000000
0.527100
0.000000
0.542200
0.598600
0.526200
0.000000
0.000000
0.000000
0.551300
0.000000
0.409800
0.000000
0.000000
0.000000
0.538000
0.000000
0.000000
0.994800
0.056600
0.000000
0.000000
0.587900
0.000000
0.030600
0.000000
0.000000
0.560600
0.000000
0.526100
0.194300
0.000000
0.000000
0.000000
0.000000
0.000000
0.526100
0.510800
0.000000
0.000000
0.000000
0.000000
0.000000
0.561900
0.000000
0.000000
0.000000
0.563800
0.542400
0.000000
0.554500
0.595600
0.000000
0.025000
0.000000
0.000000
0.000000
0.000000
0.610700
0.586300
0.528300
0.000000
0.550400
0.537000
1.113400
0.000000
0.000000
0.628800
0.000000
0.007100
0.000000
0.322900
0.000000
0.000000
0.548900
0.000000
0.000000
0.000000
0.000000
0.000000
0.000000
1.001500
0.618200
0.000000
0.000000
0.209100
0.000000
0.000000
0.623800
0.000000
0.592400
0.000000
0.000000
0.000000
0.695800
0.000000
0.000000
0.000000
0.000000
0.000000
0.533900
0.568700
0.000000
0.000000
0.000000
0.000000
0.000000
0.541700
0.000000
0.000000
0.000000
0.000000
0.000000
0.000000
0.067000
0.000000
0.000000
0.000000
0.513600
0.000000
0.000000
0.664500
0.000000
0.000000
0.000000
0.000000
0.000000
0.000000
0.541500
0.616800
0.995700
0.000000
0.537200
0.507700
0.000000
0.000000
0.000000
0.000000
0.000000
0.994600
0.000000
0.000000
0.000000
0.996700
0.000000
0.000000
0.178500
0.000000
0.627500
0.000000
0.000000
0.000000
0.557900
0.536100
0.000000
0.528900
0.000000
0.606600
0.998800
0.000000
0.000000
0.000000
0.040900
0.538300
0.000000
0.556700
0.545400
0.522000
0.000000
0.000000
0.000000
0.531700
1.475100
0.000000
0.000000
1.000000
0.000000
0.000000
0.000000
0.000000
0.000000
0.588000
0.000000
0.000000
0.000000
0.522400
0.000000
0.513100
0.000000
0.546200
0.485200
0.000000
0.000000
0.000000
0.112600
0.000000
0.000000
0.546700
0.000000
0.000000
0.000000
0.000000
0.000000
0.540800
0.000000
0.000000
0.000000
0.524800
0.000000
0.000000
0.668200
0.000000
0.000000
0.559200
0.000000
0.599600
0.000000
1.000300
0.000000
0.538700
0.968900
0.000000
0.000000
0.000000
0.539600
0.550400
0.532800
0.000000
1.084200
0.000000
0.000000
0.016400
0.000000
0.000000
1.560400
0.000000
0.000000
0.536600
0.000000
0.000000
0.000000
1.080400
0.000000
0.000000
0.000000
0.000000
0.551200
0.618500
0.000000
0.000000
0.000000
0.539800
0.639400
0.000000
0.540200
0.761800
0.000000
0.821200
0.676600
0.546300
0.000000
1.004400
0.000000
0.000000
0.537600
0.513300
0.000000
0.538400
0.022600
0.053300
0.000000
0.000000
0.514400
0.544500
0.548100
0.000000
0.000000
0.000000
0.000000
0.000000
0.000000
0.589800
0.000000
0.000000
0.000000
0.561800
0.530800
0.545300
0.000000
0.554500
0.228700
0.000000
0.523100
0.000000
0.000000
0.000000
0.540400
0.531700
0.000000
0.000000
0.000000
0.688500
0.000000
0.000000
0.617400
0.000000
0.000000
0.000000
0.000000
0.185800
0.000000
0.000000
0.540600
0.000000
0.524900
0.000000
0.636700
0.000000
0.000000
0.000000
0.000000
0.000000
0.000000
0.576900
0.000000
0.525200
0.560900
0.000000
0.000000
0.000000
0.549500
0.552900
0.000000
0.000000
0.508300
0.000000
0.000000
0.000000
0.000000
0.000000
0.545500
0.000000
0.555500
0.000000
0.000000
0.616400
0.000000
0.034800
0.550300
0.026800
0.622500
0.517000
0.000000
0.000000
0.556100
0.000000
0.000000
0.536500
0.000000
0.000000
0.000000
0.000000
0.000000
0.580600
0.000000
0.000000
0.590600
0.180100
0.583100
0.386500
0.581600
0.000000
0.000000
0.000000
0.543600
0.000000
0.000000
0.547200
0.623900
0.000000
0.000000
0.000000
0.000000
0.000000
0.575400
0.557000
0.036200
0.543100
0.000000
0.716900
0.000000
0.542800
0.000000
0.000000
0.000000
0.000000
0.000000
0.000000
0.532300
0.554300
0.526900
0.000000
0.525600
0.000000
0.000000
0.000000
0.000000
0.000000
0.538200
0.000000
0.000000
0.095900
0.000000
0.000000
0.000000
0.000000
0.000000
1.022200
0.000000
0.000000
0.514700
0.000000
0.556100
0.000000
0.000000
0.727600
0.000000
0.000000
0.000000
0.000000
0.000000
0.000000
0.763500
0.000000
0.000000
0.561400
0.000000
0.000000
0.000000
0.000000
0.000000
0.000000
0.000000
0.541600
0.000000
0.514900
0.000000
0.529300
0.553300
0.000000
0.506800
0.000000
0.000000
0.000000
0.551700
0.612800
0.000000
0.029200
0.000000
0.534800
0.000000
0.995800
0.000000
0.000000
0.000000
0.604100
0.000000
0.552600
0.000000
0.024800
0.556000
0.995800
0.000000
0.000000
0.590000
0.000000
0.000000
0.000000
0.529200
0.000000
0.000000
0.000000
0.000000
0.000000
0.525200
0.000000
0.000000
0.000000
0.000000
0.000000
0.712600
0.000000
0.563400
0.000000
0.000000
0.549200
0.000000
0.000000
0.558800
0.000000
0.000000
0.555000
0.000000
0.643700
0.545800
0.000000
0.000000
0.000000
0.556300
0.000000
0.000000
0.532800
0.882500
0.551100
0.000000
0.000000
0.000000
0.034700
0.507800
0.000000
0.000000
0.000000
0.000000
0.000000
0.000000
0.000000
0.000000
0.000000
0.000000
0.998600
0.525900
0.000000
0.000000
0.624500
0.000000
0.000000
0.000000
0.000000
0.000000
0.000000
0.000000
0.000000
0.000000
0.000000
0.000000
0.000000
0.668400
0.526100
0.569300
0.000000
0.542300
0.000000
0.000000
0.000000
0.009200
0.561300
0.000000
1.001600
0.000000
0.591200
0.000000
0.000000
0.000000
0.992700
0.576200
0.000000
0.000000
0.000000
0.524100
0.000000
0.000000
0.000000
0.527300
0.000000
0.000000
0.558300
0.000000
0.000000
0.000000
0.000000
0.174100
0.000000
0.000000
0.545600
0.565600
0.000000
0.000000
0.000000
0.000000
0.000000
0.000000
0.013600
0.000000
0.552200
0.000000
0.581500
0.570000
0.548400
0.000000
0.000000
0.000000
0.557100
0.536000
0.509900
0.000000
0.000000
0.000000
0.000000
0.000000
0.000000
0.567400
0.000000
0.000000
0.000000
0.595600
0.000000
0.000000
0.000000
0.000000
0.000000
1.181400
0.000000
0.000000
0.556300
0.627700
0.627000
0.000000
0.000000
0.531300
0.000000
0.642700
0.000000
0.000000
0.000000
0.000000
0.000000
0.343000
0.325700
0.000000
0.000000
0.000000
0.000000
0.662300
0.033300
0.000000
0.000000
0.000000
0.000000
0.000000
0.534900
0.000000
1.000300
0.000000
0.000000
0.543700
0.000000
0.544100
0.000000
0.457700
0.531300
0.000000
0.997300
0.000000
0.000000
0.087100
0.521700
0.000000
0.621500
0.531000
0.000000
0.000000
0.508000
0.523200
0.000000
0.045900
0.000000
0.000000
0.000000
0.000000
0.514100
0.000000
0.597700
0.000000
0.000000
0.550600
0.000000
0.000000
0.543200
0.000000
0.548900
0.000000
0.000000
0.000000
0.000000
0.000000
0.000000
0.025600
0.032400
0.531900
0.000000
1.006700
0.590100
0.000000
0.000000
0.000000
0.000000
0.000000
0.552300
0.552600
0.000000
0.000000
0.594900
0.000000
0.000000
0.000000
0.000000
0.000000
0.000000
0.051000
0.000000
0.000000
0.000000
0.000000
0.031700
0.000000
0.000000
0.609800
0.514100
0.778300
0.000000
0.000000
0.000000
0.000000
0.583700
0.000000
0.000000
0.000000
0.000000
0.538600
0.000000
0.000000
0.000000
0.582900
0.000000
0.000000
0.000000
0.000000
0.000000
0.000000
0.537000
0.000000
0.000000
0.524400
0.000000
0.570800
0.000000
0.000000
1.470700
0.000000
0.000000
0.000000
0.529900
0.000000
0.602500
0.000000
0.000000
0.000000
0.000000
0.576700
0.000000
0.000000
0.000000
0.000000
0.000000
0.562300
0.530400
0.000000
0.542900
0.000000
0.000000
0.547700
0.000000
0.000000
0.000000
0.521200
0.590100
0.000000
0.009000
0.530800
0.000000
0.634100
0.000000
0.000000
0.000000
1.130500
0.000000
0.000000
0.005800
0.000000
0.000000
0.000000
0.000000
0.539700
0.507000
0.000000
0.000000
0.599500
0.000000
0.549300
0.000000
0.000000
0.000000
0.000000
0.015900
0.000000
0.000000
0.000000
0.000000
1.210800
0.660200
0.000000
0.574500
0.000000
0.000000
0.000000
0.549400
0.557700
0.000000
0.539000
0.000000
0.000000
0.553900
0.532200
0.507200
0.523800
0.000000
0.000000
0.000000
0.000000
0.000000
0.589700
0.000000
0.000000
0.000000
0.000000
0.000000
0.000000
0.000000
0.540000
0.510900
0.543800
0.000000
0.000000
0.547100
0.000000
0.000000
1.095700
0.527300
0.548600
0.000000
0.557700
0.000000
0.000000
0.000000
0.000000
0.511700
0.000000
0.000000
0.000000
0.530100
5.605200
0.000000
0.000000
0.000000
0.115400
0.551800
0.547300
0.037800
0.537200
0.000000
0.000000
0.000000
0.000000
0.000000
0.000000
0.000000
0.000000
0.667000
0.000000
0.000000
0.000000
0.000000
0.020100
0.000000
1.774100
0.000000
0.349000
1.004400
0.531300
0.000000
0.533900
0.000000
0.000000
0.000000
0.000000
0.000000
0.531900
0.000000
0.541900
0.000000
0.094500
0.000000
0.000000
0.000000
0.088800
0.000000
0.000000
0.535600
0.000000
0.000000
0.000000
0.553800
0.000000
0.568900
0.574100
0.000000
0.000000
0.000000
0.000000
0.000000
0.535300
0.554900
0.000000
0.000000
0.385400
0.015900
0.585500
0.599200
0.000000
0.000000
0.549600
0.966300
0.000000
0.000000
0.599600
0.000000
0.000000
0.000000
1.002200
0.000000
0.000000
0.000000
0.000000
0.596700
0.559600
0.524700
0.294100
0.000000
0.550000
0.539700
0.000000
0.575900
0.000000
0.000000
0.000000
0.000000
0.000000
0.000000
0.000000
0.000000
0.521300
0.587600
0.000000
0.000000
0.690700
0.523900
0.000000
0.000000
0.578300
0.000000
0.609300
0.712800
0.991900
0.588000
0.000000
0.000000
0.000000
0.541400
0.000000
0.000000
0.527800
0.000000
0.000000
0.000000
0.531200
0.000000
0.534700
0.028300
0.000000
0.000000
0.000000
0.000000
0.000000
0.000000
0.554300
0.000000
0.000000
0.000000
0.000000
0.553300
0.000000
0.526500
0.000000
1.080100
0.000000
0.053000
0.536800
0.000000
0.558800
0.000000
0.000000
0.026900
0.558200
0.000000
0.000000
0.000000
0.000000
0.562700
0.647200
0.000000
0.000000
0.527300
0.000000
0.555400
0.000000
0.548200
0.537300
0.541900
0.540400
0.545500
0.000000
0.000000
0.008300
0.000000
0.552900
0.000000
0.000000
0.712900
0.000000
0.000000
0.000000
0.000000
0.010500
0.548300
0.000000
0.524200
0.000000
0.000000
0.000000
0.000000
0.000000
0.000000
0.549400
0.000000
0.000000
0.000000
0.000000
0.000000
0.000000
0.000000
0.000000
0.996400
0.539100
0.015700
0.000000
0.000000
0.554200
0.007300
0.523700
0.000000
0.538600
0.000000
0.604300
0.000000
0.000000
0.534600
0.000000
0.000000
0.576000
0.000000
0.546100
0.000000
0.000000
0.000000
0.000000
0.000000
0.551500
0.000000
0.000000
0.000000
0.000000
0.541500
0.000000
0.000000
0.000000
0.000000
0.523600
0.000000
0.000000
0.076600
0.552800
0.000000
0.553300
0.000000
0.000000
0.000000
0.328600
1.319000
0.000000
0.068600
0.000000
0.000000
0.000000
0.000000
0.000000
0.000000
0.524900
0.000000
2.868000
0.000000
0.000000
1.194700
0.000000
0.541800
0.000000
0.010900
0.000000
0.564400
0.000000
1.001300
0.000000
0.000000
0.653900
0.000000
0.000000
0.000000
0.000000
0.000000
0.000000
0.000000
0.531000
0.000000
0.000000
0.000000
0.035200
0.000000
0.000000
0.000000
0.000000
0.000000
0.000000
0.000000
0.000000
0.993500
0.609300
0.000000
0.000000
0.529400
0.000000
0.562200
0.000000
0.000000
0.028300
0.000000
0.000000
0.000000
0.000000
0.000000
0.000000
0.659500
0.000000
0.207500
0.000000
0.000000
0.000000
0.000000
0.539600
0.523700
0.000000
0.000000
0.000000
0.000000
0.551800
0.000000
0.542100
0.000000
0.055900
0.000000
0.000000
0.000000
0.529500
0.000000
0.000000
0.000000
0.000000
0.000000
0.000000
0.000000
0.537800
0.000000
0.000000
0.000000
1.004400
0.000000
0.522700
0.000000
0.000000
1.374100
0.000000
0.000000
0.000000
0.027300
0.545800
0.000000
0.000000
0.000000
0.000000
0.537500
0.000000
0.000000
0.000000
0.626200
0.000000
0.252900
0.000000
0.000000
0.000000
0.014000
0.000000
0.543600
0.000000
0.000000
0.000000
0.000000
0.568700
0.000000
0.000000
0.735100
0.546800
0.570500
0.114300
0.554200
0.523500
0.000000
0.000000
0.000000
0.000000
0.000000
0.000000
0.000000
0.555100
0.000000
0.000000
0.000000
0.175400
0.000000
0.000000
0.000000
0.000000
0.000000
0.537000
0.529200
0.033500
0.000000
0.000000
0.000000
0.340000
0.000000
0.513100
0.508900
0.000000
0.058000
0.000000
0.000000
0.000000
0.000000
0.000000
0.000000
0.539500
0.000000
0.939000
0.535700
0.000000
0.000000
0.000000
0.000000
0.000000
0.000000
0.000000
0.000000
0.034600
0.025900
0.000000
2.243300
0.000000
0.000000
0.000000
0.543800
0.543200
0.033000
1.002300
0.000000
0.000000
0.000000
0.000000
0.000000
0.000000
0.000000
0.000000
0.000000
0.000000
0.510600
0.000000
0.000000
0.000000
0.000000
0.000000
0.000000
0.996900
0.566100
1.000700
0.985900
0.518100
0.000000
0.000000
0.547000
0.000000
0.534900
0.542000
0.531900
0.564300
0.000000
0.000000
0.997400
0.000000
0.000000
0.994000
0.000000
0.000000
1.000900
0.000000
0.000000
0.000000
0.000000
0.533800
0.507000
0.550000
0.000000
0.000000
0.000000
0.055200
0.483900
0.946300
0.000000
0.000000
0.560400
0.000000
0.000000
0.540400
0.000000
0.000000
0.522400
0.000000
0.523100
0.000000
0.554300
0.000000
0.000000
0.000000
0.000000
0.000000
0.000000
0.000000
0.602500
0.532400
0.000000
0.630400
0.000000
0.000000
0.552900
0.000000
0.000000
0.000000
0.539500
0.508500
0.554500
0.554900
1.821300
0.000000
0.000000
0.525700
0.177400
0.512000
0.000000
0.000000
0.000000
0.000000
0.000000
0.000000
0.599300
0.000000
0.570700
0.535100
0.000000
0.535300
0.000000
0.544700
0.000000
0.000000
0.000000
0.000000
0.000000
0.000000
0.350000
0.531600
0.020400
0.000000
0.512000
0.863100
0.000000
0.000000
0.000000
0.000000
0.000000
0.000000
0.000000
0.000000
0.000000
0.103500
0.000000
0.544100
0.521900
0.000000
0.000000
0.000000
0.542800
0.000000
0.000000
0.000000
1.003000
1.015300
0.000000
0.000000
0.173900
0.000000
0.000000
0.535900
0.000000
0.000000
0.000000
0.000000
0.542600
0.000000
0.000000
0.000000
0.542800
0.606200
0.000000
0.000000
0.000000
0.000000
0.000000
0.000000
0.000000
0.000000
0.997400
0.000000
0.000000
0.000000
0.565800
0.000000
0.000000
0.000000
0.581900
0.000000
0.525600
0.000000
0.000000
0.000000
0.567100
0.000000
0.628600
0.000000
0.000000
0.000000
0.139200
0.551300
0.518800
0.511000
0.580100
0.000000
0.000000
0.510500
0.049600
0.511600
0.000000
0.543600
0.000000
1.004800
0.011700
0.000000
0.365600
0.000000
0.997600
0.000000
0.000000
0.000000
0.561400
0.000000
0.508600
0.618300
0.000000
0.000000
0.000000
0.000000
0.000000
0.000000
0.547500
0.000000
0.000000
0.555100
0.000000
0.539600
0.000000
0.000000
0.000000
0.000000
0.618000
0.000000
0.000000
0.000000
0.000000
0.000000
0.000000
1.638200
0.000000
0.000000
0.000000
0.000000
0.570300
0.000000
0.000000
0.000000
0.534600
0.012900
0.000000
0.511300
0.000000
0.000000
0.541100
0.157900
0.995300
0.553400
0.513000
0.530400
0.000000
0.946000
0.000000
0.000000
0.000000
0.689300
0.000000
0.527300
0.000000
0.000000
0.000000
0.541800
0.605400
0.000000
0.000000
0.547300
0.562300
0.000000
0.000000
0.522700
0.000000
0.000000
0.521600
0.554600
0.000000
0.000000
0.000000
0.000000
0.000000
0.558000
0.000000
1.209500
0.000000
0.972800
0.993300
0.000000
0.993800
0.000000
0.000000
0.997500
0.000000
0.000000
0.000000
0.540000
0.000000
0.000000
0.533800
0.000000
0.000000
0.000000
0.000000
0.000000
0.528000
0.539600
0.507400
1.229700
0.000000
0.000000
0.000000
0.000000
0.000000
0.000000
0.000000
0.571600
0.000000
0.000000
0.547000
0.000000
0.000000
0.000000
0.000000
0.000000
0.033700
0.546700
0.550800
0.535200
0.000000
0.000000
0.000000
0.000000
0.564400
0.000000
0.000000
0.000000
0.000000
0.000000
0.000000
0.545600
0.547400
0.000000
0.000000
0.000000
0.000000
0.000000
0.000000
0.000000
0.000000
0.000000
1.026500
0.000000
0.000000
0.000000
0.000000
0.524100
0.558500
0.650000
1.153300
0.000000
0.535600
0.000000
0.000000
0.000000
0.098000
0.999800
0.000000
0.000000
0.534400
0.000000
0.000000
0.000000
0.000000
0.000000
0.000000
0.000000
0.000000
0.000000
0.046100
0.668200
0.000000
0.000000
0.000000
0.000000
0.000000
0.604500
0.000000
0.000000
0.524200
0.000000
0.011700
0.000000
0.000000
0.000000
0.000000
0.000000
0.548200
0.000000
0.521500
0.000000
0.000000
0.000000
0.000000
0.000000
0.000000
0.000000
0.000000
0.000000
0.000000
0.000000
0.000000
0.000000
0.000000
0.531000
0.000000
0.566100
0.000000
0.000000
0.000000
0.000000
0.000000
0.000000
0.584600
0.540100
0.000000
0.000000
0.524200
0.998900
0.000000
0.591500
0.000000
0.000000
0.000000
0.000000
0.000000
0.000000
0.000000
0.000000
0.000000
0.000000
0.529800
0.546800
0.000000
0.552700
0.000000
0.000000
0.522600
0.710600
0.000000
0.000000
0.000000
0.549200
0.020100
0.000000
0.000000
0.000000
0.000000
0.000000
0.000000
0.000000
0.000000
0.000000
0.529600
0.000000
0.533600
0.529700
0.000000
0.000000
0.000000
0.000000
0.000000
0.000000
0.000000
0.000000
0.562100
0.523600
0.000000
0.000000
0.510500
0.275900
0.000000
0.612500
0.542400
0.000000
0.000000
0.176600
0.508800
0.545000
0.000000
2.861300
0.000000
0.536700
0.538600
0.000000
0.000000
0.000000
0.000000
0.566900
0.000000
0.000000
0.565600
0.545400
0.000000
0.528400
0.000000
0.000000
0.538000
0.000000
0.000000
0.000000
0.000000
0.000000
0.000000
0.589700
0.000000
0.000000
0.000000
0.276000
0.000000
0.775500
0.538200
0.000000
0.000000
0.582100
0.000000
0.000000
0.000000
0.000000
0.000000
0.029700
0.000000
0.662600
0.512000
0.000000
0.000000
0.032000
0.936600
0.574800
0.000000
0.544200
0.000000
0.513100
0.000000
0.000000
0.000000
0.000000
0.000000
0.000000
0.009200
0.355800
0.509700
0.000000
0.516100
0.000000
0.000000
0.527000
0.000000
0.000000
0.000000
1.002400
0.000000
0.541800
0.589600
0.000000
0.000000
0.536500
0.032100
0.637700
0.548800
0.000000
0.000000
0.000000
0.000000
0.000000
0.994100
0.000000
0.000000
0.000000
0.534300
0.000000
1.001000
0.710200
0.000000
0.000000
0.578400
0.698100
0.000000
0.000000
0.000000
0.000000
0.000000
0.000000
0.531500
0.000000
0.000000
0.538800
0.000000
0.000000
0.000000
1.401600
0.036000
0.000000
0.000000
0.000000
0.000000
0.000000
0.000000
0.000000
0.531900
0.577300
0.628100
0.000000
0.000000
0.944000
0.000000
0.000000
0.577300
0.000000
0.525500
0.970600
0.000000
0.000000
0.000000
0.592600
0.000000
0.000000
0.000000
0.556000
0.984000
0.000000
0.000000
0.000000
0.536600
0.000000
0.000000
0.557400
0.554700
0.000000
0.308200
0.000000
0.000000
0.545600
0.000000
0.000000
0.000000
0.000000
1.076800
0.532000
0.000000
0.000000
0.000000
0.000000
0.000000
0.000000
0.531900
0.531900
0.532500
0.000000
0.000000
0.000000
0.517000
0.000000
0.000000
0.000000
0.000000
0.529100
0.514100
0.133600
0.574300
0.529500
0.527900
0.000000
0.000000
0.561700
0.000000
0.581500
0.520000
0.000000
0.549700
0.000000
0.000000
0.000000
0.000000
0.000000
0.546400
0.000000
0.099000
0.000000
0.155500
0.012400
0.000000
0.070800
0.000000
0.996400
0.000000
0.536400
0.529300
0.000000
0.523400
0.000000
0.577600
0.596800
0.000000
0.000000
0.000000
0.000000
0.578000
0.226400
0.000000
1.001600
0.000000
0.528000
0.000000
0.509600
0.000000
0.993400
0.543800
0.997400
0.000000
0.518000
0.000000
0.000000
0.000000
0.549700
0.000000
0.576800
0.533800
0.000000
0.000000
0.000000
0.000000
0.540800
0.293900
0.588200
0.533000
0.000000
0.000000
0.000000
0.545200
0.000000
0.000000
1.330200
0.000000
1.389600
0.000000
0.000000
0.000000
0.528900
0.059000
0.552400
0.000000
0.000000
0.000000
0.000000
0.520100
0.520300
0.000000
0.000000
0.000000
0.000000
0.000000
0.000000
0.000000
0.553900
0.000000
0.563500
1.533500
0.000000
0.000000
0.543300
0.000000
0.583900
0.000000
2.099400
0.715600
0.541300
0.552200
0.000000
0.562300
0.000000
0.000000
0.000000
0.000000
0.568900
0.000000
0.000000
0.000000
0.000000
0.000000
0.000000
0.532500
0.000000
0.000000
0.520600
0.528500
0.000000
0.527800
0.000000
0.000000
0.000000
0.193500
0.000000
0.563600
0.000000
0.513400
0.000000
0.000000
0.000000
0.000000
0.545800
0.000000
0.000000
0.561300
0.556000
0.000000
0.551200
0.000000
0.000000
0.000000
0.000000
0.583900
0.000000
0.592000
0.000000
0.000000
0.000000
0.000000
0.037800
0.551000
0.000000
0.000000
0.639000
0.000000
0.589200
0.521300
0.541100
0.000000
0.000000
1.082400
1.330800
0.000000
0.040600
0.543400
0.508900
0.540200
0.022100
0.547900
0.526900
0.553300
0.000000
0.000000
0.000000
0.000000
0.000000
0.825200
0.066400
0.000000
0.000000
0.000000
0.000000
0.000000
0.554000
0.000000
0.641100
0.604200
0.515500
0.000000
0.000000
0.000000
0.000000
0.000000
0.000000
0.000000
0.000000
0.000000
0.578800
0.302600
0.108100
1.000800
1.001500
0.154200
0.685600
1.002000
0.000000
1.000600
1.002500
0.587700
0.000000
0.000000
0.044500
0.552000
0.000000
0.000000
1.129500
0.045400
0.000000
0.534900
0.507700
0.000000
0.000000
0.000000
0.000000
0.000000
0.000000
0.000000
0.030800
0.000000
0.000000
0.000000
0.000000
0.000000
0.000000
0.000000
0.000000
0.000000
0.629300
0.000000
0.000000
0.000000
0.535400
0.089200
0.000000
0.546200
0.000000
0.000000
0.548900
0.990700
0.627400
0.000000
0.041300
0.341100
0.000000
0.668000
0.000000
0.000000
0.000000
0.000000
0.000000
0.000000
0.000000
0.000000
0.531600
0.000000
1.004000
0.527100
0.000000
0.551800
0.000000
0.000000
0.000000
0.000000
0.000000
0.000000
0.000000
0.510800
0.578700
0.000000
0.000000
0.000000
0.636700
0.523900
0.000000
0.545600
0.000000
0.000000
0.601000
0.000000
0.000000
0.997600
0.000000
0.000000
0.000000
0.558200
0.551100
0.000000
0.000000
0.526700
0.000000
0.000000
0.000000
0.000000
0.000000
0.000000
0.000000
0.612300
0.000000
1.107300
0.000000
0.983700
0.025000
0.000000
0.574500
0.000000
0.000000
0.000000
0.000000
0.000000
0.000000
0.545300
0.528500
0.000000
0.000000
0.000000
0.580000
1.041800
0.880400
0.529400
0.000000
0.000000
0.000000
0.520600
0.000000
0.000000
0.558800
0.000000
0.563300
0.000000
0.000000
0.000000
0.539600
0.000000
0.505700
0.913200
0.510100
0.000000
0.000000
0.000000
1.478200
0.000000
0.000000
0.022900
0.534500
0.000000
0.000000
0.000000
0.558800
0.000000
0.111600
0.422200
0.000000
0.000000
0.585600
0.000000
0.587900
0.000000
0.000000
1.181200
0.113900
0.000000
0.000000
0.000000
0.558500
0.000000
0.525000
0.540100
0.581500
0.509600
0.000000
0.000000
0.000000
0.000000
0.000000
0.569200
0.000000
0.268100
0.000000
0.585900
0.000000
0.000000
0.000000
0.000000
0.555300
0.554900
0.534400
0.041300
0.000000
0.000000
0.526500
0.000000
1.173100
0.000000
0.000000
0.581000
0.530500
0.000000
0.000000
0.000000
0.539000
0.047700
0.000000
0.000000
0.000000
0.539400
0.174500
0.000000
0.000000
0.000000
0.000000
1.000900
0.075000
0.000000
0.000000
0.000000
0.000000
0.804800
0.000000
1.155300
0.000000
0.000000
0.000000
0.571700
0.000000
0.000000
0.000000
0.549100
0.000000
0.000000
0.000000
0.000000
0.913300
0.000000
0.000000
0.000000
0.000000
0.556000
0.000000
0.000000
0.000000
0.587500
0.510400
0.544400
1.363000
0.000000
0.000000
0.647000
0.000000
0.000000
1.005600
0.000000
0.000000
0.000000
0.000000
0.000000
0.591300
0.636000
0.526500
0.000000
0.535800
0.014900
0.000000
0.517700
0.000000
0.531500
0.000000
0.000000
0.000000
0.000000
0.999600
0.000000
0.000000
0.998300
0.000000
0.000000
0.567800
0.025300
0.000000
0.542900
0.522600
0.000000
0.582800
0.000000
0.000000
0.585600
0.694000
0.000000
0.000000
0.540400
0.000000
0.000000
0.000000
0.000000
0.000000
0.000000
0.000000
0.544600
0.000000
0.000000
0.509200
0.000000
0.866100
0.000000
0.576200
0.000000
0.000000
0.000000
0.000000
0.000000
0.000000
0.578300
0.000000
0.545800
0.000000
0.533400
0.546600
0.549800
1.008600
0.000000
0.000000
0.000000
0.008900
0.000000
0.000000
0.646000
0.043700
0.000000
0.000000
0.000000
0.000000
0.000000
0.000000
0.000000
0.000000
0.738600
0.000000
0.000000
0.000000
0.000000
0.000000
0.555600
0.546200
0.000000
0.000000
0.000000
0.000000
0.542300
0.545500
0.000000
0.000000
0.000000
0.000000
0.573900
0.000000
0.998600
0.000000
0.000000
1.526500
0.000000
0.000000
0.856400
0.000000
0.000000
0.000000
0.712300
0.000000
0.000000
0.000000
0.016900
0.544000
0.540300
0.000000
0.000000
0.000000
0.000000
0.535300
0.524100
0.663100
0.523400
0.000000
0.000000
0.000000
0.000000
0.000000
0.533800
0.000000
0.000000
0.000000
0.000000
0.000000
0.000000
0.000000
0.000000
0.000000
0.564800
0.000000
0.595700
0.540400
0.000000
0.000000
0.000000
0.533000
0.000000
0.000000
1.002500
0.522000
0.508800
0.554700
0.533500
0.510500
0.000000
0.000000
0.000000
0.545800
1.091800
0.000000
0.000000
0.000000
0.000000
0.000000
0.000000
0.077300
0.000000
0.000000
0.543100
0.000000
0.000000
0.000000
0.000000
0.000000
0.561600
0.000000
0.000000
0.533200
0.545200
0.000000
0.000000
0.535000
0.000000
0.000000
0.000000
0.000000
1.001800
0.000000
0.000000
0.000000
0.000000
0.000000
0.532600
0.000000
0.000000
0.000000
0.000000
0.529300
0.032600
0.000000
0.000000
0.552100
0.000000
0.000000
0.000000
0.000000
0.530300
1.006100
0.530600
0.000000
0.000000
0.000000
0.539100
0.222400
0.000000
0.000000
0.000000
0.000000
0.000000
1.585100
0.000000
0.083100
0.000000
0.000000
0.598600
0.000000
0.000000
0.137000
0.555100
0.535700
0.000000
0.023000
0.000000
0.000000
0.000000
0.000000
0.000000
0.000000
0.000000
0.000000
0.738900
0.531200
0.000000
0.567100
0.525200
0.000000
0.000000
1.000500
0.000000
0.027800
0.000000
0.585800
0.000000
0.998700
0.000000
0.000000
0.536800
0.508400
0.541100
0.549500
0.000000
0.000000
0.000000
0.000000
0.545000
0.000000
0.528400
0.989200
0.000000
0.525700
0.525300
0.575800
0.530500
0.024600
0.000000
0.016900
0.000000
0.000000
0.541600
0.000000
0.536100
0.000000
0.538800
0.000000
0.723400
0.000000
0.559900
0.000000
0.594000
0.000000
0.529700
0.000000
0.529100
0.000000
0.000000
0.674900
0.000000
0.000000
0.526300
0.547000
0.000000
0.000000
0.000000
0.554100
0.000000
0.528200
0.000000
0.562900
0.000000
0.000000
0.000000
0.000000
0.000000
0.507100
0.000000
0.000000
0.000000
0.000000
0.543800
0.000000
0.000000
0.632200
0.029000
0.587400
0.537800
0.000000
0.000000
0.567700
0.507600
0.000000
0.000000
0.118800
0.000000
0.000000
0.000000
0.000000
0.000000
0.000000
0.093000
0.000000
0.054800
0.000000
0.000000
0.000000
0.000000
0.000000
0.000000
0.000000
0.000000
0.542100
0.000000
0.000000
0.791400
0.000000
0.000000
0.555100
0.000000
0.000000
0.000000
0.550200
0.522300
0.000000
0.000000
0.000000
0.046600
0.601600
0.000000
0.563700
0.000000
0.077200
1.068400
1.001900
0.999400
0.995300
0.000000
0.000000
0.000000
0.000000
0.000000
0.000000
0.000000
0.000000
1.005300
0.000000
0.000000
0.000000
0.000000
0.000000
0.000000
0.223700
0.000000
0.642900
0.568600
0.000000
0.000000
0.739400
0.527000
0.539800
0.000000
0.035900
0.000000
0.541700
0.535100
0.607000
0.000000
0.530100
0.000000
0.662000
4.135700
0.000000
0.000000
0.000000
0.000000
0.000000
0.000000
0.123200
0.000000
0.000000
0.075200
0.000000
0.075400
0.554000
0.000000
0.000000
0.130900
0.000000
0.530700
0.539000
0.000000
0.000000
0.556300
0.000000
0.561800
0.000000
0.000000
0.531100
0.000000
0.000000
0.000000
0.000000
0.000000
1.210300
0.000000
0.000000
0.000000
0.000000
0.000000
0.000000
0.507800
0.000000
0.575300
0.617400
0.557400
0.000000
0.000000
0.000000
0.000000
0.000000
0.000000
0.578900
0.000000
0.000000
0.000000
0.014300
0.000000
0.561600
0.000000
0.000000
0.537200
0.000000
0.721400
0.524600
0.000000
0.000000
0.000000
0.000000
0.000000
0.000000
0.000000
0.000000
0.540900
0.000000
0.586900
0.000000
0.000000
0.700000
0.556000
0.000000
0.000000
0.000000
0.557000
2.000100
0.527000
0.140000
0.000000
0.000000
0.000000
0.000000
0.022900
0.000000
0.000000
0.000000
0.000000
0.549800
0.000000
0.000000
0.000000
0.000000
0.000000
0.000000
0.000000
0.044500
0.000000
0.027900
0.600100
0.681400
0.000000
0.516800
0.526600
0.604200
0.000000
0.522800
0.924400
0.000000
0.000000
0.000000
0.000000
0.000000
0.000000
0.529800
0.000000
0.000000
0.000000
0.000000
0.000000
0.557600
0.000000
0.531400
0.533600
0.000000
0.538300
0.522100
1.000400
0.541200
0.000000
0.000000
0.000000
0.000000
0.000000
0.000000
0.000000
0.546900
0.000000
0.059800
0.000000
0.000000
0.551100
0.560200
0.000000
0.000000
0.000000
0.996400
0.000000
0.000000
0.576200
0.557700
0.000000
0.000000
0.000000
0.555800
0.000000
1.404200
0.026400
0.000000
0.000000
0.000000
0.000000
0.000000
0.022900
0.000000
0.000000
0.000000
0.000000
0.000000
0.533500
0.000000
0.000000
0.521000
0.000000
0.000000
0.000000
0.000000
0.568800
0.554200
0.564500
0.000000
0.527000
0.538200
0.000000
0.545100
0.000000
0.000000
0.589500
0.000000
0.000000
0.528100
0.525600
0.552100
0.000000
0.000000
0.000000
0.000000
0.037100
0.000000
0.000000
0.528300
0.000000
0.526000
0.000000
0.000000
0.000000
0.000000
0.000000
0.000000
0.000000
0.000000
0.000000
0.000000
0.000000
0.000000
0.785700
0.000000
0.000000
0.000000
0.536000
0.588300
0.000000
0.000000
0.000000
0.000000
0.000000
0.000000
0.000000
0.997400
0.000000
0.732600
1.005200
0.000000
0.000000
0.000000
0.997400
0.000000
0.590100
0.623200
0.530300
1.276600
0.530200
0.624200
0.000000
0.000000
0.000000
0.537400
0.000000
0.000000
0.000000
0.000000
0.000000
0.515100
0.000000
0.000000
0.000000
0.000000
1.066600
1.005100
0.000000
0.000000
0.000000
0.000000
0.524500
0.532000
0.999000
0.000000
0.000000
0.844500
0.000000
0.000000
0.000000
0.000000
0.045400
0.000000
0.000000
0.000000
0.000000
0.000000
0.000000
0.000000
0.000000
0.998800
1.604000
0.528100
0.541400
0.000000
0.511200
0.000000
0.000000
0.000000
0.553400
0.000000
0.000000
0.000000
0.000000
0.094800
0.000000
0.533200
0.000000
0.998000
0.000000
1.428300
0.000000
0.000000
0.000000
0.000000
0.000000
0.000000
1.002500
0.000000
0.000000
0.000000
0.000000
0.000000
0.044000
0.000000
2.001100
0.000000
0.000000
0.000000
0.000000
0.000000
0.000000
0.000000
0.000000
0.009700
0.000000
0.000000
0.584300
0.054300
0.979600
0.000000
0.790600
0.000000
0.523100
0.999500
0.000000
0.000000
0.073200
0.000000
0.535000
0.997600
0.000000
0.000000
0.000000
0.509000
0.000000
0.779000
0.000000
0.000000
0.000000
0.000000
0.000000
0.000000
0.000000
0.554600
0.535800
0.000000
0.000000
1.003400
0.000000
0.000000
0.000000
0.000000
0.378000
0.000000
1.428800
0.000000
0.000000
0.000000
0.000000
0.000000
0.000000
0.589700
0.000000
0.007600
0.000000
0.000000
0.076700
0.000000
0.000000
0.000000
0.000000
0.000000
0.000000
0.000000
0.030900
0.533100
0.000000
0.000000
0.000000
0.000000
0.568000
0.621400
0.000000
0.000000
0.000000
0.000000
0.000000
0.531400
0.000000
0.000000
0.603800
0.000000
0.000000
0.515400
0.000000
0.000000
0.000000
0.530300
0.000000
0.581600
0.000000
0.000000
0.000000
0.000000
0.000000
0.000000
0.000000
0.107200
0.000000
0.000000
0.000000
0.543800
0.951200
0.517300
0.999000
0.000000
0.000000
1.001400
0.000000
0.042300
0.000000
0.000000
0.997700
0.000000
0.000000
0.000000
0.000000
0.000000
0.557500
0.000000
0.000000
0.000000
0.573500
0.545400
0.985900
0.000000
0.000000
0.000000
0.558200
0.000000
0.000000
0.000000
0.542900
0.565800
0.508800
0.035700
0.556900
0.531300
0.529800
0.000000
0.000000
0.509000
0.000000
0.000000
0.000000
0.000000
0.552800
0.000000
0.000000
0.000000
0.000000
0.034900
0.000000
0.000000
0.000000
0.688800
0.516200
0.000000
0.000000
0.000000
0.000000
0.000000
0.000000
0.000000
0.000000
0.000000
0.508500
0.000000
0.074900
0.000000
0.000000
0.000000
0.000000
0.000000
0.000000
0.000000
0.598500
0.000000
0.482600
0.000000
0.011500
0.000000
0.000000
0.142700
0.524400
0.000000
0.000000
0.000000
0.000000
0.610900
0.000000
0.523600
0.000000
0.528300
0.000000
0.000000
0.566100
0.530500
1.104500
0.000000
0.000000
0.000000
0.000000
0.000000
0.000000
0.000000
0.000000
0.000000
0.531100
0.531400
0.509200
0.000000
0.000000
1.004900
0.000000
0.531500
0.575300
0.540100
0.550700
0.029400
0.000000
0.000000
0.000000
0.559800
0.000000
0.512400
0.525500
0.000000
0.000000
0.000000
1.997900
0.000000
0.000000
0.000000
0.000000
0.000000
0.038300
0.000000
0.520100
0.000000
0.000000
0.554200
0.537500
0.000000
0.000000
0.000000
0.000000
0.160400
0.000000
0.000000
0.000000
0.000000
0.000000
0.000000
0.000000
0.537800
0.000000
0.196200
0.000000
0.000000
0.000000
0.558100
0.044300
0.542600
0.000000
0.000000
0.000000
0.000000
0.000000
0.511400
0.000000
0.508000
0.000000
0.000000
0.830500
0.000000
0.000000
0.000000
0.000000
0.523900
0.000000
0.000000
0.000000
0.000000
0.571300
0.000000
0.530400
0.000000
0.532300
0.000000
0.000000
0.000000
0.550500
0.000000
0.000000
2.216100
0.000000
0.525200
0.000000
0.000000
0.000000
0.547900
0.538800
0.524800
0.780300
0.525800
0.545900
0.540600
0.000000
0.000000
0.514800
0.000000
0.000000
0.046300
0.000000
0.000000
0.000000
0.541500
0.000000
0.000000
0.540200
0.000000
0.530000
0.000000
0.107900
0.000000
0.000000
0.000000
0.542000
0.531900
0.534100
0.000000
0.535500
0.601100
0.000000
0.000000
0.000000
0.161300
0.000000
0.507400
0.537400
0.000000
0.630200
0.000000
0.000000
0.000000
0.000000
0.000000
0.539500
0.527600
0.000000
1.007300
0.000000
0.000000
0.000000
0.509400
0.052700
0.000000
0.000000
0.000000
0.553600
0.033900
0.555400
0.000000
0.538900
0.000000
0.000000
0.565500
0.553800
0.000000
0.000000
0.000000
0.552200
0.000000
0.544300
0.000000
0.000000
0.041200
0.555400
0.189200
0.000000
0.508100
0.000000
0.000000
0.000000
0.000000
0.000000
0.556100
0.543400
2.214700
0.000000
0.000000
0.000000
0.000000
0.000000
0.000000
0.000000
0.000000
0.000000
0.546000
0.728800
0.000000
0.000000
0.539400
0.000000
0.000000
0.000000
0.548000
0.000000
0.542900
0.589300
0.000000
0.000000
0.000000
0.000000
0.538800
0.995900
0.000000
0.000000
0.570200
0.000000
0.522500
0.000000
0.000000
0.000000
0.000000
0.000000
0.000000
0.532300
0.563700
0.000000
0.000000
0.566900
0.548900
0.534500
0.000000
0.552200
0.526600
0.000000
0.000000
0.102100
0.000000
0.000000
0.010500
0.593700
0.000000
0.529600
0.607400
0.000000
0.000000
0.535000
0.543200
0.000000
0.000000
0.000000
0.000000
0.612500
0.000000
1.075100
0.000000
1.001100
0.000000
0.000000
0.064900
0.000000
0.000000
0.076600
0.000000
0.015600
0.000000
0.522900
0.043900
0.000000
0.000000
0.552800
0.000000
0.540500
0.559500
0.590100
0.000000
0.000000
0.599200
0.000000
0.000000
0.000000
0.525000
0.000000
0.557400
0.000000
0.015400
0.000000
0.000000
0.000000
0.000000
0.000000
0.000000
0.000000
0.023200
0.000000
0.000000
0.000000
0.000000
0.000000
0.048000
0.000000
0.000000
0.561700
0.000000
0.667100
0.000000
0.000000
0.000000
0.528100
0.000000
0.000000
0.000000
0.527900
0.863600
0.000000
1.222600
0.000000
0.526200
0.000000
0.000000
0.602000
0.000000
0.000000
0.540000
0.541200
0.593800
0.567500
0.000000
0.000000
0.536500
0.520000
0.000000
0.000000
0.027500
0.000000
0.000000
0.000000
0.538000
0.000000
0.541600
0.000000
0.000000
0.618500
0.000000
0.530500
0.000000
0.000000
0.532200
0.507600
1.003800
0.999000
0.000000
0.546100
0.543500
0.000000
0.000000
0.998800
0.623300
0.000000
0.000000
0.000000
0.000000
0.000000
0.000000
0.000000
0.979400
0.540100
0.529600
0.538800
1.188700
0.991400
0.539400
0.000000
0.000000
0.107200
5.253800
0.032300
0.553800
0.131100
0.593100
0.540900
0.997700
0.000000
0.000000
0.554100
0.000000
0.000000
0.000000
0.000000
0.000000
0.000000
0.545000
0.579500
0.000000
0.000000
0.000000
0.511100
0.000000
0.038800
0.000000
0.523600
0.525900
0.000000
0.000000
0.000000
0.000000
0.000000
0.555400
0.000000
0.000000
0.000000
0.000000
0.000000
0.549500
0.553600
0.000000
0.519400
0.545100
0.000000
0.529700
0.530200
0.000000
0.000000
0.000000
0.532300
0.000000
0.602000
0.527800
0.000000
0.597500
0.092100
0.000000
0.000000
0.064800
0.000000
0.000000
0.000000
0.000000
0.000000
0.000000
0.552400
0.000000
0.000000
0.000000
0.000000
0.000000
0.000000
0.000000
1.007500
0.000000
0.169400
0.000000
0.514200
0.000000
0.000000
0.509100
0.000000
0.000000
0.000000
1.520500
0.000000
0.000000
0.559000
0.000000
0.009500
0.536500
0.000000
0.000000
0.000000
0.025700
0.000000
0.530500
0.000000
1.109000
0.000000
0.000000
0.000000
0.000000
0.000000
0.524700
0.000000
0.000000
0.550900
0.000000
0.523700
0.016900
0.033700
0.000000
0.000000
0.000000
0.000000
0.000000
0.547800
0.000000
0.000000
0.061300
0.000000
0.084600
0.000000
0.593200
0.000000
0.051000
0.000000
0.559300
0.000000
0.137100
0.000000
0.000000
0.000000
0.000000
0.000000
0.000000
0.515300
0.000000
0.000000
0.584600
0.000000
0.000000
0.000000
0.000000
0.000000
0.685200
0.000000
0.000000
0.000000
0.000000
0.000000
0.000000
0.000000
0.000000
0.556500
0.000000
0.113200
0.000000
0.000000
0.544200
0.000000
0.000000
0.000000
0.000000
0.000000
0.020600
0.000000
0.000000
0.000000
0.000000
0.032400
0.547600
0.000000
0.000000
0.000000
0.000000
0.013500
0.537600
0.000000
0.000000
0.000000
0.000000
0.000000
0.000000
0.000000
0.614500
0.590800
0.000000
0.554900
0.531400
0.000000
0.000000
0.541100
0.000000
0.014000
0.050700
0.000000
0.000000
0.000000
0.118700
0.573600
0.554100
0.000000
0.000000
0.660700
0.553700
0.000000
0.706900
0.542400
0.000000
0.000000
0.000000
0.000000
0.000000
0.000000
0.000000
0.000000
0.027400
0.000000
0.995700
0.550200
0.000000
0.000000
0.000000
0.000000
0.656800
0.507700
0.000000
0.000000
0.000000
0.551500
0.000000
0.000000
0.000000
0.000000
0.000000
0.538500
0.530500
0.543800
0.000000
0.000000
2.002400
0.000000
0.524900
0.000000
0.000000
0.000000
0.548600
0.000000
0.000000
0.000000
0.000000
0.000000
0.000000
0.000000
0.870200
0.970600
0.000000
0.000000
1.253300
0.000000
0.000000
0.520900
0.524300
0.592200
0.000000
0.000000
0.000000
0.000000
0.000000
0.935500
0.000000
0.000000
0.529200
0.000000
0.507500
0.822600
0.000000
0.000000
0.000000
1.124300
0.000000
0.000000
0.000000
0.000000
1.000600
0.564100
1.000900
1.422900
0.532700
0.000000
0.000000
0.000000
0.653600
0.000000
0.997000
0.530100
0.000000
0.000000
0.544700
0.525200
0.000000
0.000000
0.000000
0.000000
0.000000
0.000000
0.000000
0.000000
0.000000
0.617200
0.000000
0.555600
0.000000
0.000000
0.000000
0.535100
0.000000
0.526300
0.000000
0.000000
0.518700
0.000000
0.000000
0.000000
0.695700
0.522800
0.992500
0.000000
0.000000
0.000000
0.534700
0.000000
0.537300
0.000000
1.536200
0.093700
0.058000
0.000000
0.020900
0.998000
0.000000
0.550500
2.746800
0.392800
0.000000
0.546500
0.532900
0.000000
0.000000
0.537100
0.000000
0.000000
0.000000
0.000000
0.000000
0.992200
0.000000
0.000000
0.000000
0.000000
0.000000
0.000000
0.000000
0.000000
0.529200
0.999200
0.031900
0.000000
0.000000
0.997100
0.564700
0.000000
1.003700
0.074500
0.000000
0.000000
0.064500
0.000000
0.000000
0.536100
0.000000
0.000000
0.000000
0.000000
0.000000
0.000000
0.064500
0.000000
0.997200
0.000000
0.000000
0.516400
0.000000
0.547100
0.000000
0.000000
0.000000
0.000000
0.023600
0.521600
0.000000
0.135000
0.000000
0.540300
0.000000
0.000000
0.000000
0.000000
0.999500
0.000000
0.181400
0.094400
0.000000
0.027700
0.000000
0.000000
0.000000
1.000000
1.003700
0.000000
0.000000
0.000000
0.521100
0.000000
0.000000
0.000000
0.000000
0.532500
0.530200
0.000000
0.000000
0.000000
0.996200
0.538700
0.995400
0.000000
0.000000
0.997500
0.000000
0.529400
0.000000
0.000000
0.000000
0.000000
0.563200
0.634400
0.000000
0.000000
0.000000
0.000000
0.000000
0.000000
0.000000
0.000000
0.000000
0.565700
0.094400
0.000000
0.544200
0.000000
0.528400
0.000000
0.000000
0.000000
0.000000
0.000000
0.000000
0.506900
0.548800
0.000000
0.000000
0.580600
0.598700
0.000000
0.000000
0.000000
0.534700
0.000000
0.000000
0.549900
0.000000
0.512100
0.547300
0.000000
0.526900
0.000000
0.000000
0.509400
0.000000
0.000000
0.584100
0.000000
0.000000
0.134000
0.000000
0.000000
0.597500
0.000000
0.000000
0.000000
0.000000
2.912200
0.526600
0.000000
0.547200
0.538800
0.584300
1.215000
0.000000
0.000000
0.541700
0.000000
0.000000
0.547000
0.000000
0.000000
0.043800
0.000000
0.018600
0.000000
0.000000
0.000000
1.000600
0.536600
0.000000
0.000000
0.000000
0.000000
0.000000
0.549000
0.000000
0.569100
0.000000
0.000000
0.000000
0.560000
0.000000
0.529600
0.555800
0.000000
0.000000
0.513900
0.000000
0.214500
0.522300
0.000000
0.000000
0.994100
0.000000
0.000000
0.000000
0.000000
0.542200
0.000000
0.513600
0.000000
0.000000
0.000000
0.513300
0.000000
0.000000
0.565200
0.000000
0.000000
0.527800
0.000000
0.000000
0.030600
0.000000
0.000000
0.000000
0.578800
1.041500
0.000000
0.000000
0.000000
0.549800
0.000000
0.000000
0.255000
0.000000
0.527900
0.000000
0.000000
2.514700
0.000000
0.604400
0.000000
0.924200
0.000000
0.000000
0.000000
0.000000
0.000000
0.000000
0.548900
0.000000
0.000000
0.000000
0.000000
0.054600
0.000000
0.017600
0.000000
0.525300
0.000000
0.551100
0.000000
0.000000
0.000000
0.527300
0.000000
0.597500
0.000000
0.549100
0.000000
0.000000
0.595900
1.002100
0.000000
0.000000
0.513300
0.000000
0.000000
0.000000
0.000000
0.000000
0.681200
0.509500
0.000000
0.000000
0.000000
0.000000
1.000000
0.000000
0.535800
0.000000
0.689100
0.000000
0.000000
0.553900
0.000000
0.000000
0.000000
0.597900
0.651400
0.087800
0.000000
0.000000
0.997500
0.000000
0.000000
0.000000
0.547700
0.531300
1.138500
0.000000
0.000000
0.000000
0.529500
1.002500
0.000000
0.549400
0.000000
0.000000
0.000000
0.000000
0.524600
0.000000
0.000000
0.000000
1.242500
0.000000
0.555400
0.618100
0.546500
0.000000
0.529400
0.000000
0.000000
0.000000
0.541900
0.000000
0.000000
0.000000
0.000000
0.000000
0.543000
0.000000
0.136300
0.529400
0.000000
0.000000
0.554900
0.535800
0.526500
0.520100
0.000000
0.000000
0.000000
0.000000
0.557600
0.611300
0.534700
0.000000
0.000000
0.000000
0.000000
0.000000
0.000000
0.000000
0.627000
0.000000
0.000000
0.532900
0.556200
0.000000
0.570100
0.000000
0.000000
0.000000
0.562800
0.524700
0.000000
0.512000
0.000000
0.000000
0.000000
0.000000
0.000000
0.000000
0.000000
0.000000
0.000000
0.000000
0.604200
0.528900
0.571500
0.000000
0.529500
0.577200
0.122300
0.000000
0.000000
0.000000
0.548900
0.000000
0.565700
0.000000
0.531100
0.009600
0.000000
0.000000
0.288000
0.000000
0.578000
0.000000
0.000000
0.538400
0.000000
0.000000
0.000000
0.000000
0.000000
0.000000
0.000000
0.528700
0.592400
0.552800
1.004700
1.001000
0.513400
0.511500
0.000000
0.000000
0.000000
0.000000
0.000000
0.000000
0.000000
0.000000
0.552000
0.000000
0.000000
0.624700
0.585000
0.000000
0.000000
0.000000
0.000000
0.539800
0.000000
0.000000
0.000000
0.000000
0.534400
0.538100
0.000000
0.544900
0.000000
0.000000
0.603600
0.000000
0.000000
0.000000
0.000000
0.000000
0.000000
0.552900
0.000000
0.533300
0.000000
0.544300
0.522000
0.517100
0.765700
0.000000
0.559300
0.954700
0.590100
0.000000
0.000000
0.623100
0.000000
0.000000
0.000000
0.000000
0.000000
0.000000
0.000000
0.000000
0.000000
0.000000
0.000000
0.000000
0.528400
0.000000
0.167200
0.292800
0.525900
0.000000
0.560500
0.000000
1.010000
0.047000
0.000000
0.540500
0.000000
0.000000
0.000000
0.000000
0.000000
0.000000
0.538600
0.000000
0.554100
0.000000
0.542400
0.000000
0.000000
0.000000
0.112200
0.000000
1.138600
0.000000
0.000000
0.000000
1.006900
0.000000
0.000000
0.000000
0.000000
0.000000
0.000000
0.000000
0.000000
0.000000
0.000000
0.888600
0.000000
0.000000
1.142600
0.000000
0.000000
0.000000
0.000000
0.000000
0.543400
0.000000
0.000000
0.000000
0.000000
0.000000
0.586800
0.000000
0.000000
0.000000
0.000000
0.522300
0.000000
0.000000
0.000000
0.000000
0.532100
0.000000
0.000000
0.000000
0.000000
0.000000
0.998200
0.000000
1.000200
0.534100
0.000000
0.000000
0.526200
0.000000
0.000000
0.000000
1.182100
0.877000
0.539400
0.000000
0.545700
0.000000
0.000000
0.000000
0.000000
0.640100
1.205300
0.865300
0.000000
0.000000
0.000000
0.000000
0.547000
0.000000
0.000000
0.000000
0.689800
0.000000
0.000000
0.000000
0.536000
0.000000
0.523200
0.688500
0.000000
0.552900
0.000000
0.000000
0.000000
0.000000
0.000000
0.989600
0.000000
0.027100
0.524500
0.543500
0.592700
0.999800
0.000000
1.000800
0.516300
0.000000
0.627700
0.000000
0.000000
0.000000
0.000000
0.000000
0.541800
0.523900
0.000000
0.000000
0.000000
0.000000
0.081600
0.524100
0.527400
0.000000
0.000000
0.591100
0.000000
0.000000
0.524100
0.623200
0.000000
0.000000
0.000000
0.000000
0.573400
0.000000
0.693200
0.000000
0.996300
0.000000
0.000000
0.000000
0.000000
0.537300
0.000000
0.000000
0.000000
0.032600
0.000000
0.000000
0.542100
0.000000
0.000000
0.000000
0.000000
0.000000
0.000000
0.545200
1.292400
0.532900
1.004700
0.000000
0.525700
0.000000
0.634200
0.000000
0.000000
0.524200
0.000000
0.555600
0.057400
0.568400
0.000000
0.000000
0.996400
0.000000
0.000000
0.000000
0.000000
0.568200
0.528100
0.000000
0.000000
0.000000
0.000000
0.000000
0.000000
0.000000
0.000000
0.546000
0.535800
0.537800
0.122400
0.000000
0.000000
0.495500
0.000000
1.421500
0.000000
0.000000
0.000000
0.000000
0.000000
0.561600
1.006700
0.000000
0.508100
0.581300
0.000000
0.000000
0.595200
0.000000
0.000000
0.000000
0.529800
0.024100
0.000000
0.035100
0.000000
0.000000
0.542400
0.542800
0.000000
0.000000
0.000000
0.000000
0.578900
0.000000
0.603900
0.528200
0.614500
0.000000
0.000000
0.000000
0.749400
0.990800
0.000000
0.030500
0.000000
0.531800
0.537300
0.000000
0.000000
0.000000
0.000000
1.088300
0.000000
0.000000
0.602200
0.000000
0.000000
0.017100
0.000000
0.000000
0.920600
0.000000
0.000000
0.000000
0.000000
0.000000
0.000000
0.000000
0.000000
0.584700
0.000000
0.634600
0.000000
0.532600
0.000000
0.776200
0.000000
0.630600
0.020300
0.000000
0.000000
0.000000
0.000000
0.570300
0.000000
0.523000
0.543200
0.000000
0.000000
0.554500
0.111900
0.000000
0.556300
0.000000
1.088700
0.000000
0.000000
0.540800
0.000000
0.000000
0.549400
0.525200
0.000000
0.000000
0.537000
0.530300
0.537900
0.000000
0.549800
2.964300
0.000000
0.000000
0.557500
0.000000
0.991700
0.000000
0.000000
0.000000
0.000000
0.000000
0.000000
0.000000
0.000000
0.079400
0.532500
0.544600
0.000000
0.000000
0.000000
0.000000
0.017300
0.000000
0.000000
0.000000
0.000000
0.000000
0.098900
0.000000
0.000000
0.000000
0.000000
0.549500
0.536000
0.568300
0.000000
0.009800
0.563800
0.000000
0.000000
0.000000
0.517800
0.000000
0.000000
0.000000
0.000000
1.215800
0.000000
0.521900
0.525000
0.089200
0.000000
0.000000
0.000000
0.000000
0.000000
0.000000
0.000000
0.085000
0.000000
0.000000
0.644800
0.000000
0.000000
0.000000
0.000000
0.000000
0.598600
0.000000
0.530000
0.000000
0.530600
1.216600
0.000000
0.000000
0.000000
0.000000
0.536700
0.570800
0.000000
0.000000
0.000000
0.550100
0.962300
0.000000
0.000000
0.000000
0.000000
0.631600
0.056000
0.000000
0.526200
0.000000
0.000000
0.548000
0.510800
0.000000
0.043900
0.000000
0.000000
0.544200
0.532800
0.000000
0.528300
0.000000
0.000000
0.530400
0.585200
0.000000
0.535200
0.000000
0.000000
0.631700
0.000000
0.546700
0.529700
0.000000
0.550600
0.524500
1.001200
0.000000
0.582700
0.530600
0.539800
0.559500
0.000000
0.000000
0.000000
0.000000
0.000000
0.559100
0.000000
0.586100
1.002800
0.000000
0.000000
0.000000
1.929900
0.521900
0.000000
0.000000
0.588300
0.000000
0.536800
0.642300
0.000000
0.000000
0.553200
0.000000
0.000000
0.000000
0.516000
0.553700
0.000000
0.538600
0.000000
0.541700
0.556100
0.000000
0.535600
0.000000
0.526900
0.000000
0.000000
0.000000
0.532300
0.000000
0.000000
0.000000
0.000000
0.000000
0.000000
0.506900
0.000000
0.000000
0.585100
0.000000
0.000000
1.002400
0.000000
0.000000
0.000000
0.546800
0.000000
0.533600
0.000000
0.000000
0.000000
0.544000
0.000000
0.000000
1.004800
0.000000
0.000000
0.546000
0.000000
0.783800
0.000000
0.535700
0.000000
0.000000
0.000000
0.000000
0.000000
0.000000
0.000000
0.000000
0.532400
0.000000
0.000000
0.000000
0.000000
0.000000
0.000000
0.000000
0.000000
0.563800
0.000000
0.000000
0.000000
0.000000
0.000000
0.000000
0.565300
0.000000
1.070400
0.551200
0.000000
0.538300
0.514700
0.594900
0.000000
0.543600
0.000000
0.526600
0.000000
0.000000
0.022300
0.000000
0.000000
0.000000
0.527400
0.000000
1.112000
0.015700
0.000000
0.616400
0.541600
0.523800
0.545500
0.000000
0.586000
0.005200
0.020500
0.000000
0.000000
0.000000
0.000000
0.000000
0.513200
0.865200
0.558900
0.000000
0.572300
0.000000
0.511900
0.000000
0.535800
0.539700
0.000000
0.000000
0.557700
0.000000
0.000000
0.000000
0.164600
0.000000
0.000000
0.000000
0.529800
0.522100
0.000000
0.525800
1.008100
0.541400
0.000000
0.000000
0.000000
0.000000
1.480500
0.556400
0.993300
0.000000
0.558600
0.537500
0.000000
0.000000
0.908500
0.038700
0.000000
0.000000
0.000000
0.000000
0.000000
0.525600
0.522700
0.000000
0.526700
0.000000
0.000000
0.000000
0.000000
0.000000
0.000000
1.163100
0.000000
0.000000
0.000000
0.000000
0.588200
0.024600
0.523200
0.000000
0.546300
0.000000
0.000000
0.000000
0.557000
1.003100
0.561900
0.000000
0.648200
0.520500
0.512600
0.000000
0.000000
0.000000
0.509100
0.000000
0.000000
0.566700
0.000000
0.000000
0.000000
0.000000
0.031700
0.000000
0.540300
0.000000
0.577900
0.000000
0.510800
0.000000
0.000000
0.528000
0.000000
0.000000
0.561600
0.000000
0.000000
0.000000
0.000000
0.000000
0.000000
0.000000
0.000000
0.000000
0.000000
0.000000
0.000000
0.000000
0.274100
0.000000
0.000000
0.000000
0.000000
0.059800
0.000000
0.697400
0.537900
0.000000
0.534300
0.000000
0.661100
0.000000
0.000000
0.000000
0.000000
0.000000
0.541300
0.000000
0.000000
0.000000
0.000000
0.540800
0.000000
0.000000
0.547600
0.000000
0.649200
0.000000
0.533100
0.000000
0.000000
0.999600
0.000000
0.000000
0.000000
0.000000
0.000000
0.000000
0.049200
0.000000
3.150300
0.000000
0.000000
0.000000
0.000000
0.000000
0.114600
0.541400
0.000000
0.544700
0.000000
0.522200
0.114800
0.000000
0.027400
0.000000
0.000000
0.000000
0.000000
0.000000
0.532400
0.000000
0.000000
0.036500
0.000000
0.000000
0.000000
0.000000
0.530000
0.000000
0.536600
0.000000
0.000000
0.554600
0.000000
0.000000
0.000000
0.000000
0.000000
0.000000
0.576300
0.554700
0.542500
0.000000
0.000000
0.658100
0.000000
0.000000
0.000000
0.000000
0.000000
0.000000
0.558800
0.274400
0.000000
0.000000
0.000000
0.000000
0.528500
0.570600
0.000000
0.529100
0.000000
0.224600
0.000000
0.000000
0.000000
0.000000
0.000000
0.000000
0.529500
0.000000
0.000000
0.000000
0.548800
0.000000
0.000000
0.000000
0.000000
0.057500
0.000000
0.000000
0.000000
0.000000
0.000000
0.000000
0.050700
0.619400
0.000000
0.548000
0.033100
0.527600
0.000000
0.676400
0.558000
0.531900
0.000000
0.000000
0.511700
0.000000
0.000000
0.511800
0.000000
0.532500
0.000000
0.000000
0.035900
0.000000
0.000000
0.115600
0.000000
0.000000
0.000000
0.000000
0.000000
0.000000
0.018300
0.000000
0.530500
0.000000
0.553800
0.000000
0.605600
0.000000
0.000000
0.613400
0.000000
0.000000
0.507000
0.030000
0.522700
0.000000
0.000000
0.707900
0.522600
0.000000
0.000000
0.553300
0.547900
0.532800
0.000000
0.000000
0.000000
0.000000
0.591300
0.596600
0.000000
0.548600
0.000000
0.596200
0.000000
0.524000
0.519700
0.567700
0.000000
0.527600
0.000000
0.000000
0.539600
0.000000
0.000000
0.000000
0.522400
0.000000
0.000000
0.690500
0.000000
0.000000
0.000000
0.555800
0.000000
0.000000
0.598900
0.000000
0.549800
0.528800
0.582600
0.000000
0.035000
0.000000
0.000000
0.000000
0.000000
0.000000
1.247100
0.000000
0.000000
1.077100
0.000000
0.000000
0.000000
0.000000
0.174000
0.506900
0.000000
0.000000
0.000000
0.000000
0.000000
0.548200
0.000000
0.000000
0.000000
0.000000
0.000000
0.000000
0.996500
0.627500
0.000000
0.538600
0.549100
0.539100
0.000000
0.554400
0.000000
0.637500
0.000000
0.000000
0.534600
0.000000
0.524900
0.000000
0.012100
0.624800
0.599900
0.000000
0.142800
0.000000
0.000000
0.000000
0.000000
0.000000
0.000000
0.000000
0.000000
0.000000
0.576600
0.000000
0.000000
0.585300
0.000000
0.000000
0.535700
0.000000
0.508400
0.000000
0.000000
0.000000
0.538700
0.000000
0.549600
0.000000
0.000000
0.000000
0.563500
0.000000
0.000000
0.000000
0.047800
0.537700
0.521100
0.000000
1.518600
0.000000
0.526000
0.000000
0.000000
0.000000
0.000000
0.154500
0.506900
0.510200
0.000000
0.552300
0.000000
0.000000
0.596700
0.542800
0.533400
0.000000
0.541700
0.547000
0.000000
0.000000
0.000000
0.000000
0.000000
0.000000
0.000000
0.000000
0.000000
0.000000
0.546700
0.000000
0.000000
0.000000
0.619900
0.000000
0.000000
0.000000
0.019400
0.000000
0.563100
0.534200
0.510100
0.589200
0.000000
0.000000
0.000000
0.000000
0.551300
0.000000
0.555500
0.863400
0.000000
0.000000
0.531000
0.000000
0.562400
0.000000
0.512400
0.537600
0.000000
0.000000
0.000000
0.000000
0.000000
0.000000
0.000000
0.602900
0.000000
0.442600
0.000000
0.535100
0.567200
0.532600
0.000000
0.556900
0.000000
0.000000
0.000000
0.000000
0.000000
0.000000
0.000000
0.589300
0.000000
0.566100
0.000000
0.599900
0.000000
0.031700
0.000000
0.000000
0.000000
0.529700
0.000000
0.000000
0.556400
0.018700
0.000000
0.000000
0.000000
0.000000
0.000000
0.550000
0.000000
0.000000
0.533000
0.000000
0.000000
0.000000
0.541100
0.563600
0.527500
0.000000
0.545700
0.000000
0.553900
0.000000
0.624900
0.000000
0.000000
0.000000
0.000000
0.000000
0.000000
0.039000
0.512700
0.554200
0.000000
1.435700
0.000000
0.840400
0.000000
0.000000
0.552900
0.533200
0.533300
0.668200
0.000000
0.000000
0.536000
0.548400
0.608900
0.398000
0.634100
0.538000
0.000000
0.000000
0.000000
0.000000
0.000000
0.000000
0.036700
0.000000
0.000000
1.073700
0.654300
1.003500
0.544300
0.640000
0.000000
0.000000
0.050900
0.000000
0.061900
0.522500
0.545200
0.000000
0.702400
0.000000
1.813400
0.000000
0.591900
1.069700
0.000000
0.000000
0.000000
0.000000
0.000000
0.554000
0.000000
0.000000
0.000000
0.000000
0.000000
0.902300
0.996800
0.000000
0.000000
0.000000
0.526200
0.000000
0.000000
0.000000
0.000000
0.000000
0.000000
0.000000
0.000000
0.000000
0.000000
0.545500
1.135200
0.548700
0.026000
0.000000
0.666300
0.000000
0.525000
0.000000
0.000000
0.522700
0.000000
0.000000
0.000000
0.798500
0.017000
0.000000
0.000000
0.000000
0.000000
0.000000
1.879300
0.000000
0.000000
0.550000
0.000000
0.000000
0.000000
0.000000
0.561700
0.025900
0.000000
0.000000
0.000000
0.615400
0.522000
0.534700
0.000000
0.000000
0.531700
0.000000
0.000000
0.530800
0.000000
0.000000
0.000000
0.000000
0.995500
0.582500
0.545800
0.000000
0.000000
0.000000
0.000000
0.000000
0.000000
0.000000
0.544900
0.300600
0.832600
0.547200
0.000000
1.001500
0.000000
0.000000
0.000000
0.000000
0.516500
0.000000
0.552000
0.565400
0.537100
1.078400
0.000000
0.000000
0.000000
0.000000
0.000000
0.000000
0.000000
0.508400
0.000000
0.519100
0.000000
0.000000
0.000000
0.000000
0.000000
0.000000
0.552400
0.000000
0.000000
0.000000
0.000000
0.011400
0.000000
0.000000
0.549400
0.008300
0.526300
0.035100
0.007100
0.027200
0.000000
0.000000
0.000000
0.000000
0.000000
0.000000
0.547600
0.000000
0.000000
0.000000
0.000000
0.000000
0.580300
0.999600
0.547300
0.526200
0.000000
0.000000
0.000000
0.000000
0.538600
0.000000
0.000000
0.000000
0.000000
0.000000
0.000000
0.000000
0.540000
0.000000
0.000000
0.000000
0.000000
0.528600
0.000000
0.509300
0.000000
0.000000
0.538800
0.000000
0.000000
0.545200
0.000000
0.000000
0.539000
0.000000
0.000000
0.526600
0.000000
0.000000
0.000000
0.542700
0.508400
0.000000
0.000000
0.978400
0.771600
0.000000
0.541600
0.000000
0.000000
0.000000
0.021900
0.000000
0.000000
0.000000
0.000000
0.000000
0.529600
0.000000
0.000000
0.527600
0.000000
0.000000
0.000000
0.256900
1.000900
0.000000
0.000000
0.000000
0.529700
0.000000
0.000000
0.000000
0.538600
0.543700
0.000000
0.000000
0.509200
0.000000
0.534500
0.000000
0.525000
0.000000
0.590300
0.019900
0.558800
0.000000
0.000000
0.000000
0.000000
0.000000
0.000000
0.547800
0.545600
0.000000
0.000000
2.008800
0.000000
0.530300
0.000000
0.000000
0.000000
1.006300
0.027300
0.000000
0.591000
0.136700
0.999900
0.000000
0.870600
0.000000
0.043200
0.000000
0.000000
0.998800
0.000000
0.994600
0.000000
0.000000
0.651300
2.511900
0.000000
0.562300
0.542700
0.534300
0.000000
0.000000
1.000200
0.000000
0.000000
0.000000
0.000000
0.000000
0.000000
0.000000
0.000000
0.102200
0.000000
0.000000
0.766500
0.000000
0.535200
0.000000
0.000000
0.567800
0.511100
0.528000
0.000000
0.000000
0.037500
0.000000
0.000000
0.000000
0.000000
0.000000
0.559300
0.000000
0.000000
0.510400
0.000000
0.535400
0.000000
0.000000
0.000000
0.509600
0.558600
0.234700
0.000000
0.243300
0.000000
0.542000
0.000000
0.000000
0.000000
0.000000
0.000000
0.000000
0.000000
0.034000
0.000000
0.000000
0.000000
0.000000
0.000000
0.567000
0.000000
0.000000
0.000000
0.547700
0.000000
0.000000
0.000000
0.000000
0.000000
0.999000
0.525200
0.000000
0.000000
0.000000
0.000000
0.000000
0.000000
0.000000
0.000000
0.515400
0.000000
0.000000
0.522100
2.457400
0.000000
0.507800
0.865400
1.003100
0.000000
0.000000
0.000000
0.000000
0.997700
0.000000
0.606400
0.604000
0.000000
0.000000
0.000000
0.059400
0.000000
0.000000
0.027600
0.570300
1.000100
0.524000
0.000000
0.527000
0.000000
0.000000
0.368800
0.000000
0.000000
0.000000
0.000000
0.523200
0.538300
0.000000
1.086200
0.000000
0.529000
0.522900
0.584200
0.000000
0.000000
0.000000
0.000000
0.036600
0.000000
0.508400
0.526900
0.000000
0.000000
0.553800
0.508600
0.000000
0.000000
0.000000
0.520400
0.000000
0.000000
0.000000
0.000000
0.000000
0.000000
0.000000
0.000000
0.000000
0.000000
1.005100
0.571500
0.999600
0.000000
0.000000
0.000000
2.223300
0.000000
0.000000
0.000000
0.019500
0.000000
0.000000
0.000000
0.000000
0.559800
0.000000
0.000000
0.000000
0.000000
0.529700
0.000000
0.000000
2.002700
0.529600
0.000000
0.000000
0.526900
0.999600
0.000000
0.000000
0.000000
0.524900
0.000000
0.676500
0.000000
0.620200
0.000000
0.000000
0.000000
0.000000
0.000000
0.200700
1.002100
0.999100
0.000000
0.000000
0.758000
0.000000
0.030300
0.000000
0.645200
0.000000
0.000000
0.000000
0.554500
0.000000
0.000000
0.035300
0.575400
0.000000
0.000000
0.525600
0.000000
0.000000
0.693700
0.549300
0.000000
0.546000
0.000000
0.000000
0.000000
0.580000
0.588400
0.000000
0.531100
0.000000
0.000000
0.530300
1.670500
0.534200
0.318000
0.590500
0.000000
0.545500
0.000000
0.000000
0.534900
0.752500
5.726600
0.521700
0.533800
0.000000
0.000000
0.023700
0.000000
0.000000
0.534700
1.147600
0.539800
0.578700
0.000000
0.000000
0.000000
0.534800
0.000000
0.551000
0.531100
0.543000
0.000000
0.000000
0.000000
0.590400
0.513700
0.000000
0.000000
2.007600
0.529800
0.521500
0.000000
0.000000
0.565700
1.003900
0.000000
0.000000
0.628800
0.000000
0.000000
0.000000
0.000000
0.000000
0.000000
0.000000
0.629200
0.999800
0.453600
0.000000
0.000000
0.000000
0.000000
0.000000
0.000000
0.817700
0.516400
1.051300
0.000000
0.000000
0.994500
0.000000
1.162000
0.000000
0.000000
0.000000
0.000000
0.994600
0.000000
0.000000
0.000000
0.000000
0.000000
0.000000
0.000000
0.000000
0.000000
0.000000
0.000000
1.001100
1.000000
0.984100
0.070300
0.000000
0.000000
0.589000
0.000000
0.031200
0.671200
0.000000
0.000000
0.568200
0.000000
0.000000
0.523700
0.000000
0.000000
0.000000
0.521000
0.000000
0.000000
0.043000
0.000000
0.000000
0.541200
0.000000
0.000000
0.000000
0.554500
0.000000
0.000000
0.000000
0.000000
1.779400
0.527000
0.997500
0.541200
0.000000
0.000000
0.506500
0.000000
0.000000
0.567300
0.000000
0.000000
0.598800
0.000000
0.514200
0.507800
0.000000
0.000000
0.000000
0.000000
0.000000
0.000000
0.922700
0.522500
0.000000
0.000000
0.522500
0.000000
0.000000
0.000000
0.000000
0.000000
0.527800
0.000000
0.087200
0.000000
0.523100
0.000000
0.540000
0.000000
0.000000
0.000000
0.000000
0.000000
1.001500
0.537200
0.000000
0.000000
0.000000
0.544500
3.110800
0.000000
0.582500
0.000000
0.000000
0.000000
0.000000
0.540400
0.000000
0.000000
0.523200
0.000000
0.000000
0.529400
0.000000
0.526600
0.000000
0.000000
0.529700
0.000000
0.000000
0.521600
0.526900
0.534800
0.585100
0.998400
0.599100
0.000000
0.000000
0.000000
0.000000
1.004100
0.000000
0.000000
0.000000
0.000000
0.997500
0.000000
0.000000
0.000000
0.000000
0.000000
1.266000
0.528900
0.000000
0.000000
0.000000
1.003400
0.000000
0.000000
0.000000
0.509500
0.528900
0.000000
0.000000
0.530600
0.996100
0.000000
0.000000
0.537500
0.000000
0.555100
0.991000
0.522500
0.195700
0.000000
0.000000
0.000000
0.000000
1.004200
0.000000
1.236200
0.000000
0.000000
0.000000
0.000000
0.000000
0.000000
0.537300
0.562000
0.019700
0.000000
0.000000
0.543200
0.555800
0.000000
1.036200
0.519300
0.000000
0.000000
0.000000
0.000000
0.379700
0.624200
0.998700
0.993900
0.576600
0.075100
0.000000
0.000000
0.593500
0.000000
0.000000
1.937700
0.000000
0.000000
0.000000
0.000000
0.000000
0.011400
0.578100
0.037000
0.000000
0.000000
0.632200
0.000000
0.000000
0.629100
0.497100
0.000000
0.061800
0.621300
0.000000
0.000000
0.994900
0.522900
0.540300
0.000000
0.000000
0.000000
0.000000
0.000000
0.000000
0.000000
0.000000
0.000000
0.000000
0.000000
0.000000
0.000000
0.531800
0.000000
0.000000
0.542400
0.000000
0.644300
0.000000
0.015400
0.647500
0.000000
0.000000
0.000000
0.561000
0.000000
0.000000
0.000000
0.000000
0.523000
0.058100
0.015800
0.537500
0.000000
0.000000
0.000000
0.537200
0.521900
0.539500
0.000000
0.000000
0.634200
0.000000
0.034800
0.000000
0.000000
0.000000
0.000000
0.000000
0.000000
0.540000
0.000000
0.000000
0.577600
0.558700
0.000000
0.000000
0.000000
0.000000
0.529700
0.588800
0.000000
0.529600
0.514100
0.000000
0.000000
0.524800
0.037000
0.584100
0.000000
0.000000
0.000000
0.000000
0.000000
1.078000
0.036600
0.037500
0.000000
0.000000
0.000000
0.530200
0.536500
0.000000
0.593000
0.000000
0.591100
0.000000
0.000000
0.524300
0.000000
0.053900
0.000000
0.559600
0.000000
0.000000
0.093700
0.000000
0.000000
0.000000
0.000000
1.002400
1.525000
0.000000
0.000000
0.000000
0.000000
0.000000
0.000000
0.000000
0.000000
0.000000
0.000000
0.000000
0.990800
0.616200
0.000000
0.009100
0.581400
0.000000
0.508900
0.000000
0.000000
0.000000
0.000000
0.000000
0.539900
0.000000
0.000000
0.996900
0.526900
0.000000
0.000000
0.000000
0.000000
0.000000
0.000000
0.000000
0.000000
0.000000
0.992900
0.000000
0.000000
0.507300
0.546500
0.000000
0.000000
0.000000
0.544200
0.588900
0.000000
0.000000
0.000000
0.000000
0.000000
0.550300
0.539300
0.000000
0.000000
0.000000
0.532100
0.521600
0.000000
0.000000
0.000000
0.000000
0.000000
0.000000
1.006200
0.000000
0.567000
0.000000
0.000000
0.000000
0.000000
0.000000
0.000000
0.000000
0.511400
0.000000
0.530800
0.531400
0.525700
0.000000
0.000000
0.000000
0.536500
0.000000
0.000000
0.087700
0.000000
0.534500
0.082700
0.000000
0.000000
0.000000
0.000000
0.000000
0.000000
0.602700
0.000000
0.000000
0.580300
0.997000
0.000000
0.000000
0.000000
0.996600
0.000000
0.000000
0.000000
0.000000
0.000000
0.000000
0.000000
0.000000
0.000000
0.000000
0.000000
0.757900
0.000000
0.552300
0.000000
0.527500
0.000000
0.000000
0.000000
0.022400
0.029900
0.000000
0.521800
0.000000
0.000000
0.000000
0.000000
0.000000
0.753300
0.542500
1.003200
0.522500
0.997000
0.000000
0.169600
0.507400
0.000000
0.000000
0.017300
0.000000
0.000000
0.000000
0.000000
0.000000
0.000000
0.000000
0.998800
0.000000
0.000000
0.000000
0.000000
0.847200
0.000000
0.000000
0.000000
0.000000
0.000000
0.000000
0.000000
0.000000
0.000000
0.000000
0.000000
0.538100
0.000000
1.000100
0.000000
0.528200
0.000000
0.000000
0.533900
0.010100
0.000000
0.000000
0.704600
0.000000
0.000000
0.047900
0.000000
0.000000
0.000000
0.509900
0.000000
0.559900
0.000000
0.000000
0.000000
0.000000
0.000000
0.000000
0.000000
0.000000
0.522700
0.000000
0.597300
0.000000
0.528300
0.000000
0.551500
0.000000
0.000000
0.000000
0.000000
0.542100
0.533400
0.000000
0.608900
0.000000
0.000000
0.000000
0.590900
0.000000
0.000000
1.350400
0.000000
0.000000
0.635600
0.000000
0.751700
0.000000
0.000000
0.526400
0.521400
0.000000
0.000000
1.107100
0.370200
0.198000
0.000000
0.571100
1.517700
0.000000
0.558500
0.000000
1.106400
0.536700
0.000000
0.000000
0.512700
0.000000
0.000000
0.508000
0.000000
0.000000
0.000000
0.537700
0.000000
0.000000
0.000000
0.000000
0.000000
1.729500
0.954900
0.526800
0.000000
0.997400
0.999700
0.000000
0.036200
0.524700
0.000000
0.575900
0.575900
0.083500
0.602900
0.058800
0.000000
0.000000
0.000000
0.000000
0.999100
1.698300
0.000000
0.000000
1.004700
0.000000
1.004200
0.523100
0.000000
0.000000
0.000000
0.000000
0.000000
0.984100
0.562600
0.000000
0.000000
0.000000
0.000000
0.528900
0.000000
0.000000
0.526400
0.000000
0.000000
0.000000
0.998100
0.000000
0.554500
0.000000
0.000000
0.000000
0.589800
0.000000
0.552600
0.529000
1.193500
0.000000
0.000000
1.002300
0.000000
0.540600
0.543300
0.000000
0.000000
0.000000
0.544200
1.002200
0.000000
1.001300
0.000000
0.000000
0.000000
0.000000
0.000000
0.000000
0.524200
0.000000
0.000000
0.000000
0.000000
0.000000
0.000000
0.000000
0.000000
0.000000
0.000000
0.775500
0.000000
0.000000
0.000000
0.999200
0.000000
0.000000
0.534400
0.000000
0.000000
0.000000
1.289300
0.000000
0.000000
0.000000
0.000000
0.000000
0.000000
0.000000
1.092300
0.000000
0.563000
0.995700
0.000000
0.000000
0.000000
0.000000
0.000000
0.000000
0.310300
0.571500
0.529800
0.000000
0.000000
0.531900
0.301000
0.000000
1.098600
0.000000
0.000000
0.000000
0.529100
0.342000
0.000000
0.000000
0.000000
0.615400
0.549000
0.106900
0.000000
0.642500
0.000000
1.007300
0.000000
0.534100
0.531500
0.000000
0.000000
0.000000
0.000000
0.000000
0.000000
0.528900
0.000000
0.543900
0.582100
0.000000
0.000000
0.000000
0.000000
0.000000
0.000000
0.010900
0.000000
0.000000
0.568800
0.000000
0.000000
0.000000
0.579900
0.552600
0.000000
0.000000
0.000000
0.527000
0.000000
0.000000
0.000000
0.000000
0.000000
0.000000
0.000000
0.000000
0.000000
0.552000
0.000000
0.000000
0.554100
0.523900
0.598300
0.000000
0.000000
0.000000
0.000000
0.000000
0.000000
0.545700
0.000000
0.000000
0.716400
0.000000
0.000000
1.905900
1.000200
0.000000
0.102100
0.000000
0.000000
0.000000
0.104900
0.000000
0.038000
0.000000
0.000000
0.000000
0.467000
1.001800
0.000000
0.000000
0.998600
0.000000
1.000600
1.004800
0.000000
0.000000
0.999600
0.000000
2.003700
0.998900
1.983400
0.000000
0.000000
0.999000
0.509500
0.000000
0.000000
0.999400
0.000000
0.546000
0.541600
0.549600
0.996100
1.002400
0.994300
0.000000
0.000000
0.000000
0.000000
0.000000
0.000000
0.000000
0.000000
0.074600
0.000000
0.000000
0.000000
0.000000
0.000000
0.548100
0.000000
0.000000
0.000000
1.145300
0.000000
0.000000
0.000000
0.000000
0.548900
0.540000
0.000000
0.593300
0.000000
0.000000
0.594200
0.000000
0.000000
0.000000
0.000000
0.000000
0.000000
0.000000
0.000000
0.622800
0.000000
0.000000
0.000000
0.525200
0.000000
0.029700
0.000000
0.000000
0.534700
0.625900
0.529600
0.000000
0.000000
0.000000
0.542700
0.000000
0.000000
0.512400
1.008400
0.000000
0.000000
0.000000
0.528600
0.000000
0.000000
0.000000
0.000000
0.000000
0.000000
0.588000
0.000000
0.542400
0.000000
0.000000
0.529800
0.000000
0.512900
0.000000
0.000000
0.000000
0.000000
0.562000
0.000000
0.000000
0.000000
0.000000
0.588900
0.000000
0.000000
0.000000
0.000000
0.995000
0.000000
1.848300
0.000000
0.563300
0.000000
0.564700
0.000000
0.547900
0.696700
0.000000
0.000000
0.000000
0.000000
0.527100
0.000000
0.039400
0.000000
0.000000
0.533700
0.000000
0.051200
0.000000
0.529700
0.000000
0.554500
0.206100
0.017200
0.528900
0.000000
0.527900
0.000000
0.000000
0.000000
0.999800
0.000000
0.000000
0.526000
0.000000
0.621300
0.000000
0.000000
0.000000
0.548900
0.000000
0.010500
0.000000
0.532100
0.000000
0.531700
0.000000
0.000000
0.015400
0.000000
0.657500
0.000000
0.000000
0.513300
0.507700
0.544400
0.533900
0.000000
0.000000
0.000000
0.547700
0.092600
0.000000
0.591400
0.549100
0.000000
0.000000
0.000000
0.599200
0.532300
0.089200
0.000000
0.000000
0.000000
0.000000
0.000000
0.000000
0.000000
0.000000
0.029700
0.514700
0.000000
0.000000
0.000000
0.506900
0.000000
0.000000
0.538000
0.000000
0.000000
0.867900
0.000000
0.000000
0.000000
0.000000
0.000000
0.000000
0.559100
0.000000
0.702700
0.000000
0.000000
0.000000
0.539400
0.545100
0.000000
0.000000
0.194100
0.578900
0.000000
1.124000
0.596700
0.000000
0.000000
0.000000
0.000000
0.548800
0.000000
0.000000
0.000000
0.681700
0.000000
0.000000
0.890900
0.000000
0.000000
0.638300
0.000000
0.000000
0.000000
0.000000
0.039700
0.000000
0.000000
0.000000
0.525200
0.000000
0.249600
0.549500
0.573400
0.508500
0.000000
0.000000
0.508000
0.543300
0.000000
0.550000
0.000000
0.000000
0.000000
0.000000
0.000000
0.572300
0.000000
0.571400
0.608400
0.546900
0.000000
0.541500
0.000000
0.549000
0.000000
0.000000
0.543500
0.000000
0.000000
0.000000
0.000000
0.540700
0.000000
0.535400
0.614700
0.511200
0.000000
0.531500
0.576600
0.000000
0.045900
0.000000
0.000000
0.000000
0.533100
0.000000
0.507100
0.000000
0.000000
0.573700
0.000000
0.000000
0.000000
0.521200
0.559500
0.000000
0.000000
0.042900
0.000000
0.000000
0.000000
0.649300
0.000000
0.527300
0.615600
0.000000
0.000000
0.644200
0.026600
0.587700
0.000000
0.528700
0.549800
0.000000
0.000000
0.063700
0.573600
0.000000
0.000000
0.000000
0.000000
0.548200
0.054800
0.000000
0.000000
0.000000
0.000000
0.563700
0.000000
0.000000
0.000000
0.000000
0.000000
0.612300
0.513700
0.000000
0.000000
0.000000
0.000000
0.000000
0.000000
0.000000
0.000000
0.000000
0.000000
0.000000
0.525600
0.000000
0.000000
0.000000
0.000000
0.000000
0.534000
0.068200
0.594000
0.000000
0.535300
0.000000
0.000000
0.000000
0.000000
0.562300
0.552800
0.512900
0.560100
0.545300
0.000000
0.000000
0.510000
0.000000
0.596600
0.000000
0.000000
0.000000
0.000000
0.000000
0.580000
0.561700
0.000000
0.000000
0.550200
0.554300
0.514700
0.627000
0.000000
0.000000
0.000000
0.508100
0.000000
0.000000
0.549400
0.000000
0.000000
0.000000
0.530100
0.787900
0.000000
0.000000
0.000000
0.000000
1.087100
0.550800
0.036200
0.585100
0.000000
0.000000
0.000000
0.000000
0.000000
0.000000
0.000000
0.000000
0.000000
0.000000
0.000000
0.000000
0.566400
0.000000
0.525400
0.000000
0.567100
0.000000
0.000000
0.000000
0.000000
0.000000
0.508700
0.032700
0.000000
0.000000
0.089300
0.673500
0.564000
0.588200
0.000000
0.000000
0.000000
0.000000
0.000000
0.000000
0.000000
0.541900
0.536700
0.031900
0.122400
0.000000
0.060500
0.714400
0.000000
0.580300
0.000000
0.000000
0.000000
0.000000
0.000000
0.557800
0.000000
0.509000
0.114800
0.000000
0.552800
0.000000
0.000000
0.000000
0.064700
0.535800
0.000000
0.000000
0.000000
0.000000
0.557500
0.000000
0.000000
0.540000
0.516600
0.000000
0.000000
0.541000
0.000000
0.000000
0.000000
0.546300
0.540000
0.569900
0.000000
0.000000
0.000000
0.000000
0.000000
0.000000
0.000000
0.000000
0.000000
0.511400
0.000000
0.551200
0.000000
0.000000
0.000000
0.000000
0.543300
0.000000
0.000000
0.000000
0.709800
0.000000
0.000000
0.586400
0.000000
0.000000
0.000000
0.000000
0.000000
0.000000
0.000000
0.000000
0.536500
0.000000
0.574800
0.608600
0.000000
0.572500
0.549100
0.000000
0.000000
0.000000
0.520900
0.547100
0.510200
0.000000
0.000000
0.507800
0.548400
0.000000
0.604000
0.000000
0.000000
0.000000
0.000000
0.000000
0.605500
0.000000
0.033400
0.512400
0.000000
0.000000
0.573700
0.000000
0.629000
0.000000
0.000000
0.000000
0.102500
0.044400
0.000000
0.000000
0.000000
0.000000
0.554300
0.000000
0.000000
0.000000
0.550400
0.000000
0.575900
0.533200
0.000000
0.000000
0.538300
0.000000
0.514100
0.509100
0.000000
0.000000
0.000000
0.000000
0.000000
0.000000
0.525900
0.000000
0.508300
0.569400
0.000000
0.568300
0.042800
0.000000
0.096200
0.053500
0.000000
0.201700
0.577700
0.000000
0.510000
0.000000
0.548000
0.000000
0.513800
0.000000
0.000000
0.048000
0.000000
0.000000
0.000000
0.000000
0.000000
0.000000
0.000000
0.000000
0.080500
0.037500
0.549600
0.000000
0.507400
0.536300
0.000000
0.000000
0.000000
1.265000
0.000000
0.000000
0.000000
0.000000
0.000000
0.000000
0.540900
0.000000
0.000000
0.000000
0.000000
0.000000
0.000000
0.000000
0.000000
0.000000
0.000000
0.000000
0.000000
0.000000
0.000000
0.608000
0.000000
0.556600
0.000000
0.040300
0.551300
0.608400
0.000000
0.509400
0.000000
0.639000
0.000000
0.564400
0.027100
0.000000
0.000000
0.000000
0.000000
0.000000
0.000000
0.000000
0.000000
0.000000
0.541800
0.035800
0.000000
0.508600
0.000000
0.509200
0.000000
0.041600
0.000000
0.008700
0.000000
0.535400
0.513700
0.000000
0.545000
0.513800
0.534400
0.000000
0.000000
0.000000
0.548000
0.000000
0.000000
0.547400
0.000000
0.000000
0.549600
0.544500
0.000000
0.000000
0.000000
0.561800
0.000000
0.000000
0.000000
0.000000
0.000000
0.000000
0.552800
0.000000
0.562600
0.529600
0.000000
0.512500
0.000000
0.000000
0.513600
0.000000
0.000000
0.000000
0.555200
0.000000
0.000000
0.000000
0.550500
0.000000
0.568400
0.550600
0.544500
0.555500
0.634700
0.548400
0.565000
0.000000
0.000000
0.000000
0.000000
0.508100
0.000000
0.000000
0.539300
0.000000
0.000000
0.509500
0.543900
0.000000
0.000000
0.000000
0.000000
0.000000
0.000000
0.000000
0.000000
0.000000
0.631200
0.566800
0.000000
0.000000
0.660500
0.000000
0.030200
0.000000
0.000000
0.538600
0.543900
0.000000
0.000000
1.149200
0.000000
0.000000
0.000000
0.000000
0.550600
0.000000
0.000000
0.590600
0.514600
0.530400
0.000000
0.509500
0.000000
0.000000
0.000000
0.559600
0.026100
0.000000
0.000000
0.539800
0.000000
0.000000
0.034800
0.554100
0.000000
0.000000
0.510000
0.000000
0.000000
0.545800
0.023000
0.000000
0.000000
0.000000
0.562800
0.000000
0.000000
0.036700
0.000000
0.000000
0.000000
0.587600
0.000000
0.870200
0.000000
0.509200
0.000000
0.546200
0.000000
0.000000
0.540200
0.000000
0.000000
0.000000
0.072800
0.000000
0.000000
0.822100
0.000000
0.000000
0.008900
0.000000
0.076100
0.744800
0.000000
0.000000
0.556800
0.048300
0.000000
0.000000
1.458300
0.000000
0.000000
0.000000
0.000000
0.543800
0.721100
0.509100
0.000000
0.000000
0.033100
0.147500
0.508700
0.000000
0.535200
0.000000
0.506800
0.044700
0.533500
0.558000
0.535300
0.542000
0.000000
0.000000
0.508300
0.000000
0.527000
0.509200
0.000000
0.000000
0.000000
0.000000
0.538300
0.549300
0.000000
0.000000
0.000000
0.000000
0.000000
0.000000
0.184400
0.000000
0.533200
0.000000
0.636800
0.536100
0.509100
0.000000
0.000000
0.512800
0.000000
0.643200
0.000000
0.000000
0.000000
0.542500
0.000000
0.000000
0.545800
0.000000
0.000000
0.000000
0.000000
0.000000
0.536000
0.000000
0.572200
0.539100
0.610000
0.000000
0.000000
0.000000
0.000000
0.000000
0.000000
0.000000
0.000000
0.000000
0.000000
0.000000
0.000000
0.000000
0.553400
0.000000
0.000000
0.532800
0.590900
0.529400
0.000000
0.000000
0.574700
0.000000
0.552900
0.000000
0.000000
0.000000
0.000000
0.000000
0.634700
0.000000
0.000000
0.507700
0.554600
0.530200
0.533600
0.000000
0.000000
0.541500
0.040800
0.543500
0.000000
0.018700
0.607000
0.549600
0.514300
0.000000
0.518500
0.000000
0.000000
0.543200
0.000000
0.000000
0.059900
0.580400
0.547200
0.000000
0.009600
0.000000
0.509400
0.000000
0.000000
0.040900
0.000000
0.000000
0.000000
0.073900
0.539200
0.000000
0.000000
0.612400
0.562700
0.539200
0.000000
0.000000
0.000000
0.028500
0.536400
0.000000
0.000000
0.000000
0.000000
0.570700
0.000000
0.000000
0.000000
0.000000
0.000000
0.150500
0.551900
0.000000
0.000000
0.000000
0.000000
0.025300
0.000000
0.539500
0.000000
0.000000
0.511500
0.544400
0.000000
0.561900
0.000000
0.574600
0.000000
0.000000
0.533500
0.000000
0.000000
0.000000
0.510100
0.526300
0.508200
0.000000
0.000000
0.588800
0.000000
0.540700
0.700200
0.000000
0.555400
0.000000
0.000000
0.000000
0.000000
0.579600
0.549400
0.000000
0.000000
0.000000
0.533100
0.509900
0.000000
0.000000
0.000000
0.000000
0.000000
0.839200
0.000000
0.508900
0.531600
0.000000
0.000000
0.508500
0.593600
0.000000
0.513600
0.549200
0.529700
0.508600
0.000000
0.000000
0.567100
1.123900
0.752300
0.000000
0.000000
0.000000
0.512300
0.640600
0.000000
0.536600
0.028300
0.718500
0.550700
0.000000
0.000000
0.000000
0.505900
0.000000
0.511100
0.537300
0.000000
0.000000
0.000000
0.543700
0.578700
0.000000
0.022400
0.000000
0.000000
0.539000
0.000000
0.000000
0.550900
0.553500
0.000000
0.000000
0.000000
0.000000
0.000000
0.000000
0.000000
0.000000
0.000000
0.000000
0.000000
0.000000
0.000000
0.000000
0.541100
0.182800
0.000000
0.000000
0.542800
0.105200
0.000000
0.550700
0.570200
0.000000
0.000000
0.000000
0.000000
0.000000
0.529500
0.539000
0.000000
0.000000
0.000000
0.541100
0.000000
0.528400
0.623200
0.544300
0.637000
0.000000
0.000000
0.530200
0.000000
0.000000
0.000000
0.586900
0.535500
0.537100
0.000000
0.851500
0.574500
0.000000
0.545700
0.000000
0.577000
0.548000
0.000000
0.532200
0.518100
0.000000
0.655800
0.000000
0.000000
0.000000
0.000000
0.000000
0.508900
0.000000
0.048900
0.000000
0.072900
0.539000
0.010200
0.000000
0.000000
0.000000
0.000000
0.000000
0.517300
0.000000
0.547500
0.000000
0.000000
0.671600
0.529500
0.000000
0.653400
0.000000
0.534300
0.000000
0.000000
0.567700
0.510100
0.000000
0.000000
0.556400
0.585900
0.000000
0.000000
0.000000
0.000000
0.000000
0.536000
0.000000
0.000000
0.000000
0.000000
0.539200
0.000000
0.000000
0.000000
0.000000
0.000000
0.000000
0.000000
0.000000
0.000000
0.754100
0.509000
0.000000
0.000000
0.000000
0.544400
0.000000
0.053900
0.534000
0.045200
0.587500
0.000000
0.000000
0.000000
0.000000
0.000000
0.000000
0.000000
0.000000
0.000000
0.716800
0.074500
0.548900
0.000000
0.511000
0.000000
0.537200
0.000000
0.114200
0.565600
0.552300
0.000000
0.537900
0.000000
0.000000
0.543000
0.543900
0.000000
0.573300
0.000000
0.682800
0.000000
0.545300
0.000000
0.000000
0.537400
0.546500
0.000000
0.532800
0.000000
0.604500
0.000000
0.527800
0.541200
0.000000
0.000000
0.000000
0.022100
0.510400
0.000000
0.000000
0.542700
0.000000
0.582100
0.000000
0.591100
0.000000
0.000000
0.000000
0.548100
0.000000
0.000000
0.000000
0.000000
0.000000
0.000000
0.000000
0.541300
0.000000
0.000000
0.000000
0.000000
1.422100
1.822500
0.000000
0.000000
0.513300
0.000000
0.000000
0.000000
0.557700
0.841800
0.000000
0.026100
0.035100
0.101300
0.000000
0.513600
0.533800
0.000000
0.000000
0.541400
0.000000
0.000000
0.000000
0.000000
0.000000
0.536300
0.571500
0.561900
0.000000
0.000000
0.542900
0.000000
0.000000
0.000000
0.000000
0.000000
0.000000
0.000000
0.039800
0.000000
0.548300
0.091000
0.550500
0.000000
0.000000
0.000000
0.508400
0.029600
0.552000
0.508200
0.000000
0.000000
0.000000
0.000000
0.565600
0.000000
0.027800
0.000000
0.543900
0.568800
0.000000
0.000000
0.080700
0.000000
0.000000
0.507100
0.000000
0.033800
0.000000
0.000000
0.000000
0.000000
0.000000
0.668200
0.000000
0.000000
0.000000
0.586700
0.000000
0.533000
0.000000
0.000000
0.000000
0.000000
0.000000
0.000000
0.000000
0.000000
0.000000
0.000000
0.000000
0.509000
0.000000
0.510600
0.000000
0.598800
0.669600
0.531300
0.000000
0.772600
0.000000
0.578400
0.000000
0.010900
0.000000
0.000000
0.045600
0.000000
0.000000
0.000000
0.560200
0.000000
0.000000
0.000000
0.000000
0.000000
0.000000
0.000000
0.000000
0.750900
0.000000
0.540200
0.000000
0.000000
0.000000
0.000000
0.000000
0.104400
0.636200
1.000800
0.000000
0.000000
0.000000
0.582800
0.582400
0.000000
0.000000
0.000000
0.000000
0.000000
0.000000
0.565700
0.000000
0.000000
0.000000
0.000000
0.000000
0.000000
0.000000
0.542400
0.510700
0.000000
0.037400
0.000000
0.000000
0.000000
0.515100
0.000000
0.603300
0.545400
0.000000
0.658300
0.000000
0.000000
0.536300
0.000000
0.000000
0.000000
0.000000
0.000000
0.000000
0.536300
0.000000
0.544700
0.000000
0.000000
0.561900
0.000000
0.000000
0.000000
0.536400
0.547300
0.000000
0.000000
0.000000
0.000000
0.000000
0.507000
0.000000
1.107600
0.986800
1.000700
0.000000
0.000000
0.429200
0.000000
0.548000
0.000000
0.000000
0.507900
0.000000
0.000000
1.006600
0.000000
0.000000
0.000000
0.528700
0.000000
0.599900
0.998000
0.576100
0.509500
0.507800
0.508200
0.000000
0.000000
0.542200
0.062900
0.000000
0.543200
0.000000
0.899300
0.536600
0.000000
0.000000
0.000000
0.000000
0.000000
0.000000
0.000000
0.150100
0.000000
0.000000
1.119000
0.529900
0.000000
0.000000
0.537500
0.000000
0.000000
0.540700
0.000000
0.000000
0.000000
0.000000
0.510900
0.000000
0.541200
0.000000
0.519000
0.000000
0.000000
0.000000
0.000000
0.582900
0.000000
0.000000
0.000000
0.545400
0.000000
0.000000
0.000000
0.000000
0.000000
0.000000
0.000000
0.000000
0.083700
0.531900
0.000000
0.536400
0.000000
0.000000
0.000000
0.036900
0.514100
0.000000
0.000000
0.000000
0.054200
0.044800
0.000000
0.538200
0.000000
0.000000
0.535700
0.000000
0.000000
0.531900
0.546700
0.000000
0.000000
0.000000
0.000000
0.507000
0.541900
0.000000
0.539300
0.000000
0.546600
0.000000
0.538900
0.000000
0.552400
0.000000
0.566600
0.000000
0.000000
0.000000
0.553600
0.000000
0.000000
0.662000
0.000000
0.000000
0.000000
0.000000
0.000000
0.000000
0.586100
0.536600
0.000000
0.547300
0.000000
0.000000
0.000000
0.029900
0.000000
0.538400
0.769300
0.000000
0.510300
0.000000
0.000000
0.515200
0.549900
0.000000
0.543200
0.000000
0.024800
0.000000
0.614100
0.000000
0.000000
0.000000
0.000000
0.651100
0.000000
0.000000
0.534900
0.000000
0.000000
0.757000
0.000000
0.768700
0.000000
0.078200
0.081800
0.169000
0.000000
0.550600
0.620700
0.559500
0.000000
0.000000
0.549400
0.000000
0.000000
0.000000
0.000000
0.000000
0.537700
0.646100
0.000000
0.000000
0.000000
0.528800
0.538700
0.112700
0.259900
0.000000
0.000000
0.000000
0.000000
0.000000
0.544700
0.000000
0.508100
0.000000
0.048900
0.513200
0.000000
0.000000
0.000000
0.000000
0.000000
0.000000
0.000000
0.092000
0.574200
0.579200
0.579800
0.551500
0.539500
0.000000
0.000000
0.514300
0.530300
0.000000
0.514100
0.533900
0.000000
0.557400
0.517700
0.000000
0.000000
0.530900
0.000000
0.584000
0.000000
0.000000
0.000000
0.000000
0.535000
0.508200
0.555900
0.000000
0.000000
0.000000
0.514900
0.000000
0.000000
0.033000
0.510400
0.545000
0.591100
0.545500
0.543500
0.000000
0.543100
0.000000
0.579900
0.000000
0.000000
0.582700
0.000000
0.000000
0.531600
0.123100
0.515500
0.000000
0.585800
0.000000
0.000000
0.538400
0.000000
0.000000
0.000000
0.000000
0.000000
0.000000
0.000000
0.565400
0.541000
0.000000
0.000000
0.000000
0.539300
0.034500
0.509000
0.000000
0.000000
0.508200
0.000000
0.000000
0.517300
0.035500
0.509200
0.000000
0.000000
0.000000
0.000000
0.000000
0.000000
0.000000
0.537800
0.535300
0.000000
0.000000
0.000000
0.000000
0.000000
0.000000
0.000000
0.000000
0.000000
0.000000
0.000000
0.000000
0.000000
0.000000
0.000000
0.631100
0.000000
0.546700
0.000000
0.000000
0.000000
0.000000
0.000000
0.547600
0.032900
0.000000
0.167400
0.000000
0.000000
0.000000
0.000000
0.513800
0.000000
0.540800
0.536000
0.000000
0.000000
0.000000
0.544200
0.553200
0.000000
0.000000
0.000000
0.000000
0.000000
0.509300
0.550800
0.534100
0.563500
0.000000
0.000000
0.544200
0.000000
0.038800
0.000000
0.000000
0.000000
0.130300
0.000000
0.507100
0.089800
0.592300
0.000000
0.536200
0.575800
0.000000
0.560200
0.000000
0.000000
0.000000
0.000000
0.000000
0.000000
0.569300
0.138600
0.051900
0.000000
0.000000
0.536800
0.539600
0.000000
0.000000
0.531300
0.000000
0.000000
0.096800
0.021400
0.000000
0.576300
0.542500
0.000000
0.560500
0.000000
0.000000
0.000000
0.000000
0.000000
0.559200
0.000000
0.538800
0.000000
0.000000
0.037600
0.000000
0.000000
0.000000
0.000000
0.546200
1.237300
0.000000
0.516200
0.000000
0.537000
0.511400
0.610100
0.565500
0.542200
0.000000
0.550400
0.000000
0.000000
0.000000
0.531200
0.000000
0.000000
0.000000
0.000000
0.000000
0.625000
0.000000
0.553700
0.541800
0.000000
0.000000
0.545700
0.552200
0.532300
0.511900
0.000000
0.000000
0.000000
0.000000
0.000000
0.519500
0.000000
0.000000
0.000000
0.000000
0.555400
0.000000
0.535800
0.507200
0.000000
0.509400
0.603700
0.000000
0.000000
0.000000
0.000000
0.000000
0.000000
0.000000
0.641200
0.530200
0.531000
0.000000
0.000000
0.629600
0.544900
0.017700
0.517400
0.000000
0.548100
