1.083000
1.083000
0.535700
0.536600
0.536800
0.525100
0.522200
1.051400
0.522300
0.528900
0.539200
1.122600
0.536700
0.522500
0.544400
0.528900
0.536200
0.525500
0.535500
0.532600
0.528100
0.521100
0.538300
0.523700
1.059500
0.522600
0.540000
0.536200
0.532900
0.526900
0.541100
0.531000
0.533000
0.538700
0.556000
1.239900
1.050000
0.526600
0.545500
0.559900
0.545700
0.608900
0.534700
0.529400
0.541700
0.525100
0.522300
0.540000
1.574500
0.534600
0.528500
0.526300
0.541700
0.531400
0.548100
0.529500
0.533000
0.534800
0.551600
0.532100
1.070300
0.542000
1.089600
0.540300
0.530800
0.522400
0.530200
0.546000
0.521300
0.508000
0.527500
1.050400
0.549200
1.076100
0.540000
0.536000
0.545900
0.542800
0.544300
0.527100
0.506800
0.029500
0.526400
1.064600
0.523300
0.550400
0.525400
0.543500
0.539100
0.543300
0.535700
0.528900
0.523300
0.535900
0.555000
1.060000
0.533800
0.533700
0.530200
0.530500
0.534500
0.541900
0.541100
0.549800
0.531400
0.530100
0.538200
1.112300
0.528800
0.536700
0.521900
0.537600
0.523500
0.530700
0.534900
0.541300
0.530600
0.000000
0.000000
1.056900
0.547300
0.522900
0.530300
0.525600
0.532100
0.530400
0.537200
0.523200
0.539900
0.533200
0.532300
1.068300
0.523300
0.536500
0.534200
0.545100
0.547800
0.527900
0.542100
0.524000
0.544500
0.531700
0.530500
0.535500
0.532700
0.523500
0.536600
0.529800
0.529900
0.527600
0.696100
0.592400
0.528300
0.522400
1.094700
0.526000
0.544500
0.000000
0.537700
0.531500
0.545000
0.529000
0.532000
0.522100
0.525100
0.547200
1.456700
0.788300
0.535500
0.533200
0.529100
0.000000
0.522500
0.533400
0.539900
0.519600
0.521300
0.520700
1.136200
0.536500
0.533800
0.538000
0.536600
0.530500
0.525900
0.544500
0.534700
0.534700
0.541500
1.038300
0.529900
0.529100
0.520800
0.543700
0.532300
0.537400
0.528100
0.536700
0.530900
0.524300
0.539400
1.047000
0.531300
0.529800
0.506600
0.520600
0.534800
0.528800
0.532900
0.541300
0.509600
0.023200
0.534000
1.186200
0.531700
0.537900
0.527600
0.533500
0.538600
0.535900
0.525100
0.542300
0.527500
0.540200
0.535200
1.075400
0.525200
0.581300
0.529900
0.535400
0.528900
0.539000
0.522100
0.538700
0.539300
0.538800
1.065600
0.555700
0.544600
0.535300
0.534100
0.533100
0.546900
0.531000
0.510000
0.530400
0.522700
0.530400
1.233700
0.026600
0.526700
0.533000
0.520200
0.533800
0.530400
0.000000
0.540500
0.538000
0.535800
1.067300
0.534200
0.520500
0.539600
0.533800
0.539200
0.533900
0.549400
0.023700
0.577600
1.072300
0.540100
0.538900
0.536500
0.538200
0.548800
1.083900
0.528700
0.529200
0.528400
0.527600
1.051800
0.539100
0.533400
0.524900
0.519300
0.536800
0.532700
0.535600
0.550200
0.523000
0.530000
1.077700
0.531600
0.536500
0.533800
0.527400
0.533700
0.527500
0.528800
0.543400
1.104500
0.536500
0.526500
0.543600
0.540400
0.532300
0.521000
0.518400
0.546000
0.539900
1.065600
0.534900
0.549700
0.565500
0.527300
0.527800
0.537400
0.510900
0.555900
0.545700
1.080800
0.534100
0.525100
0.027100
0.524800
0.532100
0.534900
0.531600
0.000000
0.544600
1.073700
0.537600
0.583800
0.529900
0.533100
0.520600
0.531700
0.529600
0.529600
0.549700
1.044300
0.523000
0.527900
0.521800
0.540400
0.533800
0.535300
0.537800
0.526800
0.522200
0.531600
0.531400
1.142400
0.534000
0.533900
0.527100
0.531400
0.534400
0.525000
0.542700
0.525400
0.544500
1.076300
0.531300
0.544800
0.535400
0.537800
0.542100
0.553300
0.542100
0.536300
0.548300
0.535100
0.534200
1.046400
0.510300
0.541100
0.000000
0.530500
0.000000
0.531700
0.535200
0.527900
0.525600
1.107700
0.530400
0.557700
1.066200
0.539000
0.532700
0.531500
0.528200
0.544000
0.523900
0.556000
1.108300
0.527300
0.533900
0.621200
0.535800
0.569200
0.539300
0.527600
0.539200
0.535800
1.034500
0.531400
0.526200
0.543100
0.538800
0.533600
0.535900
0.527700
0.521500
0.541500
0.533500
0.527300
1.075400
0.534500
0.529600
0.539900
0.508000
0.528200
0.528400
1.068200
0.531200
0.532500
0.525500
0.534500
1.208700
0.542500
0.530400
0.507600
0.520800
0.507400
0.522600
0.563900
0.535300
0.536500
0.526000
0.547100
0.535500
1.057200
0.531700
0.521400
1.037900
0.550700
0.541900
0.531900
0.532900
0.530300
0.548900
1.066200
0.533000
0.535200
0.535400
0.519000
0.544300
0.534600
0.540300
0.533100
0.000000
0.531500
1.064600
0.536800
0.521200
0.536600
0.532100
0.524300
0.529100
0.524600
0.518400
0.689100
0.552600
0.537700
0.531900
0.534500
0.534000
0.529400
0.536900
1.066700
0.537000
0.541000
0.533500
0.540600
0.027200
0.527000
0.545200
0.542900
1.081300
0.533100
1.079600
0.565800
0.535300
0.520900
0.034100
0.510200
1.104300
1.079000
0.542200
0.531800
0.538800
0.526600
0.530600
0.537100
0.540500
1.062300
0.562800
0.529200
0.525600
0.541300
0.530500
0.530800
0.565900
0.562200
0.528800
0.540500
0.530600
0.539400
1.590300
1.059800
0.530300
0.531900
0.539200
0.532600
0.533100
0.554400
0.571400
0.543400
0.537700
0.523200
1.112300
0.530100
0.539200
0.532100
0.549200
0.536300
1.584000
0.528900
0.535500
0.533700
0.534100
0.535400
0.536000
1.065400
0.000000
0.532200
0.540900
0.530900
0.531600
0.540300
0.533000
0.536600
0.534400
0.536600
0.522800
0.542800
0.535400
0.528800
0.530800
0.522600
0.538000
0.535300
0.536300
0.526400
0.536900
0.000000
0.534900
0.534600
1.070600
0.542200
0.540000
0.546500
0.530500
0.527000
0.536200
0.539900
1.033500
0.523600
0.538600
1.065500
0.537800
0.544100
0.531700
0.530300
0.535700
0.545100
0.506400
0.535400
0.537200
0.534900
0.000000
1.072700
0.533000
0.542700
0.534500
0.527200
0.535100
0.000000
0.507500
0.538900
0.536000
0.000000
0.532600
0.528100
0.532600
0.530100
0.530800
0.000000
0.532900
0.030900
0.532200
0.532600
0.536000
1.037600
0.527700
0.534500
0.545100
0.000000
0.528600
0.538800
0.526300
0.527800
0.531400
0.535300
1.067000
0.531000
0.533400
0.000000
0.534000
0.536000
0.535800
0.529800
0.538900
0.530200
0.548600
0.531900
0.522800
0.532900
0.534900
0.000000
0.526900
0.532400
0.535100
0.534200
0.000000
1.037300
0.531100
0.533000
0.521000
0.534500
0.529200
0.542600
0.543100
0.528800
0.522800
0.534300
0.541800
0.523000
0.535700
0.025300
0.025600
0.534500
0.543200
0.526300
0.526300
0.000000
0.604900
0.528800
0.535500
0.530400
0.533200
0.533300
0.527400
0.526000
0.533700
0.531800
1.061900
0.525300
0.525500
0.522500
0.000000
0.528200
0.528800
0.000000
0.548100
0.531200
1.059000
0.523700
0.530400
0.536800
0.529900
0.538100
0.535900
0.537800
0.525300
0.531600
0.531100
0.580800
0.534300
0.534700
0.534400
0.521300
0.530000
0.527600
0.000000
0.534400
0.524600
0.520800
0.541200
1.095900
0.531000
0.540000
0.533100
0.531000
0.531800
0.539600
0.509400
0.529800
0.000000
0.538100
0.539000
0.535500
1.060300
0.530800
0.000000
0.532300
0.526600
0.522500
0.544000
0.539600
0.538300
0.531100
0.533800
0.537500
0.531900
1.057600
0.522400
0.523200
0.549200
0.532300
0.507600
0.537500
0.530000
0.523000
0.531500
0.527800
0.529800
1.068000
0.000000
0.542000
1.030900
0.030900
0.526300
0.537500
0.527600
0.531500
0.023200
0.547000
0.536100
0.519800
1.071100
0.531900
0.521300
0.536200
0.542400
0.538200
0.523300
0.531800
0.531300
0.544300
0.533300
0.532400
1.224500
0.538500
0.534800
0.526300
0.537800
0.532800
0.528800
0.531700
0.531500
0.536900
0.000000
1.086400
0.532800
0.534600
0.543400
0.535400
0.535100
0.508700
0.525200
0.530000
0.530800
0.543200
0.517600
1.074800
0.526800
0.522100
0.529200
0.526200
0.541100
0.535900
0.531900
0.535800
0.532800
0.567500
0.509300
0.525800
0.000000
0.527900
0.529100
0.535300
0.523700
0.533200
0.532300
0.528000
1.084000
0.539200
0.535300
0.545400
0.524700
0.532300
0.524900
0.539400
0.543400
0.532500
1.067300
0.544700
0.551600
0.527100
0.536100
0.531200
0.537000
0.000000
0.534400
0.510900
0.524300
0.556200
0.536600
0.532900
0.508100
0.530100
0.534800
0.023600
0.525900
0.508800
0.533100
0.533300
0.000000
0.526800
0.000000
0.541000
0.531700
0.525600
0.523500
0.521700
0.540000
0.535600
1.034700
0.522900
0.539100
0.531700
0.531100
0.032800
0.034500
0.539400
0.530700
0.535100
1.058400
0.536800
0.532500
0.530300
0.508600
0.522400
0.541900
0.532300
0.536300
0.533200
0.524300
0.548800
0.538900
0.528000
0.529700
0.023500
0.540200
0.526900
0.536400
1.042000
0.535500
0.532500
0.526600
1.125600
0.544300
0.000000
0.528700
0.529700
0.533300
0.532400
0.532200
0.535100
0.526600
0.528900
0.531900
1.069900
0.533700
0.528700
0.539500
0.536300
0.532500
0.531500
0.534400
0.525000
0.521800
0.522200
0.539100
0.524300
0.536300
0.542800
0.519400
0.532500
0.544500
0.531200
0.537400
0.523100
0.530000
0.536700
1.060700
0.606000
0.531400
0.536300
0.531400
0.542300
0.532700
0.527400
0.000000
0.543200
0.526600
0.536800
0.528300
0.532200
0.520900
0.530800
0.541200
0.525400
0.538000
0.537500
0.506500
0.552200
0.527000
0.523900
0.539800
0.521900
0.536300
0.537000
0.527300
0.535800
0.531200
0.543100
0.525000
0.032200
0.533300
0.530700
0.537800
0.528900
0.529300
0.536600
0.575300
0.524700
0.526600
0.531200
0.539100
0.526200
0.530400
0.537200
1.068200
1.039800
0.530300
0.535400
0.535600
0.506300
0.530600
0.535300
0.065600
0.538600
0.533800
0.531200
0.525800
0.525300
0.527200
0.521400
0.535100
0.537800
0.000000
0.522000
0.532500
0.531400
0.533300
0.528600
0.535500
1.051100
0.543800
0.539000
0.531400
0.531700
0.536700
0.000000
0.537100
0.534500
0.534000
0.525800
0.543000
0.542700
0.000000
0.526400
0.537500
0.529400
0.000000
0.529800
0.536600
0.536200
0.534100
0.508200
0.536600
0.533000
0.529800
0.524200
0.541800
0.549300
0.000000
0.000000
0.547300
0.539500
0.533100
0.535800
0.522000
0.532900
1.207400
0.530100
0.534700
0.526000
0.000000
0.529900
0.530900
0.533800
0.507800
0.528100
0.559900
0.522600
1.041200
0.534300
0.521100
0.537000
0.524900
0.523900
0.531200
0.000000
0.536800
0.529900
0.533500
0.531300
0.519500
0.532000
0.527100
0.547800
0.539600
0.528600
0.524800
0.530000
0.534800
0.526100
0.544200
1.063900
0.540700
0.528500
0.533900
0.543400
0.508600
0.543900
0.526400
0.000000
0.531500
0.535700
1.080900
0.549800
0.000000
0.522800
0.536000
0.526100
0.533200
0.522800
0.540200
0.533200
0.532300
0.529900
1.046200
0.000000
0.540000
0.529100
0.531000
0.530700
0.520100
0.531700
0.535900
0.523600
0.535900
1.081600
0.530600
0.531200
0.000000
0.545100
0.538700
0.540700
0.507400
0.540100
0.000000
0.527000
0.538400
0.536200
0.532200
0.533100
0.534300
0.534100
0.526100
0.540800
0.530200
0.508300
0.542300
0.562900
0.531600
0.522300
0.599100
0.537200
0.524600
0.539300
0.532200
0.532900
0.508800
0.534100
0.531300
0.529900
0.530800
0.531200
1.059800
0.520200
0.531500
0.525500
0.531500
0.535500
0.534200
0.536300
0.507100
0.533900
0.535700
0.529500
1.035200
0.533900
0.531800
0.522800
0.508800
0.545000
0.533200
0.533300
0.533800
0.529100
0.522500
0.536600
0.571500
0.540100
0.529500
0.509300
0.541000
0.529000
0.535300
0.525700
0.524000
0.534200
0.536200
0.525100
1.120100
0.527200
0.539000
0.528800
0.536700
0.536700
0.534400
0.543000
0.520200
0.508700
0.533300
0.544900
1.059000
0.525100
0.520400
0.533000
0.530600
0.532200
0.531100
0.000000
0.529600
0.524100
0.530700
0.532600
1.063500
0.522600
0.542900
0.525400
0.522500
0.530300
0.535400
0.540600
0.539300
0.529300
0.517600
0.533100
1.049700
0.000000
0.540100
0.000000
0.523300
0.507500
0.529600
0.530700
1.072400
0.521900
0.533200
0.534700
0.525100
0.536700
0.532200
0.546100
0.524100
1.053600
0.535200
0.538100
0.532600
0.541400
0.533500
1.191400
0.593300
1.065600
0.600700
0.546900
0.541800
0.533800
0.529900
0.508900
0.547100
0.530100
1.076700
0.541200
0.536200
0.539000
0.527300
0.532500
0.533400
0.000000
0.526700
0.535000
0.027700
0.542700
0.521600
0.026800
0.000000
0.540500
0.525600
0.522500
0.539400
0.535700
0.000000
0.535100
1.161700
0.537400
0.533000
0.524900
0.531600
0.527500
0.533200
0.525100
0.530800
0.525700
0.527900
0.541200
0.537100
0.555200
0.530700
0.534900
0.538000
0.533400
0.000000
0.523400
0.539000
0.529900
1.072100
1.066600
0.527700
0.540000
0.025800
0.528600
0.532700
0.544800
0.526800
0.533300
0.524000
1.083300
0.535800
0.536100
0.530400
0.535400
0.540200
0.537500
0.545900
0.000000
0.535700
0.522800
1.096100
0.000000
0.522300
0.534200
0.533800
0.521300
0.523300
0.537100
0.527400
0.534700
0.537800
1.068600
0.532000
0.526700
0.532500
0.530200
0.530300
0.534600
0.531200
0.541900
0.520300
0.528200
0.539800
1.082300
0.519500
0.533700
0.525500
0.031700
0.530900
0.538100
0.507200
0.534100
0.529700
0.532400
0.542700
0.536600
0.533100
0.532400
0.526100
0.541400
0.528200
0.534100
0.536100
0.541800
0.538600
0.528200
0.531300
0.535800
1.056000
0.534000
0.517300
0.507800
0.526700
0.535900
0.530100
0.541600
0.535800
0.535200
0.531200
0.544200
1.080800
0.531300
0.536000
0.536300
0.000000
0.528900
0.539000
0.535000
0.538200
0.535900
0.525400
0.525000
1.060500
0.529400
0.000000
0.532300
0.534400
0.535000
0.529400
0.528400
0.571500
0.530100
0.533900
0.535000
0.554400
0.523700
0.525500
0.522100
0.541900
0.524800
0.525400
0.533000
0.539500
0.540200
0.532200
0.521600
0.549100
0.031700
0.534600
0.538700
0.538700
0.530000
0.523700
0.526400
0.533900
0.579500
0.531400
0.534000
0.535100
0.538000
0.533900
0.029100
0.529000
1.066100
0.532400
0.542700
0.524600
0.529400
0.531300
0.536500
0.544500
0.562000
0.534500
0.531900
1.069300
0.533000
0.534900
0.539200
0.543500
0.524600
0.523500
0.530400
0.016400
0.267800
0.539000
0.558100
0.530200
0.535500
0.537700
0.529200
0.518700
0.539300
0.533900
0.534100
0.544500
0.000000
1.072200
0.533300
0.532800
0.534500
0.539600
0.543000
0.030100
0.532900
0.541500
0.543700
0.527100
1.036900
0.535200
0.530300
0.508400
0.527900
0.539400
0.534500
0.534200
0.520700
0.535600
0.532400
1.046600
0.524800
0.529400
0.528400
0.524300
0.535500
0.000000
0.528700
0.536600
0.532300
0.548100
0.507400
0.532400
0.523300
0.522000
0.534200
0.536000
0.532300
0.524100
0.000000
0.545800
1.051900
0.530900
0.505900
0.529700
0.523600
0.537700
0.526700
0.526400
0.531800
0.528800
0.000000
1.151600
0.535100
0.529800
0.533500
0.532800
0.536200
0.536600
0.521800
0.533400
0.542300
1.089000
0.555400
0.528500
0.534000
0.540700
0.542300
0.535100
0.536200
0.524000
0.523900
0.534400
0.533900
0.527300
1.100000
0.533300
0.520500
0.539900
0.523200
0.525900
0.537000
0.528700
0.530200
0.535600
0.531300
0.510700
0.509500
0.525700
0.532800
0.539600
0.518300
0.536900
0.538700
0.000000
1.068500
0.530200
0.531400
0.541400
0.523200
0.530500
0.520900
0.519900
0.530800
0.534600
1.061100
0.533200
0.525700
0.552400
0.533100
0.529900
0.538400
0.535600
0.531500
0.538000
1.056200
0.522700
0.526800
0.531400
0.530300
0.528500
0.534700
0.526300
0.526500
0.525600
0.530900
0.527700
0.530400
0.000000
0.539500
0.024100
0.543100
0.536500
0.536300
0.531800
1.071300
0.523700
0.521900
0.524700
0.526400
0.531900
0.508300
0.532800
0.535100
0.000000
0.528500
0.533200
0.539700
0.533400
0.524700
0.530900
0.523100
0.539900
0.544500
0.532500
0.536000
0.534300
1.067000
0.554700
0.525100
0.000000
0.526100
1.074300
0.525100
0.000000
0.013700
0.544700
0.023700
0.540100
1.045300
0.525800
0.530400
0.533000
0.546600
0.527400
0.533300
0.520300
0.536500
0.527700
0.020200
0.537100
1.056900
0.525400
0.536600
0.534000
0.540300
0.538700
0.533700
0.532100
0.521500
0.000000
0.530600
0.534000
1.042700
0.526100
0.533900
0.543600
0.553100
0.508000
0.533800
0.531300
0.525700
0.545900
0.000000
0.678600
0.523000
0.529300
0.538900
0.531400
0.535900
0.537900
0.532900
0.526400
0.550000
0.541400
0.600100
0.539900
0.529500
0.559000
0.530700
0.000000
0.523100
0.519400
0.529600
0.536500
0.509200
0.536100
1.093100
0.532000
0.538200
0.000000
0.530800
0.528800
0.027200
0.523900
0.535000
0.537400
0.527400
0.000000
0.535400
0.535400
0.527900
0.524500
0.534200
0.521300
0.527700
1.065400
1.043100
0.534300
0.194900
0.527400
0.530500
0.030200
0.541000
0.532300
0.530600
1.061400
0.530500
0.529700
0.552900
0.535100
0.533900
0.525500
0.528100
0.532800
0.532100
1.062200
0.000000
0.541400
0.527000
0.544700
0.534100
0.531900
0.000000
0.537800
0.543400
0.534800
0.542700
0.537500
0.522600
0.521500
0.527700
0.534800
0.534600
0.509700
1.101600
0.569000
1.063600
0.524200
0.531200
0.000000
0.538000
0.531900
0.526900
0.645100
0.545100
0.530100
0.525300
0.541500
1.046000
0.533900
0.533800
0.519000
0.528600
0.000000
0.533700
0.524300
0.532300
0.534000
0.000000
0.538300
1.078400
0.523000
0.000000
0.531100
0.550600
0.528800
0.525600
0.538900
0.524100
0.000000
0.534700
0.537200
1.044900
0.537300
0.528600
0.529800
0.530200
0.025400
0.529200
0.519900
0.000000
0.538600
0.530500
0.533200
1.051700
0.534700
0.532600
0.544500
0.025600
0.540500
0.522500
0.537700
0.025200
0.525000
0.576600
0.529900
0.531700
0.508700
0.529100
0.532900
0.531400
0.000000
0.537900
0.520200
0.535200
0.538500
0.525600
0.537500
1.031200
0.532200
0.532700
0.526600
0.530700
0.016900
0.541900
0.541900
0.546900
0.531100
0.529200
0.542600
0.527600
0.534600
0.537600
0.539500
0.534600
0.529300
0.547200
1.077600
0.538900
0.528600
0.522300
0.531700
0.530600
0.531300
0.544200
0.540900
0.531800
0.000000
0.564500
0.526300
0.523000
0.508400
0.535300
0.529800
0.510000
0.522000
0.522400
0.526700
0.535100
0.524900
1.073000
0.542000
0.542500
0.529800
0.564800
0.561800
0.531900
0.541900
0.000000
0.539500
0.531200
1.062800
0.532300
0.538500
0.540300
0.536000
0.540000
0.533500
0.540900
0.000000
0.546600
1.052800
0.534100
0.537900
0.544600
0.530400
0.542000
0.535900
0.533400
0.534300
0.548900
1.080800
0.020200
0.534200
0.543700
0.532000
0.537500
0.015300
0.537200
0.531300
0.535400
0.000000
1.060100
0.542900
0.522200
0.539200
0.531400
0.535600
0.543600
0.000000
0.508400
0.527500
0.534500
1.720600
0.529200
0.528500
0.524700
0.533600
0.532800
0.520600
0.531200
0.528400
1.066600
0.531200
0.535400
0.537100
0.534100
0.553500
0.536400
0.533700
0.527300
0.543500
0.811800
0.520700
0.527100
0.531700
0.532300
0.507500
0.534000
1.106900
0.527500
0.543300
0.024800
0.537100
0.537300
0.529100
0.528700
0.528300
0.529900
0.541100
0.535600
0.542600
0.528600
0.527500
0.543700
0.000000
0.554100
1.167000
0.526300
1.063900
0.525800
0.531900
0.533600
0.533300
0.000000
0.527000
0.538900
0.535700
1.062100
1.034300
0.526200
0.528700
0.548300
0.530200
0.533300
0.529700
0.542700
0.523100
0.534500
0.527600
1.101000
0.532800
0.524700
0.532400
0.530300
0.526900
0.522200
0.522300
0.523400
0.543500
0.528100
0.532200
0.528200
0.534100
0.520100
0.525800
0.524100
0.550200
0.524600
0.538800
0.529800
0.000000
1.106500
0.509400
0.542500
0.533600
0.530800
0.528000
0.000000
0.535400
0.519900
0.525500
0.531400
0.534200
1.083200
0.532300
0.535900
0.539400
0.528600
0.520100
0.543200
0.506400
1.047600
0.534900
0.531100
0.531500
0.541600
0.541400
0.533800
0.030700
0.536500
1.062000
0.532900
0.541100
0.534400
0.536000
0.529400
0.535600
0.534700
1.058500
0.524500
0.543800
0.538300
0.547700
0.507500
0.000000
0.529800
1.115700
0.000000
0.532200
0.014500
0.527600
0.536200
0.534200
0.539800
0.519100
1.157000
0.548300
0.530200
0.526400
0.537200
0.536400
0.533000
0.000000
1.064500
0.013900
0.533800
0.535200
0.526700
0.531000
0.528400
0.537900
0.520200
0.537100
0.000000
1.043100
0.537900
0.529900
0.531000
0.533600
0.533100
0.523200
0.523400
0.566900
0.532000
0.534800
1.156100
0.525900
0.516700
0.531900
0.536100
0.533200
0.550800
0.542700
0.533600
0.529000
0.508500
0.531700
1.069400
0.543600
0.529800
0.531000
0.522100
0.536700
0.527000
0.536600
0.521100
0.545300
0.535100
0.533600
0.584800
0.571600
0.534500
0.540600
0.542600
0.523900
0.528600
0.539500
0.000000
1.058600
0.535800
0.518400
0.508500
0.525100
0.530000
0.525300
0.529700
1.052000
0.533500
0.000000
0.541300
0.534700
0.536800
0.534000
0.528700
1.087600
1.041400
0.532900
0.533600
0.521800
0.536500
0.532900
0.540400
0.531400
1.058400
0.532100
0.524600
0.545300
0.528600
0.531900
0.530600
0.528100
0.542200
0.517900
0.544500
0.535100
0.024100
0.546900
0.539000
0.527800
0.000000
1.038500
0.535400
0.526700
0.538100
0.059900
0.538200
0.531100
0.537200
0.533000
0.541200
0.533900
0.538400
0.531100
0.518200
0.530400
0.000000
0.527500
0.538000
0.000000
0.529700
0.528500
0.518100
0.508200
0.535000
0.530900
0.536800
0.561100
0.528500
0.532400
0.526500
0.534100
0.526300
0.000000
0.531800
0.523500
0.533300
0.541100
0.543000
0.537600
0.000000
0.673700
0.508000
0.523000
0.540500
0.534500
0.565000
0.539200
0.542600
0.536300
0.527300
0.537300
0.545000
0.533900
0.544000
0.540900
0.540500
0.506700
0.030200
0.531000
0.544100
0.530200
0.544000
0.544600
0.535400
0.536800
0.536100
0.541100
0.520100
0.537400
0.526100
0.020000
0.540000
0.528500
1.194300
0.523200
0.536900
0.531800
0.533100
0.000000
0.530800
0.528700
0.537400
0.528600
0.023200
0.540900
1.058900
0.538200
0.532100
0.535500
0.536200
0.543000
0.533100
0.534700
0.537000
0.533300
0.530400
1.073900
0.535100
0.530600
0.524600
0.532600
0.532500
0.508200
0.543500
0.526700
0.533900
0.530300
0.561300
0.537300
0.526400
0.528600
0.521500
0.533100
0.544500
1.053200
0.529100
0.540200
0.544600
0.508900
1.067800
0.524200
0.534800
0.526700
0.000000
0.535000
0.531900
0.000000
0.529800
0.533600
0.530600
1.056800
1.116400
0.544100
0.543700
0.529900
0.578800
0.538700
9.371800
18.207300
22.430000
0.781200
2.957000
1.994000
2.276100
0.544200
0.551900
0.529500
0.527200
0.532700
0.529200
0.547800
0.538900
1.065700
0.529500
0.507800
0.537300
0.526700
0.000000
0.535400
0.522300
0.524700
0.548600
0.547800
1.046000
0.534000
0.531400
0.530100
0.537000
0.541300
0.536300
0.519400
0.543700
0.535000
0.531800
0.000000
1.575200
0.000000
0.532100
0.538300
0.535800
0.525700
0.000000
0.534800
0.507000
0.508700
0.535300
1.089400
0.533600
0.524700
0.530200
0.523400
0.000000
0.541400
0.000000
0.536000
0.522300
0.537900
0.533400
0.525000
1.580600
0.522900
0.529900
0.533100
0.534900
0.534300
0.537300
0.527700
0.529900
0.000000
0.528300
0.531500
1.063800
0.540800
0.537900
0.529100
0.520500
0.541800
0.529300
0.525900
0.530500
0.533800
0.530700
0.535100
1.052000
0.535600
0.541600
0.534800
0.522700
0.541700
0.536000
0.538500
0.528400
0.537600
0.523300
1.056400
0.523000
0.546400
0.530000
0.533900
0.537000
0.525400
0.509100
0.548100
0.538600
0.532600
0.535400
0.555900
0.537100
0.526800
0.543800
0.540400
0.535300
0.517300
0.534200
0.547300
0.549500
1.064600
1.031300
0.537100
0.531100
0.533500
0.000000
0.539400
0.524100
0.528800
0.529300
0.532800
0.531800
0.529300
1.218100
0.523100
0.542400
0.531500
0.000000
0.524100
0.526800
0.532700
0.526300
0.521900
0.534900
0.532800
1.097400
0.524200
0.538500
0.534700
0.532800
0.532700
0.027200
0.000000
0.520300
0.527200
1.054200
0.537600
0.000000
0.536700
0.537100
0.532600
0.537200
0.538300
0.534000
0.522700
0.536900
1.081100
0.533300
0.530900
0.000000
0.522400
0.530100
0.507000
0.545300
0.535000
0.535600
0.000000
1.054400
0.528100
0.548000
0.530400
0.538400
0.531900
0.540000
0.535400
0.607400
0.531200
0.522800
1.071600
0.540900
0.506300
0.532000
0.532000
0.532800
0.539500
0.525900
0.027800
0.537800
0.531400
1.064400
0.542000
0.536300
0.538700
0.539200
0.534500
0.537900
0.523100
0.532200
0.019100
0.000000
0.533800
0.536000
0.529000
0.521900
0.520900
0.539400
0.531900
0.559000
0.533500
0.533700
0.531800
0.534900
0.534100
0.535400
1.062100
0.533000
0.532200
0.538400
0.545800
0.533900
0.536000
0.530600
0.522000
0.541000
0.536100
0.541500
0.023400
1.047100
0.529700
0.536300
0.537400
0.528800
0.000000
0.533400
0.000000
0.543400
0.545100
0.534000
0.531400
0.532600
0.000000
0.014700
0.567500
0.534100
0.534100
0.535800
0.535600
0.531500
0.540000
0.534800
0.508300
0.532000
0.527500
1.041700
0.530900
0.532200
0.000000
0.530400
0.527100
0.531600
0.533900
1.034200
0.535100
1.167000
0.523700
0.528400
0.520800
0.525000
0.537800
0.522300
0.533500
0.531600
0.536800
0.538200
0.023600
0.536400
1.061400
0.028800
0.540800
0.540100
0.527800
0.533000
0.535500
0.529800
0.535700
0.528900
0.533900
0.538100
1.059000
0.531300
0.536100
0.509600
0.541200
0.765600
0.521500
0.541300
0.534800
0.530100
0.528200
0.529800
0.534300
1.076800
0.533500
0.534200
0.538800
0.525900
0.000000
0.531300
0.536400
0.523100
0.530000
0.015900
0.530200
1.097500
0.000000
0.521300
0.533300
0.534800
0.533900
1.039400
0.000000
0.530300
0.520200
0.027500
0.529200
0.521500
1.058100
0.533200
0.532500
0.528500
0.524400
0.532800
0.519900
0.529900
0.541800
0.528500
0.538600
1.061300
0.520800
0.533900
0.525100
0.509300
0.529500
0.526800
0.531100
0.537000
0.531300
0.536700
0.527300
1.095200
0.528500
0.534400
0.528200
0.531700
0.536600
0.533600
0.531200
0.518500
0.534800
0.000000
0.536300
0.517800
0.541800
0.509700
0.000000
0.023400
0.536700
0.520800
0.032500
0.532500
0.531800
1.054000
0.539600
0.539800
0.530600
0.531500
0.000000
0.523500
0.530700
0.530200
0.540800
0.528200
1.048600
0.526500
0.533600
0.525900
0.533800
0.537400
0.000000
0.529400
0.530100
0.533000
0.522800
0.507200
0.529400
0.533400
0.028200
0.526200
0.549300
0.536800
0.530600
0.519400
0.533000
0.535800
0.523700
0.524800
0.000000
0.023800
0.520700
0.531900
0.536800
0.541300
0.542300
0.536400
0.527700
0.541600
0.529500
0.538700
0.000000
0.528100
0.535200
0.537200
0.532600
0.534000
0.000000
1.088600
0.533300
0.539900
0.523000
0.532500
0.538500
0.529700
0.000000
1.588100
1.073700
0.506800
0.530800
0.533500
0.541000
0.542700
0.525800
0.534900
0.506700
1.087000
0.530700
0.509800
0.000000
0.526300
0.534300
0.529900
0.537100
1.086000
0.520700
0.525400
0.529200
0.525400
0.530000
0.542400
0.539100
0.000000
0.528600
0.539300
0.534700
0.534000
0.534600
0.025600
0.523700
0.533200
0.000000
1.052800
0.538600
0.535900
0.536300
0.534600
0.023700
0.525200
0.519100
0.537500
0.029900
0.528600
0.528800
0.000000
0.532500
0.539500
0.534700
0.583100
0.585800
0.535600
0.537200
0.533500
0.543200
0.536400
0.536700
0.538900
0.522800
0.532300
1.057900
0.541800
0.546500
0.524600
0.545600
0.520600
0.534500
0.533100
0.536000
0.531000
1.059600
0.519100
0.532700
0.535100
0.538400
0.533400
0.532900
0.555100
0.542100
0.548300
1.041100
0.527600
0.541600
0.523000
0.545500
0.520800
0.526600
1.038000
0.533300
0.545600
1.061200
0.535600
0.530100
0.532300
0.545500
0.525800
0.542100
0.525200
0.530800
0.000000
0.534000
0.525400
0.536200
0.000000
0.534000
0.024000
0.519900
0.540200
0.533900
0.533900
1.053000
0.537400
0.030000
0.538200
0.533400
0.526200
0.528800
0.510800
1.083500
0.523200
0.531900
0.534800
0.531500
0.534600
0.532800
0.534000
0.022300
1.074600
0.027500
0.532400
0.532500
0.531400
0.000000
0.522400
0.540000
0.537500
1.044100
0.532700
0.529300
0.531200
0.542700
0.528800
0.532800
0.545500
1.115900
0.528000
0.530100
0.530500
0.532700
0.534500
0.526900
0.535800
0.534000
0.533500
0.535200
0.542300
0.033600
0.545700
0.530000
0.541400
0.533100
0.531400
0.537600
0.533000
0.532300
0.519300
0.538600
0.543200
0.533900
0.524900
0.533500
0.525100
0.522500
0.526000
0.537900
0.523000
0.535700
1.035200
0.024900
0.520500
0.000000
0.507700
0.531200
0.538900
0.530700
0.532400
0.530200
1.063600
0.532400
0.027500
0.523000
0.535400
0.527300
0.000000
0.543000
0.532900
0.524600
1.049700
0.540400
0.536200
0.532400
0.527400
0.538900
0.000000
0.547800
0.536200
0.533900
0.509700
1.063900
0.529900
0.534300
0.509100
0.540400
0.527200
0.538000
0.523400
0.606900
0.529800
1.056800
0.526100
0.539200
0.532200
0.529000
0.520100
0.532500
0.534300
0.521400
0.536800
0.527100
0.530000
0.532000
0.532700
0.529900
0.530700
0.000000
0.525300
0.000000
0.000000
0.528800
1.049300
0.531300
0.535000
0.529100
0.540300
0.541700
0.538500
0.524000
0.536100
0.524700
0.531800
0.535300
1.072000
0.526200
1.103800
0.528500
0.000000
0.526600
0.529400
0.529600
0.534500
0.535000
0.537500
0.531700
0.575600
0.529000
0.542800
0.536900
0.532100
0.522800
0.545600
0.534200
0.520200
0.535600
0.524900
0.535500
1.049700
0.000000
0.534500
0.534200
0.530600
0.532600
0.534800
0.533000
0.000000
0.527000
0.540800
1.142300
0.535200
0.542000
0.525000
0.535200
0.531300
0.534000
0.519600
0.535000
0.531600
0.539500
0.533800
1.087000
0.532000
0.535500
0.000000
0.539500
0.535000
0.535100
0.530400
0.524300
0.536300
0.539300
0.525500
1.065300
0.030100
0.521000
0.528000
0.535700
0.531800
0.532000
0.544000
0.530700
0.000000
0.527900
0.518400
1.064200
0.532400
0.535900
0.533300
0.542800
0.536300
0.525100
0.529000
0.000000
0.536200
0.538300
0.523100
0.521800
1.120100
0.534800
0.530300
0.535200
0.529400
0.529500
0.523000
0.532100
0.538600
0.540600
0.528600
0.584700
0.526600
0.536700
0.000000
0.523200
0.524200
0.523600
0.530900
0.544300
0.531800
0.541100
1.103100
0.527400
0.535600
0.529600
0.536900
0.529900
0.540500
0.526100
0.531700
0.532900
0.534000
0.535800
0.531900
0.531700
0.536600
0.027400
0.531200
0.538300
0.542600
0.540400
0.542700
0.539400
0.522200
0.021900
0.534900
0.540700
0.547100
0.534300
0.534900
0.557600
1.623800
1.046200
1.050400
0.530100
0.534800
0.532700
0.529600
0.525700
0.000000
0.539900
1.117400
0.525300
0.529400
0.519700
0.536900
0.000000
0.523100
0.535400
0.530600
0.521700
1.062300
0.534600
0.529800
0.539100
0.531300
0.544800
0.523200
0.531200
0.535300
0.531500
0.544100
0.542300
1.097300
1.086500
0.533200
0.000000
0.526000
0.000000
0.507900
0.534000
0.545400
0.524800
0.530200
1.061800
0.571900
1.081700
0.551400
0.546000
0.546600
0.551500
0.618000
0.525100
0.533800
0.531100
0.537300
1.033600
0.539100
0.550000
0.606700
0.565600
0.584700
0.537200
0.560600
0.537300
0.534500
1.081500
1.708500
0.522500
0.544900
0.521600
0.538600
0.533100
0.015300
0.529600
0.529900
1.061400
0.528000
0.536700
0.530200
0.540000
0.527500
0.027100
0.544300
0.675800
1.043800
0.000000
0.528500
0.538100
0.530600
0.537600
0.529000
0.538700
0.535700
0.505700
1.601400
0.543400
0.508000
0.532700
0.543200
0.534600
0.532300
0.000000
0.533100
0.530000
0.542400
0.530000
0.548500
0.521500
0.523000
0.539900
0.529800
0.507000
0.000000
0.543100
0.524700
0.531100
0.530700
0.545300
0.525700
0.525000
0.525000
0.539300
1.110300
0.000000
0.536400
0.000000
0.533700
0.528500
0.526800
0.534900
0.527700
0.523200
0.519300
1.090500
0.658100
1.072600
0.529200
0.531200
0.537600
0.522800
0.534700
1.098400
0.529300
0.523400
0.539400
0.535400
0.536800
0.532700
0.533000
1.091100
0.528000
0.537300
0.531600
0.536800
0.527100
0.535900
0.534100
0.531500
0.554300
0.529000
0.534600
0.532300
0.523000
0.535400
0.527100
0.534000
1.104100
0.531500
0.531100
0.524700
0.536000
0.537900
0.540000
0.533500
0.531000
0.527100
1.029200
0.535400
0.539900
0.535400
0.523300
0.534200
0.529500
0.527400
0.537400
0.532500
0.528300
0.534100
1.052400
0.524200
0.534900
0.532000
0.531900
0.530200
0.000000
0.538100
0.538700
0.528700
0.538100
1.054700
1.729100
0.534200
0.536000
0.525400
0.521800
0.528300
0.529200
0.531600
0.527500
0.506300
0.523800
0.508100
1.058900
0.537700
0.523800
0.549700
0.536100
0.531700
0.525500
0.534100
0.000000
0.541400
0.523900
1.052100
0.531900
0.526700
0.527100
0.539200
0.535500
0.000000
0.507400
0.538700
0.533800
0.530600
0.534700
0.534400
0.656400
0.531600
0.521400
0.508900
0.527700
0.526100
0.533000
0.532700
0.526300
0.531500
0.525500
0.537300
1.066400
0.537400
0.531700
0.533800
0.524200
0.546500
0.530500
0.508000
0.536400
0.534400
0.524000
0.533900
0.526200
0.528900
0.528300
0.544100
0.018300
0.546200
1.061000
0.535100
0.548700
0.522800
0.522200
0.521600
0.543600
0.000000
0.029600
0.549500
0.530800
0.000000
0.534400
0.518700
0.546500
0.535900
0.507200
1.081200
1.072400
0.521900
0.506300
0.532400
0.520300
0.537900
0.533100
0.525500
0.534700
0.540100
1.070000
0.508200
0.519800
0.531900
0.520000
0.541500
0.532900
0.528200
0.539300
0.537600
0.546800
1.036100
0.518500
0.533000
0.534000
0.534100
0.000000
0.528500
0.543600
0.529800
0.531500
0.539600
0.536900
1.055300
0.538300
0.022800
0.541900
0.535000
0.525300
0.540500
0.541200
0.535000
0.609400
0.529500
1.185000
0.533200
0.528300
0.529500
0.529000
0.526700
0.526000
0.542300
0.000000
0.538100
0.539800
0.523000
1.092700
0.535400
0.533200
0.531700
0.528900
0.522600
0.521800
0.536500
0.536100
0.536200
0.532600
0.523500
1.077500
0.534000
0.531200
0.533000
0.542400
0.548600
0.535900
0.534500
0.521700
0.534600
0.533500
0.536100
1.053200
0.531700
0.546900
0.534100
0.537000
0.525400
0.522800
0.509400
0.523300
0.527900
0.505200
0.562200
1.059100
0.537100
0.509400
0.523700
0.000000
0.534300
0.000000
0.537900
0.523800
0.533800
0.527600
0.520000
0.537300
1.077800
0.549600
0.533300
0.538500
0.539000
0.531000
0.524100
0.537900
0.508400
0.530700
0.508300
0.576400
0.525300
0.540500
0.545300
0.540200
0.529500
0.536800
0.529900
0.563900
0.532600
0.537700
1.064500
0.522400
0.535500
0.533800
0.543700
0.536200
0.519600
0.542100
0.531500
0.532700
0.539900
1.061400
0.530600
0.532400
0.529100
0.545000
0.508600
0.531300
0.508100
0.537100
0.527000
0.531800
1.178100
0.532400
0.530900
0.506600
0.526200
0.534900
0.538300
0.542300
0.531800
0.546300
0.528600
1.061800
0.538500
0.517900
0.532800
0.525900
0.550900
0.527900
0.523400
0.540500
0.537900
0.536700
0.546800
0.529000
0.532500
0.524000
0.538000
0.535700
0.529600
0.508900
0.527500
0.525700
0.017100
1.062800
0.531400
0.516700
0.526800
0.532700
0.533700
0.545800
0.539600
0.507000
0.520100
0.532800
0.542000
0.534300
0.534800
0.536500
0.540600
0.531300
0.536600
0.529600
0.526500
0.534900
0.519500
0.537800
0.545700
1.050500
1.042800
0.531200
0.546200
0.530700
0.529600
0.521600
0.528600
0.531600
0.520200
0.529100
0.533400
1.066700
0.528100
0.000000
0.535700
0.539400
1.034700
0.530200
0.530100
0.539700
0.529200
0.508700
0.533100
1.044600
0.532100
0.024600
0.522300
0.000000
0.539900
0.532000
0.535900
0.537100
0.023200
1.044900
0.000000
0.523500
0.530200
0.543300
0.509600
0.529600
0.527200
0.535900
0.557600
0.531500
0.537400
0.535300
0.533600
0.000000
0.531300
0.531900
0.533500
0.530500
1.062200
0.539800
0.535700
0.536500
0.539200
0.551300
0.538600
0.530100
0.546000
0.538700
0.533000
0.528300
0.537700
0.544500
0.529300
0.534400
0.530100
0.538600
0.532800
1.059300
0.509100
0.531900
0.536300
0.542800
0.531400
0.523000
0.536500
0.521800
0.000000
0.531600
0.536800
0.536500
0.521200
0.539500
0.532300
0.523100
0.508900
0.528200
0.535400
0.537000
0.000000
0.536200
0.539500
0.552200
0.520300
0.506700
0.534600
0.528800
0.531700
0.529900
0.524400
0.544200
0.528900
0.532200
0.529300
0.552400
0.529600
0.533100
0.528000
0.523100
0.523500
0.543600
0.539100
0.542800
1.074100
0.537800
0.533400
0.508900
0.024500
0.534200
0.544000
0.517900
0.535700
0.533900
0.527700
1.063700
0.539900
0.532100
0.535700
0.535700
0.530400
0.528100
0.000000
0.538400
0.542900
0.535100
0.522500
0.528100
0.528100
0.537900
0.524800
0.536500
0.525000
0.533300
0.546200
0.537600
0.536200
0.644500
0.524800
0.509000
0.540500
0.537600
0.544600
0.533900
0.596200
0.524700
0.536700
0.523700
1.050400
0.531600
0.541300
0.016600
0.536200
0.545200
0.527500
0.537000
0.523900
0.537800
0.506200
0.533600
0.586700
0.542200
0.545700
0.530700
0.537000
0.000000
0.521000
0.534100
0.544700
0.541400
0.544800
0.535100
0.540000
1.067600
0.532200
0.541000
0.535700
0.573400
0.532700
0.539100
0.000000
0.533000
0.000000
0.533900
0.535500
0.541500
0.523800
0.526100
0.000000
0.539700
0.537700
0.538400
0.526000
0.511500
0.521700
0.533200
0.525200
1.057400
0.536600
0.530700
0.022900
0.558300
0.534100
0.509000
0.508800
0.025700
0.024600
0.533600
0.533700
1.196800
0.536300
0.535600
0.548200
0.000000
0.530500
0.522600
0.523300
0.542100
0.521800
0.537900
0.542400
1.135700
0.533000
0.025700
0.508700
0.524700
0.534900
0.544200
0.000000
0.536200
0.526700
0.523400
0.535800
1.076000
0.506500
0.532800
0.524700
0.524700
0.535500
0.000000
0.536900
0.535600
0.525800
0.520000
0.534800
1.068500
0.539700
0.028800
0.523000
0.546100
0.540800
0.534200
0.536400
0.536900
0.540700
0.535700
1.592500
0.534500
0.527100
0.539000
0.542600
0.543500
0.533000
0.000000
0.535000
0.540200
0.535800
0.543200
0.701500
0.531100
0.535400
0.533400
0.534800
0.578400
0.525500
0.528000
0.529500
0.539100
0.538000
1.056900
0.535500
0.531600
0.543200
0.531700
0.538200
0.533300
0.000000
0.533400
0.508600
0.530100
0.531800
1.100000
0.531700
0.529800
0.540700
1.041100
0.539900
0.544900
0.533800
0.529000
0.527500
0.527300
0.529400
1.079700
0.530500
0.535300
0.530000
0.525400
0.543600
0.522500
0.541000
0.509400
0.529300
0.000000
0.551200
0.532500
0.536500
0.533000
0.531800
0.538600
0.027800
0.522400
0.534700
0.546500
0.521900
0.508100
0.532900
1.038900
0.540400
0.531500
0.537200
0.000000
0.539300
0.508300
0.523800
0.521100
0.533400
0.522100
1.174500
0.536200
0.525500
0.535700
0.528000
0.000000
0.534300
0.535900
0.537300
0.534800
0.533900
0.655200
0.532300
0.549200
0.526800
0.543600
0.531500
0.538000
0.534600
0.536000
0.518800
0.537200
0.535700
1.085900
0.541900
0.532900
0.535600
0.540800
0.528100
0.527900
0.536500
0.535000
0.538700
0.533200
1.067700
0.535400
0.541100
0.530500
0.526600
0.538200
0.531600
0.527500
0.544400
0.540300
0.683000
0.532000
1.070400
0.000000
0.531800
0.027300
0.539700
0.526100
0.534700
0.544400
0.533200
0.526100
0.532300
1.037600
0.528500
0.538100
0.532400
0.535600
0.536100
0.524200
0.536500
0.560300
0.536200
0.540300
0.000000
0.535300
1.074900
0.533400
0.526400
0.531600
0.523400
0.524200
0.028100
0.521700
1.028800
0.023300
0.534400
1.125400
0.526900
0.525300
0.000000
0.532200
0.535600
0.541500
0.534500
0.529100
0.000000
0.534300
1.036100
0.540800
0.529200
0.534000
0.525900
0.559200
0.543200
0.522600
0.536200
0.524100
0.529600
1.059300
0.538600
0.543400
0.535000
0.529600
0.534000
0.524600
0.534500
0.530700
0.539600
0.536800
1.062400
0.014800
0.536700
0.526800
0.540900
0.000000
0.534200
0.536300
0.000000
0.535700
0.508000
1.084700
0.538100
0.531600
0.539800
0.534800
0.508400
0.528900
0.537800
0.535400
0.536900
0.533100
1.075700
0.532300
0.537200
0.526200
0.539400
0.527600
0.510200
0.534800
0.000000
0.527400
0.531000
0.553400
1.066700
0.528800
0.532500
0.539100
0.530800
0.538900
0.534300
0.533000
0.000000
0.529300
0.509300
0.541600
0.524400
0.540500
0.535300
0.522800
0.528800
0.533100
0.000000
0.527500
0.533400
0.520500
0.525700
1.081800
0.523900
0.534000
0.529400
0.536600
0.534300
0.532000
0.532800
0.525200
0.526900
0.522900
0.534800
0.532300
0.000000
0.526800
0.517600
0.532800
0.536800
0.524000
0.528500
0.530800
0.533400
0.536000
1.062400
0.529100
0.537000
0.542500
0.557800
0.525900
0.539100
0.524000
0.545700
0.519600
0.532900
0.537100
0.527300
0.535900
0.533200
0.507700
0.536800
0.534500
0.000000
0.000000
0.529400
0.530600
0.531500
0.000000
0.529400
0.540500
0.532800
0.543700
0.535600
1.068300
0.554200
0.000000
0.521600
0.023700
0.533900
0.530000
0.542100
0.532300
0.541400
1.061200
0.545000
0.532300
0.029100
0.000000
0.541400
0.524200
0.508700
0.536500
0.534600
1.077600
0.537000
0.531700
0.534700
0.000000
0.531100
0.534500
0.531800
0.551100
0.529300
1.078200
0.528200
0.534300
0.534300
0.533800
0.560800
0.520600
0.561900
0.533400
0.539700
0.533400
0.534200
1.032300
1.113900
0.537900
0.540400
0.536600
0.544800
0.522600
0.520600
0.521100
0.535300
0.535700
0.525400
1.041900
0.532600
0.507900
0.526900
0.537700
0.530100
0.521300
0.000000
0.531800
0.532900
0.014800
1.053800
0.509400
0.535800
0.537800
0.000000
0.526100
0.526900
0.529300
0.531500
0.536300
0.024700
0.538300
0.509200
0.525900
0.546200
0.536500
0.000000
0.529400
0.530800
0.524300
0.527500
0.525800
1.094600
0.528500
1.041900
0.535300
0.522900
0.539400
0.531500
0.510500
0.506900
0.529700
1.061800
0.539700
0.509300
0.530700
0.532200
0.538500
0.542100
0.545100
0.509000
0.527000
0.532800
1.058600
0.532100
0.541800
0.523500
0.520600
0.533400
0.540800
0.531000
0.534300
0.527900
1.065900
0.525700
0.530800
0.543200
0.533800
0.524500
0.535300
0.529300
0.543800
0.533300
0.527800
1.070700
0.524900
0.533000
0.535000
0.537400
0.531300
0.542000
0.524500
0.532300
0.525200
0.524100
1.085900
0.527400
0.527600
0.535000
0.536900
0.528800
0.545900
0.541900
0.536700
0.000000
0.533900
0.528500
1.080200
0.531500
0.533100
0.533700
0.522500
0.533300
0.527300
0.540300
0.033100
0.526800
0.536000
0.532200
0.539300
0.506700
0.537500
0.508300
0.529600
0.530300
0.533700
0.535200
0.000000
0.530000
0.528700
0.563400
0.000000
0.528900
0.535500
0.532900
0.536100
0.532900
0.530300
0.537300
0.535200
0.521500
0.527300
1.594300
0.523500
0.508100
1.028300
0.531100
0.534700
0.000000
0.523900
0.536800
0.545400
0.539400
0.535100
1.074400
0.013800
0.540800
0.530000
0.526400
0.534900
0.532600
0.517700
0.529400
0.524400
0.527700
0.624900
0.537000
0.541200
0.521400
0.529300
0.522900
0.542100
0.535800
0.535000
0.532100
0.533500
0.531000
1.055100
0.548900
0.000000
0.544400
0.534300
0.629300
0.534700
0.538600
0.531500
0.027400
0.542500
0.592900
0.000000
0.530900
0.538700
0.537800
0.532100
0.535000
0.535700
0.532800
0.529500
0.531000
0.529400
0.519200
0.521600
0.507700
0.532900
0.506700
0.528500
0.532800
0.536000
0.529800
0.530500
0.533600
1.214900
0.526300
0.545200
0.521900
0.538500
0.540100
1.071200
0.526800
0.532800
0.526100
0.539200
1.050200
0.525500
0.538700
0.523000
0.000000
0.530700
0.522900
0.000000
0.529600
0.000000
0.529200
1.038400
0.532400
0.520000
0.536600
0.537200
0.508400
0.539700
0.533300
0.000000
0.522800
0.523800
0.546400
1.067100
0.520300
0.534500
0.545600
0.536600
0.530000
0.528800
0.532700
0.533900
0.534100
0.527500
0.538800
0.576000
0.536700
0.532100
0.530500
0.000000
0.000000
0.526000
0.528200
0.540300
0.522800
0.531000
0.526000
1.062200
0.538500
0.531900
0.585300
0.539400
0.510100
0.542700
0.532700
0.000000
0.529200
1.070300
0.526200
0.527100
0.533000
0.516700
0.530200
0.534900
0.533700
0.000000
0.528400
1.194000
0.533400
0.505500
1.061100
0.533900
0.509600
0.523000
0.525500
0.506800
0.531500
1.104700
0.530200
0.526100
0.508400
0.531900
0.531800
0.000000
0.535600
0.024600
0.525600
0.533400
1.038000
0.524800
0.533200
0.530600
0.575800
0.539600
0.518300
0.537100
0.536300
0.543000
0.610500
0.531200
0.533700
0.528300
0.506300
0.531200
0.539300
0.533100
0.539300
0.534900
1.060800
0.536700
0.535900
0.522400
0.000000
0.531700
0.529700
0.524700
0.521200
0.546400
1.070800
0.531300
0.520000
0.546700
0.523700
0.000000
0.507900
0.537000
0.506400
0.537600
1.090900
0.526400
0.529100
0.531000
0.531500
0.529300
0.529100
0.529400
0.540600
1.086200
0.533000
0.563200
0.540800
0.531400
0.530900
0.523000
0.530700
0.531700
0.016100
0.531000
0.533400
1.041100
0.534700
0.000000
0.521400
0.509100
0.533600
0.510100
0.533700
0.507400
0.000000
0.536700
1.050400
0.530700
1.075900
0.532500
0.530400
0.529900
0.527600
0.546700
0.540800
0.536700
0.536500
1.086000
0.000000
0.531700
0.030900
0.000000
0.542300
0.532500
0.533600
0.523600
0.534800
0.000000
0.506700
0.526700
1.093500
0.526900
0.529200
0.533400
0.532300
0.531900
0.534400
0.528300
0.603600
0.531900
0.517300
0.536800
1.067000
0.525200
0.531100
0.544800
0.525000
0.536600
0.532900
0.525800
0.531100
0.529500
0.537300
1.187100
0.548200
0.526700
0.532800
0.000000
0.529400
0.528100
0.507600
0.526000
0.519700
0.548400
0.506300
1.049900
0.531500
0.535900
0.530100
0.547200
0.531100
0.530900
0.526100
0.532200
0.531500
0.532200
0.525300
0.530400
1.054100
0.543100
0.532700
0.531200
0.527900
0.535700
0.543500
0.530100
0.538900
0.528300
0.534100
0.530900
1.072600
0.533600
0.543400
0.013800
0.535800
0.517500
0.000000
0.520400
0.000000
0.536000
0.523900
0.533800
0.522200
0.584800
0.530900
0.535300
0.539500
0.000000
0.508500
0.531200
0.529500
0.542300
0.539300
0.023900
0.544200
0.536900
1.148500
0.528300
0.530200
0.000000
0.000000
0.536800
0.546900
0.532700
0.000000
0.000000
0.534000
0.508300
0.551400
0.534000
0.519900
0.509900
0.550200
0.539400
0.523300
0.507600
0.526800
0.521100
0.533300
1.048800
0.539700
0.535300
0.029400
0.543900
0.534900
0.536400
0.519800
0.539300
0.522900
1.031000
0.539700
1.045300
0.531800
0.553500
0.534000
0.538300
0.541100
0.530500
0.000000
0.548600
0.535200
0.541100
0.531000
1.094800
0.535900
0.538000
0.532300
0.535100
0.520500
0.535300
0.523600
0.533500
0.536100
0.532000
0.543300
0.522700
0.541800
0.529800
0.522900
0.536800
0.000000
0.531200
0.534400
0.535900
0.539400
0.526800
1.072800
0.529000
0.530600
0.536200
0.541300
0.027400
0.530100
0.530700
0.532200
0.525000
0.541500
1.621000
0.531500
0.525200
0.541700
0.536400
0.528100
0.544400
0.537500
0.529600
0.520800
0.533800
0.025000
1.072000
0.535500
0.531500
0.536600
0.532200
0.549400
0.536100
0.533800
0.535400
0.532000
0.024500
0.533500
0.541000
0.530800
0.526800
0.525100
0.000000
0.523100
0.542600
0.522000
0.534700
0.025100
0.532000
0.532600
0.527600
0.523200
0.531100
0.532000
0.539300
0.000000
0.527500
0.530700
0.529600
0.029200
0.542000
0.527600
0.544200
0.535500
0.525100
0.034100
0.531200
0.535100
0.534200
0.521400
0.758300
0.534100
0.533000
0.000000
0.529200
0.530600
0.524600
0.530100
0.000000
0.533100
0.520300
0.000000
0.543500
1.037800
0.535800
0.533800
0.524000
0.533800
0.535100
0.521500
0.000000
1.034100
0.541700
0.531500
0.534400
0.541400
0.527200
0.535000
0.529800
0.524400
1.195100
0.533600
0.534200
0.535400
0.529900
0.548000
0.047000
0.027600
0.535100
0.529300
0.533200
0.534300
0.531600
0.536600
0.025400
0.534300
0.541100
1.068900
0.525200
0.538800
0.541900
0.508200
0.506100
0.532900
0.526800
0.520700
1.050200
0.532100
0.542200
0.542200
0.565400
0.522000
0.544000
0.526300
0.538000
0.541300
0.545700
1.134900
0.530900
0.507300
0.533200
0.528400
0.535400
0.526600
0.534600
0.518700
0.532000
0.024300
1.101800
0.545800
0.534500
0.524000
0.529000
0.522800
0.530300
0.529700
0.540800
0.520400
1.077100
0.535300
0.000000
0.524100
0.537200
0.526600
0.533900
0.527700
0.533300
0.530400
0.533700
0.577400
0.531800
0.539800
0.531500
0.521700
0.031100
0.535900
0.536500
0.519500
1.050400
0.533900
0.527100
0.550300
0.533200
0.534100
0.535100
0.540100
1.115700
0.530400
0.508400
0.534400
1.041600
0.536300
0.531800
0.529000
0.540100
1.043100
0.529000
0.527500
0.534100
0.542100
0.526700
0.507800
0.025000
1.063300
0.535800
0.522100
0.537100
0.000000
0.533600
0.507700
0.530600
0.537200
1.061700
0.536200
0.522800
0.537200
0.551700
0.530800
0.538200
0.530600
0.000000
0.027100
0.529200
0.521200
1.058000
0.530500
0.534400
0.531600
0.534100
0.540500
0.538000
0.533600
0.535600
0.028000
0.531700
1.072800
0.538100
0.543300
0.534600
0.535700
0.540200
0.000000
0.000000
0.000000
0.529300
0.522700
0.525500
1.057800
0.533200
0.533900
0.530800
0.536000
0.530200
0.531600
0.530100
0.529900
0.522500
0.530600
0.536400
1.057500
0.521600
0.527700
0.530500
0.028100
0.529400
0.532200
0.000000
0.566000
1.058500
0.524600
0.531400
0.536300
0.532900
0.536400
0.538100
0.536800
0.540800
0.541200
1.066900
0.535800
0.525400
0.534100
1.047400
0.025700
0.533500
0.523400
0.537900
0.026800
0.544000
0.531500
0.542400
0.534200
0.524300
0.520800
0.529000
0.000000
0.533100
1.084000
0.553700
0.023400
0.530300
1.064300
0.533100
0.578300
0.536000
0.539600
0.535200
1.068100
0.536300
0.533600
0.531500
0.532000
0.519400
0.529200
0.000000
0.525300
0.538100
0.532800
0.550600
1.110600
1.047200
0.528100
0.538300
0.536900
0.523600
0.533000
0.523100
0.022600
0.520600
0.529900
0.525300
1.054600
0.522000
0.531300
0.541200
0.539700
0.533500
0.555000
0.507800
0.540200
0.529200
0.529600
1.062800
0.533300
0.533000
0.000000
0.523700
0.530400
0.545000
0.539700
0.530900
0.531700
1.092000
0.541200
0.535600
0.528200
0.541400
0.537900
0.533700
0.030500
0.543700
0.529400
0.533200
1.088200
0.528200
0.531600
0.522700
0.000000
0.024300
0.530800
0.540900
0.539500
0.531700
1.037300
0.537400
0.506600
0.520800
0.526600
0.524000
0.537100
0.521500
0.532000
0.000000
1.076200
0.536500
0.522900
0.506300
0.530700
0.533900
0.530600
0.540100
0.541400
0.530200
1.036300
0.531800
0.536000
0.528900
0.535600
0.541000
0.536600
0.540100
0.541400
0.537800
1.568700
0.529800
0.536400
0.536100
0.538700
0.533300
0.531300
0.527900
0.542900
0.539200
1.037400
0.535300
0.525100
0.529300
0.555900
0.538600
0.028300
0.528400
0.530200
0.543200
0.598900
0.526900
0.543000
0.532900
0.528100
0.598800
0.537600
0.526600
0.000000
0.535300
0.535900
1.083300
0.527800
0.527500
0.525500
0.506500
0.537000
0.541000
0.000000
0.534800
0.534700
0.531900
0.543000
1.063400
0.544500
0.528600
0.529100
0.549000
0.000000
0.025200
0.534800
0.539800
0.536300
0.537000
1.068100
0.528300
0.525100
0.534500
0.530800
0.536500
0.524000
0.535000
0.540100
0.000000
0.529500
0.532800
0.532300
0.524700
0.562200
0.531400
0.000000
0.530900
0.529700
0.536400
0.533800
0.541000
1.081700
0.559000
0.000000
0.532900
0.523600
0.520800
0.525800
0.534000
0.526900
0.536300
0.519600
0.527200
1.058900
0.533700
0.532300
0.530200
0.532800
0.530300
0.534100
0.534200
0.535100
0.532000
0.534800
0.583700
0.527900
0.538000
0.543600
0.536500
0.534300
0.527000
0.542000
0.534900
1.068700
0.530100
0.536500
0.525800
0.537600
0.523900
0.537800
0.533400
0.539000
1.551600
0.530200
0.534700
0.528300
0.535000
0.539100
0.000000
0.018500
1.162400
0.518600
0.536200
0.550200
0.543000
0.543000
0.525400
0.523300
0.535900
1.048300
0.529500
0.531400
0.529800
0.523700
0.523400
0.508400
0.528600
0.527200
0.535800
0.523200
0.542200
0.024900
0.015500
0.509900
0.542500
0.539700
0.526500
0.024600
0.539800
0.528500
0.553500
0.522500
0.533200
0.534000
0.537400
0.636300
0.526600
0.534200
0.530800
0.533100
1.171300
0.533100
0.533900
0.535200
0.536700
0.028800
0.541100
0.530300
0.532700
0.528400
0.532800
0.521600
1.062900
0.528000
0.538900
0.520700
0.533800
0.536300
0.529100
0.000000
0.557600
0.527500
1.070500
0.523600
0.541800
0.530400
0.532500
0.533700
0.543600
0.540700
0.534300
0.534700
0.537500
0.529900
1.099900
0.539700
0.528700
0.527700
0.526800
0.531700
0.529700
0.533100
0.532600
0.528000
0.537100
0.536000
0.536200
1.047400
0.000000
0.527800
0.000000
0.526400
0.000000
0.000000
0.530500
0.000000
0.532200
0.000000
0.574300
0.526500
0.539100
0.029800
0.533300
0.521200
0.538700
0.529500
0.519100
0.024800
0.534200
0.533200
0.647100
0.524500
0.521200
0.532400
0.530600
0.525500
0.535900
0.507700
0.533700
0.000000
0.530200
0.532400
0.532300
1.156100
0.527500
0.534700
0.532800
0.537200
0.532900
0.527400
0.540600
0.522800
0.534200
0.530600
0.535000
1.063300
0.535700
0.532000
0.529700
0.537300
0.525300
0.531700
0.000000
0.539100
0.537000
0.000000
0.529500
1.072600
0.508700
0.536700
0.520800
0.537200
0.000000
0.530300
0.529800
0.540700
0.530500
0.530700
0.546400
0.535700
0.537400
0.528800
0.531200
0.506200
0.537100
0.542600
0.030100
0.532500
0.531500
0.538400
0.538400
0.531800
0.522800
0.533000
0.583900
0.524900
0.533800
0.508600
0.525400
0.026300
0.520800
0.530400
0.530700
1.042300
0.536200
0.542900
0.530400
0.000000
0.527600
0.520900
0.527100
0.530800
0.521600
0.529500
0.527200
1.052700
0.524800
0.529100
0.028800
0.534300
0.523600
0.528500
0.545700
0.530500
0.507300
0.000000
0.529100
0.535600
1.082300
0.531400
0.536600
0.531300
0.538100
0.524700
0.529700
0.000000
0.000000
0.522900
0.532000
0.537900
0.591300
0.523400
0.528300
0.526400
0.510900
0.531100
0.000000
0.539300
0.523600
0.577500
0.530000
0.539900
0.000000
0.521300
0.522300
0.523500
0.537100
0.532000
1.080900
0.521800
0.533000
0.527300
0.000000
0.532400
0.516700
0.541200
0.526200
0.554100
0.026300
0.541100
0.532400
0.526900
0.535400
0.529600
0.000000
0.530000
1.076800
0.522200
0.029400
0.538800
0.542200
0.541400
0.532700
0.533600
0.531400
1.046700
1.073900
0.521800
0.529200
0.530000
0.532000
0.527200
0.542400
0.533300
0.521600
0.531300
0.531300
1.070600
0.530600
0.534800
0.536100
0.532800
0.536900
0.518200
0.530500
0.523200
0.523900
0.531600
0.528800
0.543800
0.534100
0.000000
0.534800
0.529700
0.523700
0.527300
0.548000
0.000000
0.000000
0.524700
0.524600
1.059500
0.534100
0.524400
0.539300
0.539300
0.535500
0.536200
0.531400
0.520000
0.543100
0.536200
0.538300
0.536100
0.532900
0.520700
0.531400
0.531900
0.526500
0.527400
0.544600
0.538400
0.530100
0.533000
0.544500
0.528600
0.535000
0.000000
0.538900
0.527300
0.541300
0.000000
0.532600
0.544800
0.524300
0.529100
0.524500
0.506600
0.530600
0.519000
0.541400
0.535400
0.508400
0.523100
0.530900
0.533900
0.000000
0.539000
0.522600
0.535900
1.060500
0.534500
0.526200
0.557000
0.534000
0.520200
0.527800
0.532900
0.539700
0.530500
0.539600
0.529300
0.537900
1.069900
0.529800
0.533200
0.508300
0.538600
0.539900
0.533700
0.534800
0.535500
0.536400
0.530100
0.530900
1.061700
0.533500
0.540200
0.531700
0.533000
0.540400
0.525400
0.550900
0.530700
0.522900
0.532900
0.536800
0.545300
0.541500
0.535800
0.000000
0.525600
0.522000
0.533000
0.529100
0.530500
0.536700
0.522400
0.032000
0.528300
1.082000
0.530200
0.532200
0.540500
0.531900
0.528500
0.536700
0.520700
0.539600
0.509800
0.538300
0.532700
1.072700
0.542700
0.529900
0.537900
0.523500
0.000000
0.530300
0.529800
0.544100
0.532800
0.530500
0.523900
0.676600
0.541700
0.527600
0.534100
0.529400
0.521700
0.509100
0.506300
0.520900
0.530600
0.533200
1.035300
0.541600
0.536400
0.540200
0.530900
0.532200
0.531800
0.533600
0.529500
0.523500
0.537200
0.534700
0.545500
0.537900
0.523200
0.535900
0.537400
0.520900
0.531900
0.537300
0.534200
0.520500
0.578900
0.534900
0.531800
0.017000
0.508700
0.557600
0.534600
0.531000
0.520800
0.023800
0.000000
0.549800
0.533600
0.542000
0.536300
0.525900
0.511200
0.529400
0.545400
0.530400
0.527100
0.523100
0.533100
0.532800
0.535000
0.506400
0.529400
0.000000
0.535200
0.535500
0.508800
0.530800
0.530900
1.043700
0.532700
0.537500
0.531100
0.509600
0.532900
0.531700
0.528900
0.536400
0.539600
0.530900
0.571400
0.545200
0.537000
0.508200
0.533000
0.538000
0.533900
0.536600
0.534800
0.538700
0.599900
0.536500
0.527400
0.534400
0.536800
0.535900
0.535300
0.534700
0.534900
0.532500
0.537100
1.168600
0.528800
0.539200
0.540400
0.530300
0.532900
0.542800
0.523800
0.546300
0.525100
0.533300
0.522600
1.075300
0.527300
0.531100
0.533900
0.527000
0.537100
0.535400
0.542400
0.534100
0.541300
0.531000
0.532500
0.524800
0.029800
0.535100
0.536700
0.000000
0.505300
0.530300
0.521600
0.522900
0.535000
0.530700
0.539400
0.570200
0.521400
0.000000
0.531300
0.528700
0.533900
0.531000
0.537800
0.535900
0.534000
0.539300
0.532400
0.538200
0.527700
0.525600
0.536000
0.022500
0.522800
0.528500
1.026300
0.544400
0.528000
0.556900
1.091100
0.528500
0.540600
0.534700
0.533000
0.546100
0.533400
0.526100
0.541100
0.536000
0.508800
0.534900
0.000000
0.508400
0.523700
0.533500
0.528400
0.541000
0.521200
0.527300
0.533300
0.532500
1.043500
1.027400
0.542400
0.524400
0.522700
0.527800
0.534400
0.535800
0.531200
0.543600
0.530300
0.520700
0.534900
0.000000
0.562100
0.534100
0.552700
0.536200
0.534100
0.522100
0.521600
1.037800
0.542400
0.538700
0.537500
0.536700
0.536200
0.536400
0.534100
0.530000
1.110400
0.530200
2.866000
0.532700
0.530500
0.549200
0.000000
0.531200
0.543200
0.000000
0.542200
0.534400
0.539100
0.533100
0.530700
0.530100
0.527700
0.536000
0.538100
0.530700
0.532800
0.000000
0.529300
0.533800
0.538800
0.508000
0.580300
0.531000
0.522600
0.508000
0.529600
0.547100
0.538400
0.530500
0.541600
0.531500
0.523500
0.546800
0.534700
0.534100
0.000000
0.533600
0.538800
0.536100
0.537800
0.029200
0.000000
0.535700
0.521900
1.083600
0.000000
0.530100
0.550500
0.530400
0.543500
0.526700
0.521500
0.530000
0.588500
0.525500
1.578800
0.530800
0.531000
0.531500
0.536500
0.534100
0.532300
0.014800
0.520300
0.521400
0.551400
0.534600
0.528100
0.508600
0.531200
0.524200
0.541700
0.543000
0.534000
0.529600
0.544500
0.538300
0.519300
0.535500
0.031500
0.533500
0.534200
0.525500
0.522100
0.534900
0.525500
0.028400
0.532500
0.531700
0.527100
0.543500
0.528100
0.533500
1.059500
0.000000
0.531000
0.525000
0.521300
0.560200
0.000000
0.530100
0.187400
0.537200
1.053100
0.542900
0.541500
0.528000
0.000000
0.530000
0.000000
0.539100
0.023000
0.534200
0.538300
0.540900
0.526900
0.000000
0.519800
0.529800
0.000000
0.525500
0.544600
0.524800
0.519700
0.543300
0.530900
0.541200
1.062000
0.509000
0.508600
0.534500
0.533900
0.523200
0.531200
0.528900
0.530800
0.537700
0.535800
0.000000
1.038800
0.526300
0.523300
0.532600
0.541900
0.521600
1.041700
0.534100
0.522600
0.536200
0.532400
0.530400
0.532200
0.517100
0.538700
0.533400
0.530500
0.522500
0.530600
0.538600
0.524200
0.540800
0.533400
0.535300
0.526000
1.064900
0.000000
0.531500
0.527200
0.530800
0.532300
0.531000
0.531500
0.528300
0.537300
0.522200
0.539500
1.056800
0.538800
0.531700
0.534900
0.522900
0.000000
0.540900
0.530800
0.534200
0.533600
0.536700
0.534000
1.570400
0.534200
0.531500
0.529800
0.522200
0.522000
0.533100
0.531700
0.000000
0.532900
0.527400
0.531100
1.053900
0.538700
0.531000
0.535600
0.528200
0.534000
0.534400
0.551700
0.539700
0.540100
0.546200
1.148800
0.527200
0.523400
0.530200
0.545400
0.014700
0.528000
0.523700
0.532600
0.530400
0.544200
0.530000
1.045400
0.537200
0.541700
0.530000
0.525700
0.533800
0.527600
0.000000
0.533900
0.536600
0.528100
0.541500
1.055400
1.029100
0.528200
0.535600
0.536100
0.534500
0.526700
0.523500
0.530500
0.531600
0.524000
0.534100
0.528200
0.532600
0.534100
0.530700
0.000000
0.539900
0.533600
0.546300
0.535000
0.520700
0.524700
0.536600
1.051600
0.534300
0.533900
0.530700
0.537600
0.535300
0.000000
0.524700
0.506600
0.543000
0.525700
0.530500
0.519900
1.070100
0.540700
0.537300
0.000000
0.532600
0.525800
0.525700
0.535800
0.538100
0.000000
0.538600
0.543000
1.067800
0.029000
0.528300
0.520300
0.531000
0.525600
0.534700
0.000000
0.542800
0.535100
0.532800
0.535100
1.074900
0.527200
0.536100
0.538900
0.533300
0.544400
0.536000
0.531600
0.521300
0.519600
0.529300
0.523900
1.080500
0.537700
0.529500
0.536200
0.532200
0.521100
0.023800
0.534000
0.523700
0.020400
0.526900
0.531300
0.525600
0.536200
0.533800
0.535800
0.536600
0.528400
0.539200
0.533800
0.530200
0.538500
0.536200
0.570400
0.530800
0.532000
0.532800
0.526000
0.550700
0.524000
0.531700
0.531900
0.537200
0.546500
1.068700
0.538700
0.533600
0.523900
0.540800
0.533100
0.532700
0.000000
0.528100
0.529000
0.521400
0.518600
1.054700
0.525800
0.536100
0.529700
0.530100
0.528800
0.534200
0.543400
0.535600
0.536100
0.521100
0.545200
0.525200
0.537100
0.528700
0.524500
0.533400
0.537700
0.522600
0.000000
0.523500
0.000000
0.540100
0.529100
0.525400
0.538400
0.533200
0.530000
0.525000
0.527600
0.533300
0.025800
0.520200
0.534000
0.530900
0.541500
0.531400
0.548100
0.543100
0.528900
0.530700
0.533500
0.528400
0.000000
1.069100
0.543100
1.049300
0.529400
0.538800
0.530200
0.523800
0.519900
0.536400
0.532800
0.537700
0.524000
0.507900
0.537100
1.072400
0.534300
0.525100
0.536100
0.535000
0.531200
0.532100
0.536500
0.535400
0.534700
0.535500
1.058300
0.522000
0.520900
0.537000
0.542400
0.537800
0.529200
0.529500
0.537700
0.580900
0.538600
0.550300
1.059800
0.014900
0.026500
0.528200
0.539700
0.507400
0.547900
0.000000
0.525200
0.014400
0.539500
1.066700
0.528400
0.544200
0.533000
0.019700
0.533500
0.508700
0.534700
0.542300
0.531000
0.527500
1.116900
0.530400
0.529000
0.534900
0.000000
0.530500
0.529000
0.532800
0.537400
0.532500
0.532800
0.523700
0.535000
0.000000
0.521700
0.536000
0.544300
0.034000
1.045100
0.000000
0.538800
0.524500
0.520300
0.531500
0.528100
0.541100
0.000000
0.541900
0.532300
0.531700
0.533200
0.018800
0.535200
0.525100
0.533300
0.532900
0.548200
1.063400
0.528100
0.528300
0.536200
0.523500
0.532100
0.535500
0.519500
0.525300
0.519600
0.508100
0.541000
0.530100
0.532100
0.531800
0.530000
0.541900
0.000000
0.528700
0.534900
0.533600
1.043100
0.000000
0.000000
0.518400
0.525200
0.510100
0.522000
0.024900
0.541600
0.532300
0.530900
0.539300
0.533300
0.540900
0.536700
0.529500
0.523500
0.528700
0.522000
0.540700
0.533100
0.525500
1.068100
0.530700
1.042000
0.529700
0.530800
0.529900
0.538000
0.535600
0.531600
0.508500
0.534500
1.060100
0.546200
0.529800
0.542800
0.533000
0.525100
0.529000
0.533500
0.027000
0.534600
0.533700
1.645200
0.533900
0.000000
0.538100
0.534200
0.535600
0.530700
0.509300
0.022800
0.528000
1.134300
0.529900
0.532900
0.536000
0.520500
0.522700
0.536200
0.505700
0.536200
0.525100
0.543500
0.535200
0.542800
0.520500
0.523300
0.530400
0.522800
0.535400
0.529600
0.536200
1.071200
0.518900
0.529000
0.017200
0.531100
0.000000
0.544200
0.536800
0.523700
0.544700
1.053300
0.530800
0.525200
0.533500
0.544700
0.530500
0.519300
0.533100
0.522000
0.547000
1.035400
0.535500
0.527700
0.532800
0.528200
0.523800
0.533200
0.538000
0.529600
0.539000
0.535300
0.537600
0.525200
0.524200
0.532600
0.530300
0.508000
0.530700
1.053500
0.532100
0.543800
0.541800
0.534400
0.530900
0.541000
0.533900
0.535300
0.533100
0.531600
0.538300
0.000000
0.528700
0.533200
0.533800
0.539400
0.533900
0.527200
1.052700
0.537700
0.538700
0.538100
0.535300
0.531300
0.534400
0.000000
0.532400
0.521700
1.092200
0.533000
0.535500
0.525000
0.522300
0.537700
0.535700
0.530600
0.531200
0.564100
0.519800
0.538400
0.533600
1.084600
0.525800
0.535100
0.532200
0.525400
0.000000
0.541400
0.532300
0.530300
0.531100
0.539100
0.534000
1.127600
0.527300
0.000000
0.531100
0.543700
0.031000
0.530900
0.531400
0.531300
0.544800
1.058600
0.534300
0.026500
0.538100
0.545000
0.545900
0.520000
0.538600
0.533600
0.533500
1.056300
0.532700
0.532700
0.529800
0.530700
0.027500
0.536200
0.534900
1.059600
0.030300
0.525500
0.537700
0.539200
0.532900
0.534400
0.000000
0.544200
0.509500
0.533400
0.534400
0.542100
0.534600
0.525400
0.539200
0.520100
1.076700
0.523100
0.534900
0.000000
0.538400
0.529600
0.519700
0.534300
0.543000
0.531300
0.530000
0.529200
0.539500
0.522400
0.519800
0.539300
0.525600
1.084600
0.529100
0.538700
0.527500
0.536400
0.530700
0.551600
0.000000
0.539400
1.117600
0.533500
1.083700
0.000000
0.000000
0.535800
0.536600
0.524800
0.519600
0.524300
1.044600
0.535000
0.520500
0.545500
0.532800
0.533800
0.531000
0.534000
0.536500
1.032000
0.609500
0.538300
0.522200
0.532000
0.536100
0.000000
0.535500
0.521100
0.537600
0.537500
0.528600
0.529700
0.000000
0.507700
0.000000
0.536200
0.000000
0.531000
0.027700
1.162800
0.533100
0.527900
0.540200
0.531800
0.530800
0.537700
0.524100
0.543000
0.542500
0.536400
0.530400
1.065700
1.061500
0.980100
0.537900
0.524000
0.530600
0.533000
0.552400
0.524900
0.506600
0.000000
0.530200
0.524000
0.519500
0.534000
0.524000
0.535900
0.000000
0.524700
0.533200
0.542100
0.535700
0.528800
0.555100
0.531400
0.530300
0.538000
0.533100
0.026700
0.539700
0.524800
0.506700
0.540100
0.579200
1.061200
0.533700
0.528800
0.527800
0.538300
0.540600
0.524300
0.000000
0.539800
0.525700
0.524100
0.538100
1.076200
0.533200
0.000000
0.535000
0.520700
0.542100
0.528400
0.534000
0.534800
0.529100
0.529500
0.532500
0.538900
0.537700
0.532200
0.523400
0.548700
0.518400
0.534400
0.530600
0.535900
0.530100
1.154700
0.532100
0.524200
0.615300
0.541900
0.536000
0.541900
0.535200
0.534700
0.508900
0.535000
0.535200
0.537300
0.544200
0.537200
0.529200
0.524800
0.533700
0.533700
0.540600
0.536700
1.068300
0.533200
0.525100
0.529900
0.526700
0.529800
0.527200
0.536800
0.538500
0.541800
0.581200
0.523900
0.531700
0.540200
0.530200
1.044200
0.527600
0.535200
0.531400
1.049600
0.541100
0.523000
0.533300
0.539700
0.535900
0.538000
0.033700
0.539700
0.539300
0.537300
0.542400
0.000000
1.069900
0.534800
0.509100
0.531500
0.533200
0.521800
0.000000
1.040400
0.542200
0.536300
0.543500
0.534100
0.526400
0.534600
0.533400
0.525300
0.529800
0.536800
1.051200
0.530100
0.529100
0.527700
0.539400
0.527000
0.545600
0.535300
0.529500
0.523900
1.073600
0.545800
0.000000
0.536000
0.535000
0.540100
0.535500
0.523700
0.549200
0.539000
1.058800
0.537400
0.536800
0.528800
0.527200
0.519600
0.536900
0.525100
0.533300
0.527200
0.536500
0.535700
0.533200
0.531200
0.028200
0.532200
0.528900
0.541400
0.539800
0.538000
0.536300
1.054600
0.539600
0.531800
0.524500
0.000000
0.525200
0.565100
0.538500
0.533300
0.532400
0.584500
0.550100
0.000000
0.506800
0.536000
0.523000
0.506500
0.534600
0.535800
0.532300
0.531900
1.105900
0.536300
0.530700
0.522800
0.534000
0.537700
0.523900
0.531100
0.508300
0.542400
0.522500
0.544400
0.525500
0.528800
0.524000
0.529100
0.533300
0.521700
0.525500
0.521100
0.521100
0.524100
0.532900
1.143600
0.527800
0.536000
0.529200
0.507400
0.527600
0.509000
0.519500
0.521300
0.526200
0.535300
1.078600
0.529600
0.522300
0.541500
0.532500
0.529500
0.529100
0.526700
0.507300
0.536800
0.534600
0.509900
1.073100
0.547700
0.532500
0.000000
0.528800
0.541700
0.524300
0.542000
0.535900
0.024700
0.539500
0.533700
1.049200
0.529100
0.531000
0.529200
0.526900
0.535300
0.540600
0.533400
0.592700
0.532500
0.000000
0.533900
0.534900
0.553800
0.021600
0.532400
0.534800
0.542800
0.531200
0.522700
0.537100
0.529000
0.537800
1.059200
0.545900
1.790200
0.559700
0.534400
0.527700
1.064100
0.543800
0.530800
0.527900
0.000000
0.544300
0.519600
1.036100
0.539400
0.527200
0.539900
0.533800
0.505700
0.535500
0.533000
0.552000
0.530500
0.525100
1.085800
0.530600
0.537300
0.525300
0.000000
0.533400
0.525200
0.524100
0.541100
0.508300
0.531100
0.547300
0.550300
0.526700
0.526500
0.505900
0.543500
0.535000
0.537500
0.540200
0.527800
0.522900
0.529200
0.534000
1.040900
0.533800
0.518700
0.547200
0.535000
0.534200
0.534000
0.533200
0.543900
0.538500
0.533100
0.537000
0.531100
0.530100
0.537500
0.532800
0.533500
0.525100
0.537400
0.544500
0.000000
0.000000
0.530700
0.542200
0.546200
0.529700
0.526100
0.026400
0.535100
0.543500
0.522700
0.558600
0.530900
0.523100
0.538400
0.530600
0.528300
0.528100
0.531500
0.523900
0.522000
0.532700
0.522200
1.153200
0.522500
0.525200
0.536600
0.530500
0.540900
0.535200
0.535100
0.544400
0.535400
1.074000
0.527700
0.533100
0.542400
0.533700
0.531100
0.507700
0.538500
0.000000
1.091600
0.537700
0.525200
0.526100
0.551400
0.534500
0.533700
0.533800
0.546200
0.524100
0.539200
0.521900
0.530500
0.533200
0.531500
0.574100
0.507300
0.527200
0.532400
0.538900
1.070300
0.535500
0.545900
0.535500
0.531800
0.536600
0.528100
0.535500
0.533400
0.535400
1.082000
0.529100
0.609500
0.527700
0.539000
0.530100
0.538100
0.547900
0.540900
0.534400
1.064000
0.533100
0.530100
0.528400
0.527500
0.536400
0.534400
0.000000
0.568900
0.535600
1.063300
0.532300
0.523300
0.520300
0.032300
0.534700
0.541700
0.529000
0.527900
0.534500
0.557500
0.539300
0.539300
0.532100
0.535800
0.527700
0.531900
0.529800
0.532100
0.540000
0.534000
1.125700
0.521500
0.527700
0.538500
0.533200
0.544300
0.533100
0.551200
0.529700
0.523300
1.089200
0.534500
0.533500
0.533400
0.526500
0.510100
0.526000
0.532600
0.000000
0.534500
0.546500
1.067500
0.536300
0.531700
0.000000
0.000000
0.533600
0.525400
0.539900
0.537200
0.520800
0.524000
0.545400
0.534700
0.523600
0.531100
0.524600
0.523300
0.529200
0.532600
0.000000
0.509000
0.529900
0.541600
0.540600
0.537800
0.542500
0.532300
0.534300
0.539200
0.532600
0.521400
0.522200
0.535800
1.053800
0.527900
0.540400
0.535300
0.000000
0.523400
0.528400
0.535100
0.532600
0.000000
0.533300
0.539500
1.060900
0.537500
0.531000
0.533900
0.520500
0.531400
0.532800
0.532500
0.525700
0.022300
0.533300
1.040600
0.526500
0.531600
0.533100
0.533400
0.031900
0.536800
0.540200
1.121600
0.548000
0.543400
0.000000
0.532500
0.533700
0.520100
0.533100
0.534300
1.053300
0.531800
0.525800
0.523300
0.534900
0.535700
0.543400
0.533300
0.523700
1.100100
0.532100
0.519800
0.545800
0.521300
0.520400
0.526600
0.532300
0.533800
0.537000
0.518800
0.537300
0.530200
0.540200
0.543200
0.000000
0.525900
1.069100
0.027500
0.535100
0.019100
0.538500
0.531900
0.533300
0.523600
0.529000
0.549000
1.039700
0.534400
0.526500
0.532200
0.524100
0.529400
0.530200
0.534600
0.538400
0.528000
1.063800
0.536100
0.531500
0.523500
0.531200
0.528100
0.028700
0.530300
0.540000
0.541800
0.537100
1.064600
0.550800
0.545300
1.039600
0.533300
0.536000
0.532000
0.531700
0.525000
0.530100
1.059000
0.520400
0.542600
0.532200
0.535200
0.522000
0.528900
0.525800
0.539600
0.527200
0.524000
0.619400
0.531700
0.519300
0.000000
0.544100
0.760300
0.580700
0.535200
0.535800
0.536700
0.566100
0.542200
1.062400
0.540400
0.532800
0.538400
0.520500
0.530100
0.538300
0.537300
0.531800
0.530100
0.529100
1.082500
0.508800
0.542800
0.509100
0.525700
0.530500
0.021300
0.532500
0.529500
0.530300
0.533600
1.069800
0.535900
0.545100
0.525900
0.527000
0.519200
0.535700
0.543600
0.536400
0.530600
0.000000
1.044800
0.532400
0.527400
0.536800
0.538700
0.539500
0.520400
0.528800
0.000000
0.523600
1.070000
0.023600
0.535600
0.534500
0.519700
0.528200
0.526700
0.530400
0.538200
0.528300
0.526700
1.067000
0.524700
0.540000
0.534000
0.523100
0.523800
0.527900
0.530200
0.522200
0.521700
0.526600
1.136000
0.521100
0.534600
0.527000
0.528700
0.521700
0.525100
0.025800
0.530900
0.521400
0.538000
0.532700
1.055500
0.540500
0.527700
0.531200
0.531000
0.541900
0.531100
0.520400
0.508100
0.531200
0.521200
0.532000
0.542200
0.024300
0.537300
0.540700
0.538900
0.541500
0.521100
0.537400
0.528200
0.529000
0.416500
0.523400
1.069700
0.530500
0.537900
0.533700
0.533100
0.000000
0.525300
0.523500
0.530300
0.535400
0.545600
1.033100
0.540400
0.536000
0.522000
0.533000
0.536000
0.523400
0.526200
0.508700
0.000000
0.532400
0.541700
1.127200
0.524300
0.510100
0.535000
0.000000
0.535400
0.542700
0.526100
0.552600
0.526700
0.535800
0.537000
0.537200
0.529900
0.522600
0.537600
0.530800
0.531800
0.549900
0.525500
0.529300
0.537000
0.529000
0.534900
0.526300
0.536200
0.000000
0.536300
0.508400
0.531200
0.530200
0.533800
0.542400
0.533000
1.060400
0.534600
0.024300
0.508300
0.534400
0.529000
0.524200
0.534900
0.562400
0.556900
1.054800
0.537100
0.529800
0.521900
0.527100
0.535800
0.531100
0.538200
0.532100
0.531500
0.508000
1.056200
0.529100
0.000000
0.524600
0.537000
0.528900
0.535700
0.554400
0.505600
0.529000
0.523900
1.083600
0.531500
0.537600
0.535100
0.534200
0.536000
0.526400
0.527900
0.536500
0.534600
0.528300
0.538800
0.533400
0.509000
0.522600
0.532200
0.534500
0.522200
0.528500
0.548900
0.540300
0.519300
0.000000
1.063600
0.528900
0.525200
0.530100
0.000000
0.543500
0.033000
0.000000
0.530400
0.535200
0.531600
1.131700
0.537500
0.528900
0.531300
0.545400
0.525100
0.534100
0.539700
0.536500
0.547400
0.542000
0.534200
0.525700
0.539800
0.524500
0.544100
0.521400
0.539200
0.521600
0.532200
1.056400
0.535100
0.528700
0.527800
0.533800
0.526200
0.535000
0.543300
1.095200
0.525400
0.520700
0.550400
0.542100
0.537600
0.532500
0.535900
0.527200
0.534500
0.000000
0.554900
0.542200
0.534800
0.542600
0.530500
0.533400
0.534800
0.526300
0.530800
0.023300
1.055000
0.545300
0.534200
0.532600
0.540800
0.524000
0.525600
0.541000
0.025900
1.076100
0.014600
0.542800
0.521900
0.525800
0.532800
0.035700
0.533100
0.534600
0.528100
0.532400
0.533800
0.525300
0.533500
0.533600
0.537700
0.523800
0.510700
0.508200
0.532400
0.531600
0.532000
0.534900
0.547400
0.537500
0.553900
0.538000
0.540400
0.534100
0.535200
0.535100
0.533800
0.525400
0.541900
1.048700
0.507400
0.540600
0.539700
0.000000
0.540600
0.025700
0.539600
0.556900
0.023300
0.534700
0.536400
1.217100
0.525800
0.535100
0.531500
0.549000
0.533400
0.530200
0.015200
0.532600
0.508200
0.518700
0.000000
1.105700
0.529300
0.532700
0.030200
0.536800
0.527100
0.524300
0.529000
0.526700
0.529400
0.526600
1.083500
0.537800
0.534900
0.541600
0.536500
0.538400
1.062700
0.521100
0.535500
0.538000
0.519800
0.530900
0.525100
0.536100
0.535300
0.533300
0.536800
0.537200
0.537400
0.535300
0.527600
0.535300
1.044900
0.527200
0.534600
0.194400
0.538900
0.532400
0.535800
0.534100
0.541600
1.049700
0.530100
0.534900
0.522200
0.534300
0.526400
0.532900
0.528600
0.538100
0.539600
0.533800
0.522900
0.534700
0.032700
0.528000
0.549900
0.537800
0.523700
0.532900
0.642300
0.537200
0.531800
1.047800
0.534100
0.525300
0.535000
0.531100
0.533500
1.077500
0.554200
0.529900
0.000000
0.533100
0.536500
0.535900
0.525200
0.534100
1.079200
0.000000
0.528300
0.520600
0.538100
0.013700
0.536200
0.540100
0.525900
0.526900
0.526500
0.545300
1.064100
0.538600
0.533700
0.526700
0.000000
0.532800
0.521200
0.537800
0.535500
0.535500
0.533700
0.520500
0.526400
0.000000
0.532200
0.538000
0.535400
0.529800
0.519700
0.544300
0.525700
0.528200
0.523300
0.535000
0.524300
0.533300
1.036000
0.546400
0.544600
0.524500
0.525800
0.560300
0.536700
0.535200
1.097000
0.543200
0.534500
0.525300
0.543900
0.532900
0.541500
0.541900
0.527300
0.536100
1.066100
0.523700
0.536900
0.508800
0.534900
0.533000
0.537200
0.535000
0.000000
0.529900
0.531800
0.541400
0.531600
0.525300
0.531900
0.522100
0.524000
0.542100
1.196200
0.529400
0.539700
0.000000
0.528900
0.541700
0.536600
0.536500
0.533600
1.090200
0.540700
0.537200
0.533400
0.534800
0.536600
0.543600
0.526700
0.539400
0.505800
1.595600
0.530600
0.523000
0.533300
0.534600
0.536300
0.530800
0.526000
0.534900
0.543900
0.531200
1.066800
0.531300
0.530900
0.524000
0.544500
0.536400
0.550700
0.531000
0.538600
0.000000
0.536400
1.067700
0.541800
0.537200
0.520200
0.000000
0.000000
0.521100
0.532900
0.532300
0.521700
0.531000
1.109600
0.535800
0.533400
0.534000
0.530300
0.530000
0.522200
0.523600
0.531400
0.526900
0.539100
1.057800
0.541700
0.527300
0.534400
0.520200
0.519200
0.536600
0.536900
0.530400
0.000000
0.531700
1.041600
0.523300
0.538300
0.535100
0.535700
0.510000
0.523600
0.532100
0.523600
1.063400
0.561900
0.551500
0.530500
0.530100
0.541400
0.506100
0.511100
0.527400
0.524900
1.098300
0.532800
0.530900
0.533200
0.000000
0.532500
0.530300
0.535100
0.531200
0.523600
1.077000
0.531800
0.542700
0.522200
0.530000
0.028200
0.537400
0.020200
0.544400
0.543000
1.168000
0.539100
0.536900
0.528600
0.540600
0.536900
0.506200
0.526300
0.534800
0.555200
0.527400
0.530700
0.550400
0.560900
0.000000
0.022300
0.532100
0.532900
0.567800
0.539200
1.070300
0.546900
1.047300
0.528600
0.530000
0.528600
0.534700
0.524800
0.532700
0.531100
0.507000
1.040400
0.534400
0.523500
0.529300
0.544100
0.535300
0.534000
0.534900
0.540600
0.536200
0.524300
0.531200
1.591100
0.528700
0.532700
0.532000
0.542300
0.534800
0.521900
0.533100
0.532500
0.545700
0.511400
1.105100
0.519200
0.544600
0.535400
0.541400
0.531900
0.000000
0.536500
0.529800
0.536600
1.044500
1.091600
0.533200
0.526600
0.532900
0.544700
0.544200
0.533500
0.534400
0.569000
0.534500
1.066400
0.518900
0.536300
0.532600
0.527300
0.576800
0.523300
0.532500
0.538700
0.564500
0.534600
0.030600
0.532400
0.534400
0.550700
0.000000
0.000000
0.534100
0.528300
0.532400
0.541400
1.086500
0.536700
0.531500
0.541000
0.548700
0.521500
0.526500
0.528700
0.557000
0.545500
0.528100
0.536000
0.529800
0.538100
0.571200
0.525100
0.553500
1.069800
0.529400
0.543200
0.530900
0.534600
0.520800
0.529100
0.029100
1.135000
0.537100
0.532700
0.529500
0.535200
0.506800
0.520800
0.000000
1.039800
0.535900
0.542900
0.524700
0.534300
0.532100
0.534200
0.535500
0.521600
1.148200
0.537600
0.508800
0.533000
0.528900
0.534400
0.519700
0.531400
0.508000
0.535700
0.522500
1.055900
0.531900
0.534900
0.531200
0.542100
0.516100
0.529500
0.534700
0.540600
0.529800
0.000000
0.000000
1.067900
0.521000
0.539900
0.523200
0.542600
0.528300
0.518000
0.530100
0.534400
0.523600
0.000000
0.538200
0.543600
1.051800
0.535600
0.529400
0.530100
0.541700
0.535000
0.530800
0.519800
0.532200
0.000000
0.529100
0.537900
0.540400
0.528700
0.523900
0.534200
0.534200
0.576500
0.530400
0.526600
0.535300
0.532200
0.524300
1.074000
0.535700
0.523300
0.530200
0.000000
0.540400
0.528600
0.523900
0.531000
0.545900
0.535800
1.062400
0.532000
0.537900
0.000000
0.536000
0.519200
0.545900
0.534200
0.542000
0.545700
0.544200
1.063300
0.025500
0.532700
0.518200
0.555300
0.028300
0.536700
0.530000
0.532100
0.523400
0.536200
1.166100
0.540200
0.546600
0.537800
0.000000
0.536100
0.526000
0.519700
0.520800
0.540500
0.533800
0.543000
0.526400
0.017800
0.545000
0.527700
0.530300
0.540100
0.537100
0.537500
0.536600
0.534400
0.521100
0.530600
1.091500
0.539700
0.532200
0.527200
0.540800
0.543700
0.528000
0.538100
0.536000
0.528600
0.551000
1.085400
0.531000
0.529200
0.535000
0.539400
0.528500
0.534400
0.549400
0.028100
0.530800
0.543600
0.545900
1.059500
0.530400
0.534600
0.537200
0.536700
0.539700
0.546500
0.533100
0.531500
0.506700
0.523900
1.067300
0.534400
0.522900
0.537900
0.000000
0.543700
0.536700
0.024900
1.074700
0.529800
0.531100
0.539100
0.529100
0.537200
0.531000
0.546300
1.072300
0.532900
0.530800
0.548500
1.032800
0.525100
0.548400
0.550300
0.534000
1.055900
0.522100
1.063700
0.621500
0.534200
0.532100
0.529700
0.533900
0.565200
0.523400
0.532600
0.531700
0.528900
0.538000
0.533200
0.000000
0.534200
1.135200
0.542900
0.522800
0.531700
0.529800
0.542800
0.532900
0.539100
1.071000
0.535700
0.530900
0.522800
0.534300
0.554800
0.534400
0.533000
0.540800
0.534400
0.529100
0.533900
1.069000
0.529100
0.530100
0.538300
0.543400
0.529100
0.537000
0.536600
1.077600
0.537200
0.535900
0.000000
0.541600
0.537100
0.539300
0.531300
0.559400
0.540800
0.534500
0.533800
0.528900
0.522700
0.507100
0.531700
0.523500
1.064800
0.523700
0.520700
0.540200
0.533600
1.033600
0.540700
0.552500
1.086300
0.545700
0.534800
0.526500
1.033000
0.541600
0.533100
0.536000
0.525400
1.076700
0.570700
0.526800
0.532000
0.540500
0.547000
0.532000
0.540900
0.535300
0.532800
1.062000
0.523200
0.000000
0.531100
0.544700
0.533800
0.530700
0.537200
0.535700
0.534200
1.047300
0.534200
0.536600
0.528300
0.533100
0.532800
0.531000
0.538800
0.534200
0.530100
0.672900
0.606000
0.531600
0.536000
0.533300
0.532800
0.541900
0.534100
0.529700
0.536800
0.030300
1.069800
0.527400
1.048700
0.534300
0.530100
0.526900
0.539500
0.524400
0.531400
0.524700
1.170000
1.026600
0.528800
1.054900
0.531800
0.534900
0.527100
0.528700
0.537000
0.532500
0.546300
0.529600
0.524600
0.541700
0.533600
0.535600
0.544900
0.522700
0.525400
0.532300
0.539800
1.061500
0.527200
0.528500
0.533300
0.532300
0.533300
0.526300
0.526800
0.545800
0.525900
0.536400
1.076200
0.534100
0.539100
0.538300
0.522700
0.545900
0.526500
0.519600
0.533000
0.529700
0.534500
0.603500
0.526600
0.525800
0.523200
0.530800
0.531300
0.539000
0.536600
0.534000
0.000000
0.541100
1.082100
0.536500
0.509300
0.532500
0.535400
0.530900
0.534600
0.527800
0.521800
0.525600
1.067500
0.023700
0.530700
0.000000
0.533200
0.536700
0.532800
0.533600
0.530200
0.536600
0.000000
1.052200
0.551100
0.538900
0.534000
0.519900
0.532900
0.534200
0.534200
0.531000
0.534300
0.533900
1.079400
0.535900
0.526600
0.530200
0.535800
0.029500
0.532600
0.538500
0.525000
1.049100
0.029200
0.546900
0.537600
0.527700
0.000000
0.540500
0.528900
0.532900
1.048700
0.535300
0.528300
0.530400
0.542000
0.523400
0.535400
0.538700
0.529200
0.551700
0.534400
0.531600
0.508600
0.000000
0.533100
0.547000
0.529200
0.539100
0.536000
1.145900
0.526300
0.534300
0.533300
0.013900
0.528200
0.537900
0.532500
0.000000
0.534100
0.508200
0.533100
0.533600
0.000000
0.533300
0.539900
0.531500
0.530300
0.532300
0.506900
1.049900
0.543300
0.534200
0.534300
0.528100
0.524700
0.536100
0.519500
0.530600
0.530600
1.076000
0.529800
0.564600
0.530300
0.526600
0.538700
0.534900
0.536300
0.528400
0.538300
0.523300
0.531200
0.534700
1.076300
0.543100
0.538400
0.545000
0.535300
0.542800
0.531500
0.540500
0.525500
0.532800
0.532400
0.538200
0.521100
0.538100
0.533000
0.526500
0.529700
0.533800
0.526700
0.532400
0.027700
0.521700
0.525600
1.063200
0.526300
0.506100
0.545900
0.531400
0.531500
0.531300
0.519900
0.532500
0.535900
0.000000
1.077900
0.000000
0.534700
0.027600
0.534400
0.539700
0.522300
0.523900
0.015200
0.526100
0.526200
1.037600
0.524700
0.526700
0.508500
0.533700
0.533000
0.000000
0.526400
0.536600
0.532600
0.527700
1.067500
0.533700
0.546600
0.540000
0.541900
0.524300
0.531000
0.533300
0.525800
0.531200
1.083400
1.054300
0.000000
0.536500
0.509000
0.525300
0.541100
1.018400
1.083700
0.533000
0.531700
0.537300
0.544900
0.532400
0.525300
0.540900
0.534200
1.048500
0.530800
0.530300
0.535900
0.534600
0.522600
0.508100
0.530300
0.591200
0.526700
0.530600
0.531400
0.510500
0.530100
0.534900
0.548800
1.113800
0.521200
1.056000
0.530000
0.544300
0.543900
0.540900
0.000000
0.537600
1.057200
0.532700
0.539200
0.534000
0.525500
0.529200
0.537200
0.547200
0.537800
0.527800
0.530400
0.537500
1.053100
0.522700
0.536200
0.536300
0.542700
0.541000
0.531500
0.552900
0.522900
0.533100
0.538000
1.135100
0.535800
0.523600
0.534800
0.520400
0.525300
0.533400
0.534800
0.534500
0.533200
0.528900
0.519900
1.072200
0.529200
0.536500
0.531100
0.534100
0.532500
0.526300
0.538100
0.000000
0.534100
0.518700
0.539900
1.103100
0.554400
0.533500
0.000000
0.537700
0.544100
0.524800
0.526100
0.537400
1.063400
0.523500
0.525900
0.027100
0.555400
0.533800
0.527900
0.530600
0.530700
0.539500
0.532800
0.523300
0.544700
0.000000
0.619800
0.538300
0.536500
0.526900
1.071900
0.535100
0.535800
0.532100
0.534200
0.538300
0.573700
0.528800
0.545400
0.533100
0.532200
0.529200
0.531500
0.532600
0.537800
0.542500
0.533600
1.032400
1.046200
0.523000
1.047400
0.019300
0.538200
0.528000
0.024300
0.528900
0.509400
1.041300
1.045900
0.511100
0.529700
0.532500
0.569900
0.545100
0.534000
1.053800
0.533600
0.533500
1.084100
0.508000
0.535700
0.543700
0.530300
0.521700
0.508800
0.533400
0.530500
0.520900
0.535700
1.074800
0.537600
0.522500
0.529300
0.525400
0.531300
0.533500
0.521500
0.511200
0.000000
0.036500
0.523500
1.071700
0.541000
0.534200
0.542300
0.540400
0.531400
0.532200
0.000000
0.000000
0.532100
0.549200
0.529800
0.524300
1.082800
0.537200
0.029200
0.523700
0.540300
0.525200
0.526700
0.535500
0.524700
0.534800
0.531900
0.525100
1.067200
0.528700
0.536500
0.537500
0.523300
0.530700
0.528200
0.535600
0.506700
0.530100
0.535300
0.532500
1.092200
0.532500
0.571400
0.546400
0.528700
0.525600
0.525700
0.535500
0.000000
0.520600
0.544300
1.098800
0.533000
0.532300
0.539200
0.539100
0.528100
0.542900
0.544300
0.533600
0.531000
0.528100
1.076100
0.538600
0.022100
0.025800
0.539500
0.506800
0.534600
0.533700
0.527700
0.532100
0.537300
1.573500
0.542300
0.539300
0.537100
0.530400
0.551600
0.533900
0.542400
0.534300
0.533700
0.532700
1.082900
0.536000
0.546400
0.520200
0.520300
0.534900
0.529800
0.033600
0.525400
0.531100
0.542700
0.528800
0.526200
0.531900
0.537400
0.525100
0.538200
0.529800
0.526800
1.055800
0.522100
0.531200
0.527900
0.535000
0.540200
0.539400
0.541200
0.525600
1.587600
0.535400
0.538000
0.027900
0.532600
0.530600
0.021200
0.536900
0.042200
0.015500
1.048700
0.540000
0.534400
0.522000
0.537200
0.532900
0.000000
0.531400
0.529000
0.548800
0.538900
0.544000
0.538500
0.522100
0.539200
0.542800
0.533600
0.522700
1.049000
0.532000
0.530900
0.534800
0.536400
0.032800
0.528100
0.542000
0.526100
0.000000
0.521700
0.532300
0.524400
0.531200
0.000000
0.535500
0.533700
1.069900
0.533600
0.527400
0.528100
0.536700
1.155200
0.536900
0.545900
0.552000
0.524300
0.536700
0.544100
0.521100
0.543600
0.550800
0.533100
0.536300
0.025000
0.536600
0.531000
0.531200
0.529000
0.532600
0.532500
0.528800
0.534000
0.520700
0.521000
0.529200
0.534000
0.537600
0.531400
0.000000
0.536900
0.543300
0.000000
0.000000
0.539100
0.536600
0.536100
0.543200
0.534500
0.556800
0.535800
0.000000
0.530500
0.530700
0.532700
0.526300
0.543500
0.546600
0.535500
0.532100
0.539700
0.535000
0.526700
0.524900
0.000000
0.024800
0.525500
0.522000
0.531900
1.073800
0.528400
0.531400
0.525100
0.528800
0.000000
0.533600
0.523900
0.521500
0.532600
1.042400
0.524000
0.024100
0.533100
0.509700
0.527500
0.542700
0.525600
0.000000
0.520300
0.523200
1.099000
0.027100
0.538100
0.546800
0.538700
0.531600
0.526100
0.535200
0.530900
0.525000
1.039900
0.651500
0.536800
0.521600
0.525000
0.506300
0.544500
0.527900
0.000000
0.535400
0.524000
0.540300
0.534400
0.522100
0.529800
0.528600
0.527100
0.531200
0.539200
0.533600
0.532300
0.527100
0.520500
1.062500
0.534400
0.536500
0.530100
0.534500
0.525600
0.530400
0.524500
0.533700
0.528500
0.537100
0.532300
1.139200
0.530700
0.522200
0.530300
0.508900
0.000000
0.530700
0.000000
0.535200
0.535600
0.533400
0.533000
0.530300
0.565500
0.547100
0.533200
0.542000
0.536800
0.533400
0.532100
0.532800
0.520600
0.537900
0.526200
0.539100
1.164400
0.530400
0.526800
0.531200
0.536200
0.533600
0.525800
0.535500
0.000000
0.533000
0.529800
0.511900
0.028100
0.525900
0.541600
0.537600
0.538500
0.536500
0.537800
0.535100
0.551500
0.000000
0.023800
0.520100
1.059100
0.528100
0.530600
0.545200
0.530400
0.533800
0.509200
0.539800
0.530600
0.538500
0.000000
1.056200
0.535000
0.533300
0.531800
0.535500
0.524500
0.531700
0.531700
0.529100
0.525600
0.528600
1.063700
0.530000
0.530800
0.508800
0.546500
0.544700
0.507400
0.529400
0.539800
0.529200
0.535900
0.555600
0.530700
0.527100
0.539500
0.550600
0.523600
0.523600
0.532400
0.541000
0.532200
1.067900
0.029300
0.527200
0.533600
0.533400
0.536100
0.534400
0.537400
0.000000
0.532900
1.062000
0.532900
0.531800
0.532600
0.564700
0.534900
0.539600
0.535800
0.000000
0.523000
0.019000
1.074800
0.534400
0.527200
0.526000
0.528600
0.542300
0.539500
0.532300
0.511700
0.533000
1.052000
0.538900
0.000000
0.532500
0.532400
0.531300
0.532300
0.528800
0.546700
0.520500
0.537800
0.529700
0.532500
0.535100
0.541000
0.532200
0.530300
0.507600
0.000000
0.532100
1.035000
0.000000
0.536700
0.000000
0.519400
0.537400
0.527800
0.534100
0.530900
0.533200
0.541400
0.533700
0.532400
0.533700
0.525300
0.540900
0.000000
0.526100
0.538000
0.545200
1.070400
0.533300
0.523000
0.546800
0.507900
0.526800
0.535500
0.531700
0.566600
0.529000
0.535600
0.520700
0.533500
0.532900
0.535000
0.529800
1.064300
0.521600
0.530400
0.530200
0.526000
0.532200
0.522200
0.536300
0.534000
1.075500
0.520100
0.532500
0.526400
0.525500
0.000000
0.529300
0.529600
1.068600
0.532100
0.532800
0.531600
0.534700
0.530700
0.532900
0.537800
0.537800
1.093500
0.529200
0.544000
0.539200
0.529500
0.532900
0.533200
0.531700
0.533600
0.535000
0.532600
0.525800
0.527500
0.539500
0.521300
0.521100
0.541700
0.537000
0.604800
0.529400
0.509100
0.536100
0.532800
0.508100
0.537700
0.542300
1.034300
0.519800
0.535800
0.542600
0.527500
0.532700
0.528500
0.000000
0.532600
1.072900
0.532100
0.522300
0.539700
0.534000
0.529500
0.522000
0.530700
0.583100
0.531000
0.529900
0.523100
0.532800
0.540800
0.525600
0.545400
0.587600
0.525000
0.535100
0.524100
0.536800
0.527000
0.532200
0.533200
0.534500
1.070600
0.537300
0.530300
0.533800
0.530300
0.559000
0.519800
0.523600
0.541500
1.079000
0.532800
0.548600
0.524700
0.527300
0.532700
0.000000
0.506400
0.533400
1.076100
0.537300
0.022800
0.000000
0.538000
0.527300
0.536200
0.045500
0.523400
1.092900
0.523900
0.523000
0.541500
0.522400
0.526500
0.507800
0.535700
0.013200
0.544100
0.541700
1.074900
0.520800
0.024400
0.531200
0.535100
0.536100
0.535500
0.539200
0.532200
0.524000
0.525200
0.522200
1.047500
0.537800
1.057000
0.548000
1.032100
0.532200
0.525300
0.530200
0.535500
0.531200
1.043000
1.068300
0.525600
0.532700
0.542600
0.534600
0.538200
0.534100
0.529300
0.525400
0.540500
0.543700
0.532400
1.074200
0.536100
0.000000
0.544900
0.534200
0.530800
0.535900
0.529500
0.526900
0.523400
0.534400
0.541600
0.536900
0.526700
0.523600
0.529700
0.537800
0.531200
0.013600
0.545300
0.542400
0.529200
0.525100
1.059100
0.544900
0.540400
0.531700
0.525500
0.030300
0.530900
0.534200
0.534800
0.534500
0.000000
1.112600
0.536300
0.530300
0.545700
0.537400
0.525000
0.533900
0.509600
0.543600
0.528900
0.530100
1.044700
0.533900
0.530300
0.509100
0.531000
0.000000
0.535300
0.025900
0.533000
0.533500
0.000000
0.533500
0.537700
0.541900
0.535800
0.566300
0.533400
0.000000
0.521500
0.522700
0.533600
1.079900
0.561800
0.532300
0.525200
0.532000
0.522900
0.531800
0.532800
0.544600
0.528600
0.523100
0.539000
0.526800
0.540400
0.534100
0.526900
0.510900
0.525500
0.535000
0.525000
2.378000
0.521000
0.529100
0.529700
0.534100
0.532200
0.533200
0.000000
0.525800
1.098700
0.032000
0.526200
0.530200
0.000000
0.526900
0.532300
0.534600
0.534600
0.534700
0.521800
0.537300
1.063300
0.000000
0.537700
0.530300
0.533700
0.537000
0.540300
0.558300
0.519400
0.536900
0.526100
0.532900
0.508800
0.531900
0.535500
0.523800
0.540600
0.534900
0.525400
0.528000
0.535900
0.533000
0.536300
0.536600
0.528400
0.535400
0.531300
0.000000
0.533000
1.032500
0.531000
0.557700
0.535000
0.533900
1.053800
0.530300
0.533300
0.000000
0.534500
0.528600
0.532200
0.543700
0.539200
0.535600
0.527400
0.582500
0.532900
0.532000
0.528200
0.529900
0.533400
0.536200
0.536500
0.509600
0.594000
0.532000
0.527700
0.531900
0.532000
0.526800
0.527300
0.530800
0.536600
0.506800
1.048000
0.535200
0.539300
0.528700
0.525400
0.000000
0.533300
0.522800
0.524900
0.526100
0.535000
1.049500
0.532300
0.534800
0.539600
0.527100
0.539600
0.529200
0.536800
0.525700
0.534300
0.530200
1.079000
0.541400
0.025800
0.530600
0.526100
0.533500
0.024800
0.532900
0.539400
0.523300
0.536400
0.540500
0.635600
0.547700
0.529600
0.534800
0.541800
0.537900
0.536700
0.000000
0.523200
0.528900
0.524200
0.542200
0.543200
0.541800
0.532700
0.534500
0.523800
0.535800
0.536200
0.538600
0.536200
0.526100
0.537800
1.062800
0.535100
0.507000
0.540400
0.524200
0.526700
0.526300
0.530500
0.532200
0.554200
0.535500
0.527200
0.552300
0.518200
0.526400
0.530300
0.540300
0.536700
0.522600
1.107600
0.535100
0.524400
0.537000
0.507700
0.529500
0.530700
0.534800
0.521100
0.528900
1.051900
0.540000
0.031400
0.525400
0.508000
0.531800
0.507900
0.536500
0.531200
0.536300
0.533900
1.573200
0.533700
0.534600
0.027500
1.035800
0.026300
0.535400
0.557500
0.531500
0.506800
1.057900
0.522300
0.544400
0.537300
0.525400
0.542900
0.543900
0.523600
1.060500
0.540400
0.506200
0.519600
1.067900
0.000000
0.523600
0.025000
0.522500
0.536600
0.509000
0.542900
0.000000
0.536900
0.521800
0.534000
1.079800
0.533500
0.527800
0.528600
0.538400
0.521000
0.522800
0.525600
0.539400
0.522000
1.108900
0.520500
0.546900
0.529400
0.537400
0.528200
0.540500
0.534600
0.530600
0.540900
0.521100
0.538100
0.535500
0.545000
0.526500
0.526900
0.532300
0.534400
0.530300
1.034800
0.000000
0.531300
0.537200
0.553300
0.533500
0.534100
0.530700
0.533400
1.051000
0.535300
0.525300
0.531600
0.541200
0.538300
0.533400
0.531900
0.520900
0.541500
0.558700
0.535200
0.535300
0.527500
0.535400
0.535200
0.000000
0.535000
0.530000
0.534500
0.540600
0.528600
0.539500
0.521100
0.534800
0.533100
0.534300
0.516800
0.531900
1.083900
0.535500
0.528400
0.535600
0.535200
0.525600
0.535100
0.531200
0.533600
0.525100
0.529300
0.560500
0.536900
0.521600
0.535400
0.000000
0.000000
0.000000
0.526500
0.000000
0.000000
0.531200
0.526700
0.530400
0.518900
0.532800
0.529200
0.520700
0.532600
0.531300
0.536600
0.532100
0.540600
0.534300
1.052700
0.534600
0.534100
0.536800
0.535900
0.531100
0.024300
0.534100
0.530800
0.536900
0.530300
1.187800
0.534700
0.521200
0.523600
0.532700
0.537800
0.531500
0.534200
0.534700
0.530900
0.526700
0.534500
0.541200
0.532800
0.542700
0.529900
1.031400
0.538400
0.530600
0.524300
0.535500
1.070600
0.526100
0.533600
0.531100
0.536000
0.546000
0.524600
0.526400
0.506700
0.534800
0.533100
1.041200
0.530500
0.533900
0.530100
0.528700
0.538800
0.526400
0.521600
0.507500
0.535800
1.082800
0.529700
0.543600
0.531500
0.520200
0.505000
0.535400
0.533500
0.535400
0.527000
1.049900
0.539200
0.530300
0.534900
0.520200
0.534300
0.537100
0.535700
0.538500
0.000000
0.530900
0.536000
0.531800
0.521800
0.529900
0.532000
0.532500
0.537300
0.545800
0.528900
0.529500
0.600200
0.539300
0.523300
0.506900
0.534000
0.539500
0.519000
0.000000
0.529300
0.534200
0.532200
0.542000
0.534100
0.538300
0.533500
0.545400
0.549000
