0.528700
0.535200
0.538400
0.653700
0.537600
0.582200
0.532400
0.541000
0.539500
0.524300
0.582500
0.532000
0.530700
0.589200
0.523200
0.524500
0.539700
0.517900
0.577300
0.522000
0.577900
0.538000
0.544000
0.561200
0.522100
0.540900
0.544000
0.669500
0.602200
0.646700
0.602100
0.526300
0.653100
0.536400
0.549500
0.528400
0.534100
0.527600
0.590900
0.532500
0.633000
0.625700
0.539100
0.584300
0.542200
0.677200
0.548900
0.598300
0.633600
0.517600
0.581100
0.534000
0.525900
0.564900
0.525200
0.514800
0.561800
0.534700
0.521600
0.544800
0.534400
0.562600
0.521600
0.526200
0.661400
0.523000
0.587500
0.618300
0.614800
0.526200
0.603700
0.543200
0.532600
0.535300
0.940500
0.525300
0.667200
0.538800
1.635000
0.533000
0.527500
0.548400
0.523400
0.639900
0.528600
0.522600
0.549300
0.636500
0.678800
0.652300
0.520300
0.584700
0.669000
0.699900
0.528700
0.638500
0.558100
0.534500
0.588700
0.612800
0.536700
0.582000
0.000000
0.000000
0.579900
0.639600
0.508700
0.532400
0.524900
0.532100
0.585100
0.575600
0.526400
0.625600
0.000000
0.533800
0.547100
0.524500
0.654100
0.000000
0.523900
0.611300
0.000000
0.523900
0.545100
0.704500
0.537600
0.541700
0.524100
0.525800
0.629600
0.555100
0.530400
0.657900
0.524500
0.529900
0.532700
0.000000
0.526200
0.521300
0.585300
0.516400
0.000000
0.550800
0.527600
0.551700
0.541300
5.796000
0.531200
0.529500
0.668800
0.000000
0.525000
0.545800
0.530900
0.000000
0.022900
0.613200
0.000000
0.000000
0.631000
1.055600
0.584000
0.531000
0.563800
0.522400
0.000000
0.000000
0.630700
0.000000
0.530600
0.609800
0.554400
0.509900
0.534300
0.520500
0.524200
0.541400
0.570000
0.530900
0.000000
0.507500
0.510500
0.638100
0.522600
0.625000
0.531700
0.000000
0.532200
0.520200
0.000000
0.000000
0.020400
0.000000
0.000000
0.522300
0.535900
0.533100
0.538400
0.000000
0.596800
0.536200
0.585500
0.647800
0.523500
0.523300
0.573500
0.524400
0.525500
0.521300
0.532300
0.557300
1.807000
0.528200
0.548300
0.000000
0.000000
0.522500
0.635100
0.560800
0.524200
0.517900
0.528300
0.000000
0.600900
0.000000
0.524200
0.529900
0.000000
0.521200
0.694900
0.000000
0.517100
0.538900
0.620600
0.556900
0.609600
0.526800
0.000000
0.587300
0.526300
0.539300
0.521500
1.592000
0.566800
0.583900
0.526100
0.000000
0.000000
0.515800
0.000000
0.523600
0.000000
0.555700
0.508200
0.564400
0.000000
0.507000
0.523200
0.625100
0.539300
0.000000
0.534600
0.524700
0.000000
0.550200
0.000000
0.580900
0.000000
0.000000
0.534500
0.580600
0.509300
0.000000
0.596400
0.533300
0.615000
0.523900
0.000000
0.000000
0.530800
0.000000
0.524800
0.517200
0.000000
0.000000
0.000000
0.609400
0.000000
0.531900
0.534200
0.529500
0.558400
0.517400
0.516200
0.528200
0.000000
0.582100
0.525700
0.600600
0.543500
0.570600
0.569600
0.627600
0.577600
0.523000
0.683400
0.598500
0.000000
0.521300
0.540400
0.512300
0.000000
0.530200
0.526500
0.000000
0.510600
0.524900
0.535900
0.000000
0.000000
0.508200
0.622500
0.000000
0.086000
0.524200
0.561400
0.000000
0.628100
0.000000
0.666100
0.000000
0.509500
0.538200
0.000000
0.598600
0.573700
0.530100
0.602100
0.507500
0.524500
0.000000
0.537900
0.510400
0.000000
0.519500
0.531200
0.661200
0.551900
0.527600
0.000000
0.000000
0.530700
0.000000
0.000000
0.527300
0.520500
0.449000
0.536700
0.023100
0.507200
0.000000
0.524000
0.000000
0.538100
0.537900
0.525500
0.549800
0.596200
0.637800
0.538400
0.526900
0.524500
0.543200
0.509900
0.649800
0.535900
0.602400
0.563300
0.555100
0.543400
0.569400
0.642000
0.000000
0.517800
0.000000
0.519200
0.000000
0.523400
0.529400
0.000000
0.000000
0.586600
0.522300
0.596700
0.540200
0.524800
0.519100
0.610000
0.572600
0.630600
0.520300
0.586500
0.688000
0.561100
0.543200
0.516000
0.529400
0.533300
0.524600
0.549100
0.000000
0.538100
0.565700
0.518800
0.568600
1.064800
0.554200
0.524800
0.000000
0.000000
0.601600
0.527000
0.660000
0.615200
0.560900
0.534200
0.528500
0.595800
0.522200
0.000000
0.024300
0.000000
0.531900
0.536900
0.000000
0.540600
0.535200
0.517700
0.000000
0.584200
0.000000
0.613700
0.000000
0.508800
0.519700
0.559700
0.564100
0.000000
0.535400
0.610300
0.000000
0.522900
0.600900
0.551300
0.519100
0.541500
0.000000
0.598900
0.000000
0.000000
0.525800
0.000000
0.521900
0.000000
0.522600
0.543500
0.538800
0.508700
0.542200
0.662500
0.517000
0.619000
0.529500
0.610500
0.641600
0.535500
0.623700
0.649100
0.000000
0.531800
0.549500
0.581000
0.528000
0.000000
0.000000
0.635800
0.519400
0.000000
0.508200
0.518600
0.556700
0.557200
0.000000
0.000000
0.575300
0.000000
0.609700
0.531800
0.550800
0.525200
0.537000
0.526500
0.000000
0.543500
0.514200
0.518300
0.576700
0.000000
0.545100
0.614100
0.536200
0.624000
0.519600
0.534200
0.553400
0.531800
0.584100
0.519400
0.543600
0.548000
0.000000
0.517300
0.664500
0.634700
0.584500
0.000000
0.527100
0.543200
0.000000
0.506000
0.599100
0.528200
0.598800
0.023400
0.545500
0.000000
0.535800
0.000000
0.539500
0.561200
0.514700
0.594000
0.525700
0.657200
0.542600
0.000000
0.519300
0.574800
0.550700
0.000000
0.629700
0.529200
0.535400
0.539000
0.534700
0.533400
0.000000
0.000000
0.525800
0.534700
0.000000
0.519800
0.000000
0.529600
0.000000
0.576500
0.605100
0.525100
0.518800
0.000000
0.586900
0.000000
0.524000
0.000000
0.582400
0.521500
0.000000
0.522000
0.642200
0.000000
0.515900
0.555900
0.530700
0.526300
0.621100
0.536800
0.609800
0.000000
0.543800
0.522800
0.508100
0.000000
0.523800
0.508700
0.552200
0.659800
0.566400
0.530800
0.508600
0.530800
0.000000
0.532000
0.650600
0.593000
0.535000
0.528600
0.000000
0.530200
0.538100
0.521700
0.506000
0.529600
0.535200
0.521700
0.588600
0.527500
0.637300
0.638100
0.000000
0.530700
0.523300
0.554700
0.000000
0.000000
0.000000
0.624000
0.529800
0.000000
0.533200
0.650200
0.531500
0.598700
0.540000
0.575300
0.529300
0.000000
0.000000
0.518200
0.533300
0.000000
0.530900
0.659600
0.529500
0.000000
0.000000
0.324300
0.511400
0.000000
0.000000
0.023300
0.524100
0.510000
0.522400
0.510700
0.567800
0.518500
0.524200
1.065200
0.521000
0.533800
0.518700
0.579500
0.541100
0.580900
0.540600
0.000000
0.000000
0.575000
0.566800
0.518500
0.528200
0.624000
0.515800
0.521900
0.543300
0.506700
0.522600
0.623800
0.543100
0.517000
0.524200
0.515200
0.534600
0.522200
0.000000
0.579200
0.516100
0.535200
0.525400
0.555600
0.556800
0.606700
0.556900
0.000000
0.557500
0.539100
0.000000
0.519300
0.659900
0.000000
0.000000
0.538800
0.524800
0.583900
0.506300
0.533800
0.594300
0.556600
0.000000
0.515700
0.541400
0.648600
0.648300
0.604700
0.530500
0.603700
0.524700
0.527400
0.581600
0.548800
0.000000
0.531800
0.539000
0.505600
0.000000
0.519700
0.524200
0.795100
0.000000
0.568300
0.000000
0.521700
0.542900
0.513100
0.647400
0.518500
0.524700
0.617600
0.513600
0.580500
0.000000
0.648100
0.524400
0.000000
0.000000
0.518200
0.622500
0.551500
0.000000
0.000000
0.000000
0.508900
0.016800
0.616200
0.213300
0.517500
0.519900
0.517400
0.000000
0.582200
0.543500
0.569700
0.000000
0.622200
0.000000
0.000000
0.603400
0.000000
0.577700
0.508800
0.000000
0.597900
0.557800
0.000000
0.539100
0.522900
0.579500
0.564400
0.507500
0.507800
0.608500
0.550000
0.517500
0.627600
0.000000
0.000000
0.566600
0.536700
0.000000
0.537700
0.532000
0.538200
0.000000
0.576700
0.000000
0.552500
0.519300
0.000000
0.529200
0.529300
0.538000
0.536600
0.606300
0.508100
0.000000
0.531100
0.000000
0.571000
0.000000
0.514700
0.000000
0.633300
0.000000
0.543600
0.505400
0.000000
0.550700
0.023300
0.641400
0.000000
0.000000
0.552700
0.000000
0.000000
0.635900
0.547100
0.506900
0.523000
0.535800
0.550200
0.000000
0.541900
0.000000
0.000000
0.000000
0.554300
0.520700
0.000000
0.527000
0.646800
0.518600
0.538700
0.000000
0.524600
0.538300
0.000000
0.000000
0.521800
0.578100
0.516500
0.571400
0.518400
0.000000
0.587200
0.506000
0.000000
0.548500
0.538600
0.000000
0.523700
0.000000
0.000000
0.565200
0.622500
0.523700
0.611900
0.000000
0.515600
0.507300
0.627700
0.029000
0.000000
0.000000
0.529900
0.508700
0.575500
0.536600
0.544100
0.631200
1.070500
0.000000
0.507700
0.522500
0.571200
0.537200
0.537700
0.571300
0.523500
0.518400
0.519900
0.667000
0.590600
0.574000
0.537800
0.585000
0.554200
0.645200
0.528900
0.535300
0.000000
0.553400
0.530600
0.583300
0.521100
0.609500
0.612100
0.000000
0.525600
0.524300
0.536400
0.536900
0.619400
0.556200
0.000000
0.554900
0.630000
0.627800
0.517100
0.000000
0.529400
0.645600
0.597600
0.549400
0.545700
0.576500
0.545100
0.116000
1.122700
0.526700
0.621600
0.000000
0.648700
0.527400
0.535800
0.000000
0.562500
0.523600
0.638800
0.000000
0.638200
0.519800
0.520900
0.661000
0.000000
0.538200
0.655100
0.608900
0.627300
0.000000
0.000000
0.000000
0.523400
0.612700
0.565700
0.520800
0.522100
0.537300
0.000000
0.000000
0.532700
0.607900
0.000000
0.000000
0.553400
0.633100
0.579100
0.553700
0.000000
0.000000
0.000000
0.540500
0.514600
0.528900
0.529500
0.000000
0.506800
0.530500
0.523600
0.518000
0.523700
0.531000
0.529700
0.522300
0.539800
0.551400
0.532800
0.606200
0.569800
0.508600
0.580200
0.000000
0.545800
0.611500
0.623200
0.536400
0.529300
0.000000
0.532300
0.514600
0.000000
0.538100
0.524200
0.523100
0.539500
0.550000
0.634400
0.563700
0.000000
0.000000
0.541300
0.545300
0.000000
0.000000
0.527700
0.523300
0.526500
0.000000
0.000000
0.000000
0.547500
0.000000
0.627300
0.622300
0.531600
0.000000
0.000000
0.525200
0.000000
0.506600
1.072800
0.000000
0.632700
0.532100
0.515900
0.529300
0.527800
0.533800
0.543000
1.292600
0.535200
0.000000
0.521900
0.519700
0.524800
0.551500
0.537700
1.079300
0.600600
0.000000
0.548500
0.605400
0.508500
0.509300
0.525000
0.000000
0.527900
0.608900
0.507900
0.533600
0.523300
0.655200
0.544500
0.520700
0.000000
0.564700
0.526800
0.589200
0.000000
0.000000
0.639000
0.000000
0.000000
0.524100
0.558100
0.509200
0.523900
0.530200
0.000000
0.544600
0.527700
0.000000
0.603400
0.536900
0.628200
0.535000
1.006100
0.531700
0.000000
0.522800
0.629800
0.671700
0.532600
0.569700
0.000000
0.526000
1.087800
0.507900
0.174000
0.000000
0.527100
0.000000
0.542100
0.616100
0.610400
0.549200
0.621600
0.524800
0.524100
0.643200
0.000000
0.000000
0.534500
0.661400
0.522600
0.522400
0.524900
0.568400
0.621300
0.000000
0.520000
0.000000
0.558600
0.000000
0.650400
0.000000
0.514800
0.556100
0.595700
0.577700
0.522000
0.527200
0.607900
0.000000
0.000000
0.576500
0.522300
0.000000
0.597800
0.644900
0.000000
1.079600
0.000000
0.630000
0.593300
0.000000
0.639100
0.628500
0.535000
0.652800
0.551400
0.000000
0.530500
0.000000
0.557600
0.000000
0.540800
0.000000
0.522400
0.515000
0.522500
0.517500
0.586900
0.613800
0.667100
0.526700
0.632400
0.632600
0.510000
0.524200
0.506700
0.589600
0.629100
0.631300
0.535800
0.000000
0.563800
0.583800
0.522700
0.516000
0.679700
0.607400
0.523900
0.532000
0.519200
1.100400
0.525300
0.000000
0.545900
0.549700
0.000000
0.518500
0.522200
0.515700
0.603700
0.602000
0.532000
0.643500
0.588500
0.558400
0.523200
0.544100
0.000000
0.000000
0.692700
0.531000
0.576300
0.530300
0.532800
0.000000
0.000000
0.000000
0.529500
0.000000
0.775700
0.596300
0.535200
0.000000
0.000000
0.519500
0.000000
0.000000
0.546500
0.527400
0.575000
0.536800
0.543100
0.559900
0.612100
0.527300
0.583200
0.511200
0.529700
0.000000
0.548900
0.518900
0.552400
0.534100
0.533700
0.000000
0.000000
0.520600
0.538200
0.000000
0.523500
0.534100
0.710300
0.519200
0.527500
0.533400
0.508600
0.531500
0.599900
0.000000
0.552400
0.531700
0.550200
0.000000
0.529100
0.518500
0.000000
0.662500
0.641000
0.514700
0.522500
0.542500
0.641500
0.000000
0.524400
0.543900
0.524200
0.542100
0.544400
0.559200
0.528900
0.000000
0.528900
0.615200
0.603000
0.561700
0.526000
0.635000
0.000000
0.629200
0.524500
0.524000
0.521700
0.528900
0.000000
0.000000
0.000000
0.508400
0.000000
0.525800
0.522000
0.514000
0.561300
0.607500
0.529200
0.000000
0.000000
0.613100
0.000000
0.604000
0.534500
0.519400
0.000000
0.000000
0.533200
0.000000
0.000000
0.558300
0.000000
0.606200
0.620800
0.522900
0.593000
0.000000
0.538900
0.000000
0.533500
0.612100
0.508800
0.584000
0.526000
0.530700
0.000000
0.000000
0.595000
0.515500
0.541100
0.000000
0.567700
0.552800
0.000000
0.524800
0.000000
0.601900
0.531500
0.541200
0.000000
0.508200
0.576800
0.607500
0.514600
0.544900
0.000000
0.536200
0.000000
0.523000
0.680400
0.628700
0.520700
0.527400
0.527600
0.533400
0.534500
0.000000
0.538400
0.629300
0.576900
0.000000
0.679300
0.563300
0.516900
0.561500
0.000000
0.638200
0.517200
0.000000
0.714800
0.546300
0.000000
0.530200
0.541400
0.514200
0.619400
0.000000
0.517000
0.524400
0.555900
0.000000
0.574100
0.584000
0.535500
0.000000
0.000000
0.000000
0.520200
0.609100
0.523500
0.000000
0.560300
0.654800
0.522300
0.507300
0.522100
0.541800
0.521800
0.651600
0.585300
0.518500
0.642900
0.522400
0.551800
0.000000
0.526800
0.611300
0.000000
0.639800
0.533100
0.529200
0.593800
0.564600
0.000000
0.506700
0.000000
0.509100
0.000000
0.515700
0.000000
0.514600
0.616800
0.525400
0.536900
0.556300
0.620900
0.663600
0.678800
0.527900
0.642500
0.000000
0.000000
0.550100
0.000000
0.616300
0.528000
0.000000
0.000000
0.000000
0.528400
0.514900
0.541000
0.516900
0.664800
0.000000
0.527200
0.624200
0.529000
0.000000
0.000000
0.000000
0.580300
0.560600
0.545500
0.533900
0.000000
0.577400
0.000000
0.600700
0.000000
0.615800
0.626100
0.000000
0.000000
0.525700
0.621800
0.000000
0.505800
0.000000
0.000000
0.000000
0.542700
0.526400
0.671700
0.563100
0.548100
0.000000
0.604700
0.657700
0.519700
0.596100
0.673500
0.000000
0.509400
0.566600
0.527500
0.530100
0.573300
0.579500
0.523500
0.569900
0.578700
0.529000
0.529900
0.526500
0.000000
0.613800
0.535100
0.652300
0.000000
0.533000
0.525600
0.000000
0.520000
0.565200
0.558600
0.522000
0.634200
0.000000
0.532500
0.647800
0.518500
0.000000
0.567700
0.527200
0.655100
0.557000
0.000000
0.615700
0.000000
0.000000
0.526800
0.610800
0.557200
0.537100
0.000000
0.628000
0.510500
0.000000
0.534900
0.519100
0.000000
0.000000
0.000000
0.518700
0.534700
0.523600
0.533400
0.652000
0.537000
0.506200
0.531700
0.000000
0.000000
0.590200
0.532100
0.553000
0.000000
0.213700
0.567400
0.529600
0.556000
0.535800
0.616800
0.000000
0.547300
0.632100
0.529400
0.523000
0.616500
0.561600
0.528400
0.520800
0.575600
0.000000
0.537000
0.526700
0.000000
0.000000
0.000000
0.533900
0.554800
0.528700
0.000000
0.533600
0.535400
0.546200
0.000000
0.518800
0.522400
0.637700
0.517400
0.522400
0.526300
0.525000
0.615900
0.000000
0.000000
0.585700
0.508400
0.000000
0.000000
0.515800
0.521400
0.000000
0.000000
0.530200
0.534100
0.524100
0.522800
0.562100
0.593600
0.514300
0.522800
0.627400
0.533700
0.621400
0.607800
0.528200
0.519700
0.000000
0.546800
0.540300
0.000000
0.509800
0.524400
0.539500
0.000000
0.524400
0.000000
0.526800
0.000000
0.613500
0.614400
0.654400
0.549400
0.598300
0.000000
0.524800
0.000000
0.000000
0.534600
0.518800
0.580900
0.522200
0.531600
0.517800
0.639700
0.547700
0.516700
0.523800
0.634600
0.565200
0.530900
0.588300
0.516300
0.618800
0.000000
0.585600
0.000000
0.529500
0.584900
0.669300
0.000000
0.605500
0.571800
0.000000
0.522300
0.000000
0.541500
0.000000
0.539200
0.525000
0.510400
0.530000
0.524800
1.106900
0.529300
0.521100
0.507500
0.532000
0.577500
0.000000
0.531400
0.507400
0.682200
0.544300
2.111900
0.560000
0.647100
0.527500
0.546100
0.640200
0.657300
0.518500
0.024900
0.572300
0.525400
0.000000
0.526900
0.584400
0.534500
0.507100
0.524500
0.659300
0.587000
0.000000
0.633300
0.541100
0.550200
0.522900
0.538500
0.514200
0.614600
0.000000
0.520000
0.536200
0.642100
0.530000
0.000000
0.658100
0.528100
0.000000
0.000000
0.684500
0.000000
0.000000
0.531700
0.604800
0.000000
0.000000
0.583700
0.000000
0.000000
0.000000
0.571900
0.540300
0.636500
0.556200
0.612900
0.536700
0.662700
0.522200
0.599900
0.000000
0.528200
0.574100
0.591200
0.509100
0.000000
0.548200
1.027800
0.536000
0.596800
0.523700
0.548000
0.628800
0.513100
0.538400
0.530900
0.527200
0.511000
0.000000
0.559900
0.522800
0.523400
0.546900
0.517200
0.000000
0.531400
0.000000
0.573100
0.523900
0.530200
0.565000
0.515400
0.529000
2.120400
0.522000
0.532300
0.000000
0.000000
0.524300
0.646500
0.000000
0.522000
0.539700
0.000000
0.517300
0.000000
0.506900
0.534500
0.624000
0.527400
0.533100
0.000000
0.635200
0.644600
0.000000
0.543000
0.599000
0.532900
0.542500
0.524100
0.000000
0.000000
0.521200
0.000000
0.535300
0.546700
0.532500
0.509300
0.506800
0.555600
0.000000
0.508200
0.520100
0.627400
0.506800
0.000000
0.621300
0.528000
0.507700
0.604100
0.540100
0.525100
0.635300
0.000000
0.536200
0.521400
0.537700
0.521200
0.000000
0.673400
0.530600
0.537400
0.506900
0.612200
0.523300
0.567100
0.538100
0.538300
0.000000
0.526100
0.507900
0.665700
0.569000
0.555100
0.000000
0.574900
0.505000
0.000000
0.000000
0.525400
0.529700
0.507500
0.505700
0.540300
0.609700
0.524000
0.517600
0.514000
0.000000
0.534600
0.000000
0.532100
0.523300
0.536100
0.000000
0.537400
0.521900
0.624900
0.542800
0.516800
0.523500
0.538200
0.532400
0.659500
0.544500
0.535800
0.572200
0.537200
0.524100
0.526400
0.546300
0.530600
0.538500
0.513200
0.545200
0.533000
0.524900
0.569100
0.661400
0.748900
0.531100
0.059200
0.581700
0.000000
0.000000
0.559900
0.531400
0.610100
0.000000
0.583900
0.520700
0.518100
0.615300
0.000000
0.580900
0.000000
0.000000
0.531700
0.000000
0.525700
0.000000
0.000000
0.570600
0.532500
0.535300
0.538400
0.521000
0.522400
0.526000
0.000000
0.000000
0.594500
0.538700
0.522000
0.000000
0.000000
0.526900
0.000000
0.636300
0.507700
0.538600
0.530000
0.529900
0.000000
0.567500
0.531700
0.517600
0.523000
0.000000
0.555200
0.523400
0.522700
0.000000
0.531900
0.631000
0.538900
0.655000
0.000000
0.540700
0.000000
0.521900
0.633700
0.629100
0.555000
0.586500
0.532300
0.546000
0.023100
0.670100
0.597200
0.541200
0.532300
0.599200
0.000000
0.524700
0.605500
0.000000
0.615500
0.579900
0.000000
0.522900
0.522900
0.524200
0.000000
0.536700
0.543400
0.000000
0.521000
0.520900
0.000000
0.000000
0.593500
0.543800
0.022900
0.515700
0.000000
0.611600
0.534400
0.529900
0.521600
0.000000
0.000000
0.533600
0.608700
0.524200
0.555800
0.606500
0.601000
0.544900
0.549100
0.543900
0.000000
0.590100
0.580600
0.596300
0.529200
0.542200
0.563300
0.000000
1.077200
0.564200
0.533000
0.544600
0.023300
0.531700
0.543300
0.604600
0.628800
0.532300
0.583000
0.000000
0.000000
0.638100
0.000000
0.544100
0.568100
0.524300
0.629500
0.530000
0.000000
0.529700
1.077500
0.587500
0.524600
0.526100
0.515800
0.000000
0.000000
0.557000
0.561300
0.510800
0.522500
0.580600
0.607800
0.508500
0.000000
0.565400
0.642700
0.584400
0.000000
0.000000
0.528700
0.538100
0.000000
0.533200
0.529200
0.650700
0.570100
0.536800
0.622100
0.629200
0.000000
0.539800
0.673900
0.000000
0.551600
0.530900
0.535500
0.594800
0.529200
0.526000
0.000000
0.576300
0.587300
0.520400
0.535200
0.551100
0.636800
0.533900
0.533600
0.000000
0.570500
0.656900
0.612500
0.530800
0.000000
0.625400
0.508600
0.525700
0.000000
0.533300
0.520600
0.640500
0.000000
0.000000
0.520800
0.546800
0.616200
0.703300
0.548800
0.567100
0.626100
0.541700
0.526100
0.557400
0.525500
0.523500
0.544900
0.000000
0.522700
0.648700
0.520800
0.530100
0.607600
0.000000
0.989800
0.547200
0.522500
0.000000
0.000000
0.000000
0.524700
0.000000
0.544100
0.618200
0.567400
0.000000
0.535800
0.527900
0.000000
0.520200
0.517200
0.560300
0.595100
0.525200
0.571900
0.550600
0.540600
0.555600
0.000000
0.521700
0.523100
0.541000
0.000000
0.567700
0.582100
0.642300
0.058100
0.516400
0.535600
0.632900
0.573000
0.533800
0.000000
0.000000
0.547300
0.000000
0.000000
0.507100
0.554900
0.542200
0.544200
0.570500
0.000000
0.520700
0.583100
0.529000
0.621500
0.540700
0.521900
0.601300
0.000000
0.662200
0.000000
0.515100
0.547200
0.538800
0.533200
0.524500
0.596500
0.516400
0.524300
0.521000
0.659800
0.536200
0.554600
0.527500
1.133000
0.621500
0.577200
0.000000
0.663200
0.522900
0.000000
0.000000
0.523100
0.525600
0.507800
0.000000
0.542900
0.586000
0.530900
0.573100
0.532200
0.523900
0.000000
0.000000
0.556000
0.000000
0.619500
0.626300
0.551600
0.529600
0.527400
0.521800
0.000000
0.520700
0.507900
0.000000
0.533300
0.000000
0.000000
0.643700
0.522600
0.518300
0.000000
0.520400
0.000000
0.507700
0.536800
0.654900
0.662500
0.000000
0.557500
0.573000
0.000000
0.540000
0.538600
0.537300
0.000000
0.545600
0.652400
0.593700
0.000000
0.562900
0.527300
0.512600
0.528000
0.540800
0.556100
0.573600
0.000000
0.521600
0.544800
0.000000
1.111800
0.551100
0.614000
0.551400
0.000000
0.553900
0.530100
0.540200
0.629700
0.000000
0.000000
0.565000
0.655800
0.000000
0.000000
0.603400
0.529400
0.622200
0.000000
0.529500
0.538600
0.000000
0.534500
0.540200
0.534600
0.520300
0.000000
0.547100
0.528500
0.528200
0.000000
0.000000
0.528000
0.551600
0.601800
0.000000
0.619500
0.540400
0.000000
0.522200
0.514700
0.604100
0.523200
0.594300
0.645400
0.000000
0.000000
0.000000
0.523200
0.554900
0.561600
0.522100
0.646400
0.538200
0.529900
0.561400
0.506500
0.544300
0.510000
0.530000
0.534200
0.529300
0.543100
0.000000
0.517200
0.000000
0.506800
0.582000
0.000000
0.000000
0.000000
0.531100
0.000000
0.599400
0.000000
0.609900
0.583600
0.612200
0.522900
0.000000
0.607400
0.000000
0.527900
0.541200
0.000000
1.001100
0.000000
0.000000
0.531100
0.000000
0.593000
0.530300
0.548000
0.526800
0.522600
0.533700
0.619800
0.649700
0.600400
0.000000
0.000000
0.642900
0.537000
0.546500
0.539800
0.617100
0.584000
0.537700
0.542700
0.000000
0.000000
0.528400
0.509200
0.558500
0.547300
0.530600
0.570700
0.538100
0.523400
0.556100
0.525300
0.670800
0.000000
0.546100
0.000000
0.624400
0.610500
0.607900
0.521200
0.586400
0.525400
0.575000
0.541400
0.000000
0.534800
0.611900
0.527900
0.630600
0.524100
0.527800
0.590700
0.536400
0.000000
0.522700
0.664500
0.000000
0.663700
0.610600
0.509800
0.523000
0.599700
0.522200
0.533100
1.937600
0.000000
0.000000
0.000000
0.000000
0.000000
0.537500
0.508600
0.000000
0.000000
0.563100
0.000000
0.647800
0.600800
0.532100
0.604600
0.516900
0.516200
0.522400
0.542300
0.518200
0.000000
0.000000
0.561800
0.636400
0.000000
0.540300
0.675700
0.531100
0.015300
0.542500
0.580100
0.558000
0.508200
0.546700
0.539000
0.605500
0.554900
0.639400
0.541200
0.000000
0.569800
0.596000
0.000000
0.522200
0.522100
0.000000
0.525900
1.108600
0.507400
0.000000
0.521000
0.526600
0.525900
0.527000
0.607500
0.525800
0.538400
0.000000
0.554100
0.000000
0.508400
0.518700
0.532500
0.000000
0.507900
0.566100
0.000000
0.662500
0.525800
0.507700
0.515600
0.531600
0.527000
0.598800
0.541900
0.000000
0.000000
0.000000
0.618400
0.000000
0.545400
0.525300
0.000000
0.525400
0.536300
0.567700
0.508300
0.000000
0.543500
0.531800
0.617200
0.507900
0.000000
0.653600
0.000000
0.000000
0.000000
0.514400
0.562100
0.583200
0.572200
0.000000
0.659700
0.000000
0.529400
0.701100
0.525600
0.000000
0.000000
0.505900
0.536900
0.551100
0.620000
0.591700
0.620300
0.000000
0.540600
0.534900
0.000000
0.524800
0.520500
0.519300
0.547900
0.560800
0.000000
0.000000
0.624100
0.549700
0.535000
0.595700
0.611200
0.506200
0.533000
0.522300
0.000000
0.521200
0.546200
0.513700
0.606100
0.522900
0.533000
0.523700
0.534400
0.519600
0.552200
0.545200
0.510300
0.000000
0.590800
0.000000
0.000000
0.544300
0.536400
0.548200
0.506300
0.536000
0.554100
0.613600
0.557700
0.527700
0.541700
0.524700
0.626300
0.520200
0.583800
0.523300
0.536700
0.000000
0.614100
0.000000
0.565500
0.000000
0.535300
0.505800
0.000000
0.545700
0.508300
0.535900
0.000000
0.664000
0.000000
0.516500
0.539200
0.549000
0.591700
0.551300
0.576600
0.521200
0.563200
0.541200
0.000000
0.521000
0.610800
0.000000
0.529900
0.580200
0.506600
0.000000
0.535700
0.602600
0.555200
0.517500
0.000000
0.604800
0.000000
0.628100
0.000000
0.533900
0.538800
0.531400
0.532800
0.559100
0.000000
0.533500
0.000000
0.000000
0.508300
0.674400
0.539100
0.613900
0.509000
0.000000
0.533700
0.000000
0.539100
0.518200
0.000000
0.524400
0.507500
0.564400
0.000000
0.514700
0.541800
0.508500
0.516900
0.533700
0.000000
0.527200
0.564100
0.000000
0.615200
0.577700
0.524400
0.000000
0.592200
0.545900
0.600900
0.630900
0.526800
0.542400
0.544100
0.000000
0.000000
0.000000
0.000000
0.509700
0.000000
0.000000
0.000000
0.540600
0.526300
0.520300
0.540200
0.000000
0.568900
0.530300
0.531100
0.538900
0.000000
0.598000
0.538400
0.000000
0.570100
0.541400
0.000000
0.506900
0.563600
0.547000
0.000000
0.000000
0.506100
0.539100
0.000000
0.000000
0.540200
0.532200
0.540700
0.515300
0.509800
0.540000
0.000000
0.572700
0.522600
0.000000
0.527600
0.601500
0.588700
0.537700
0.527200
0.531100
0.000000
0.549000
0.610900
0.631000
0.000000
1.596200
0.634900
0.557800
0.595000
0.528500
0.507700
0.000000
0.672200
0.523500
0.536400
0.523400
0.588700
0.000000
0.542200
0.534500
0.000000
0.622400
0.531700
0.606800
0.000000
0.665900
0.537800
0.649200
0.550000
0.569600
0.572700
0.506000
0.525000
0.509000
0.610500
0.588500
0.000000
0.523700
0.000000
0.526800
0.528800
0.000000
0.000000
0.000000
0.521800
0.000000
0.000000
0.000000
0.551900
0.528800
0.548700
0.024200
0.000000
0.000000
0.617800
0.000000
0.507200
0.541900
0.532100
0.000000
0.000000
0.520100
0.635100
0.570400
0.532600
0.603200
0.530900
0.644600
0.594600
0.611400
0.000000
0.586000
0.527800
0.531400
0.506700
0.636600
0.547200
0.532300
0.000000
0.522800
0.600900
0.000000
0.546400
0.533100
0.526500
0.564300
0.525400
0.523000
0.508200
0.590100
0.606800
0.558100
0.000000
0.000000
0.528400
0.000000
0.557700
0.000000
0.615600
0.517100
0.610900
0.000000
0.535800
0.000000
0.530200
0.524400
0.505400
0.528900
0.582100
0.000000
0.616800
0.599500
0.000000
0.596500
0.000000
0.000000
0.567500
0.524100
0.000000
0.639700
0.594800
0.524400
0.000000
0.000000
0.627600
0.648900
0.597900
0.000000
0.527300
0.529600
0.534200
0.557300
0.652700
0.527600
0.000000
0.612600
0.000000
0.025400
0.534100
0.533900
0.000000
0.544900
0.553600
0.655900
0.507300
0.521500
0.529600
0.000000
0.000000
0.022500
0.663900
0.527000
0.526200
0.526600
0.526400
0.533700
0.000000
0.588100
0.000000
0.000000
0.638400
0.508000
0.587500
0.633800
0.519300
0.509900
0.000000
0.535300
0.621100
0.620500
0.543400
0.000000
0.000000
0.000000
0.660100
0.548700
0.585300
0.000000
0.000000
0.533300
0.668800
0.570600
0.528400
0.527400
0.528000
0.000000
0.000000
0.522800
0.510800
0.559300
0.644800
0.540000
0.527300
0.000000
0.525400
0.528800
0.616400
0.000000
0.000000
0.571400
0.554100
0.516300
0.582800
0.000000
0.514900
0.570500
0.524400
0.505400
0.000000
0.562100
0.000000
0.530600
0.540200
0.624000
0.573100
0.000000
0.507900
0.543500
0.526300
0.000000
0.000000
0.523000
0.000000
0.516900
0.587200
0.000000
0.530800
0.644800
0.000000
0.507300
0.517900
0.526300
0.546300
0.000000
0.524100
0.526900
0.584800
0.000000
0.514600
0.542200
0.000000
0.599800
0.000000
0.539100
1.061400
0.573500
0.000000
0.645200
0.000000
0.523100
0.532500
0.524600
0.527400
0.508500
0.590000
0.533000
0.508800
0.509300
0.000000
0.508600
0.000000
0.000000
0.643000
0.029000
0.000000
0.561200
0.507600
0.601300
0.529200
0.526300
0.564300
0.000000
0.000000
0.613800
0.508200
0.549400
0.000000
0.514900
0.509100
0.664500
0.627000
0.568000
0.563500
0.516800
0.000000
0.000000
0.521300
0.522000
0.000000
0.580800
0.550600
0.639400
0.532700
0.000000
0.651100
0.545400
0.000000
0.000000
0.507200
0.642400
0.000000
0.524000
0.651500
1.076400
0.591000
0.525500
0.000000
0.000000
0.515900
0.623400
0.528800
0.559600
0.590700
0.541300
0.567600
0.000000
0.529400
0.545900
0.516800
0.646000
0.534300
0.671300
0.516500
0.518300
0.000000
0.000000
0.537800
0.543200
0.000000
0.000000
0.539100
0.575900
0.536700
0.000000
0.000000
0.023900
0.000000
0.536500
0.554800
0.546400
0.528800
0.593100
0.581100
0.529800
0.517700
0.523200
0.532700
0.521600
0.533400
0.507500
0.511100
0.532700
0.532500
0.000000
0.531000
0.553300
0.000000
0.527600
0.544600
0.509600
0.527900
0.559100
0.533500
0.000000
0.000000
0.507700
0.569300
0.630100
0.664100
0.000000
0.603600
0.518600
0.530300
0.518500
0.562200
0.000000
0.531800
0.528500
0.533300
0.657000
0.534400
0.000000
0.000000
0.517500
0.000000
0.612600
0.000000
0.506300
0.547900
0.655300
0.000000
0.691300
0.525000
0.610300
0.659600
0.000000
0.000000
0.000000
0.000000
0.517000
0.507700
0.529900
0.515600
0.000000
0.622800
0.000000
0.639900
0.000000
0.545300
0.517800
0.601900
0.000000
0.000000
0.000000
0.000000
0.000000
0.613800
0.566500
0.508000
0.584100
0.522400
0.516900
0.565800
0.509400
0.000000
0.585200
0.524800
0.620500
0.000000
0.528700
0.251100
0.527400
0.531300
0.559800
0.529200
0.536100
0.024900
0.507100
0.000000
0.528000
0.543600
0.000000
0.647500
0.533200
0.000000
0.546300
0.000000
0.532800
0.551600
0.000000
0.611200
0.665800
0.530700
0.000000
0.506800
0.635100
0.506300
0.606000
0.507500
0.552000
0.509600
0.516500
0.601900
0.593700
0.000000
0.509400
0.611800
0.621200
0.526900
1.144500
0.597300
0.592100
0.645500
0.507200
0.643800
0.522100
0.520500
0.518700
0.541100
0.676400
0.618200
0.644200
0.000000
0.527000
0.524500
0.579300
0.530400
0.575800
0.524500
0.000000
0.000000
0.590900
0.000000
0.606600
0.523000
0.000000
0.532700
0.601700
0.511900
0.527500
0.550700
0.534900
0.000000
0.533800
0.000000
0.000000
0.526100
0.506700
0.530300
0.528900
0.539700
0.664400
0.518900
0.525400
0.541400
0.550300
0.000000
0.563500
0.523400
0.520800
0.558000
0.000000
0.657100
0.571400
0.525100
0.620200
0.532300
0.599200
0.593700
0.531600
0.000000
0.594000
0.522900
0.028800
0.506200
0.000000
0.618600
0.541500
0.562800
0.556400
0.519500
0.543800
0.000000
0.508900
0.524100
0.534900
0.540400
0.000000
0.522000
0.585900
0.557200
0.599800
0.521500
0.521500
0.528600
0.000000
0.000000
0.000000
0.517200
0.000000
0.621900
0.550400
0.507200
0.000000
0.000000
0.528000
0.537900
0.515500
0.521000
0.584300
0.533000
0.000000
0.547300
0.615000
0.574200
0.640100
0.000000
0.534500
0.524600
0.508400
0.000000
0.000000
0.000000
0.663300
0.000000
0.000000
0.000000
0.683900
0.566900
0.581800
0.527800
0.580800
0.537300
0.526000
0.613600
0.586900
0.537200
0.530100
0.526900
0.542600
0.000000
0.546300
0.055500
0.000000
0.517000
0.000000
0.000000
0.525400
0.581700
0.507600
0.596200
0.541200
0.570200
0.549700
0.540700
0.552400
0.631100
0.000000
0.521500
0.000000
0.554100
0.545600
0.660400
0.560200
0.507000
0.550700
0.024000
0.588300
0.518000
0.000000
0.537300
0.000000
0.539400
0.516200
0.000000
0.581400
0.000000
1.091400
0.638800
0.555400
0.509800
0.645400
0.609100
0.000000
0.620200
0.537300
0.507000
0.506300
0.521300
0.000000
0.505600
0.599200
0.551600
0.533200
0.000000
0.544900
0.528400
0.000000
0.519000
0.235200
0.631000
0.000000
0.629100
0.520600
0.507700
0.000000
0.000000
0.522200
0.605900
0.524000
0.532700
0.551700
0.540300
0.522500
1.365000
0.532600
0.541200
0.000000
0.638900
0.523100
0.634800
0.526200
0.597300
0.621400
0.528600
0.000000
0.507100
0.522300
0.555400
0.507900
0.518100
0.000000
0.508700
0.000000
0.000000
0.530500
0.519100
0.526600
0.524000
0.536800
0.543900
0.000000
0.538400
0.636900
0.515900
0.585100
0.000000
0.529600
0.528600
0.000000
0.525200
0.000000
0.612600
0.591500
0.507900
0.507200
0.623500
0.593200
0.528100
0.644400
0.623500
0.050400
0.000000
0.582900
0.572200
0.552800
0.537500
0.537300
0.522400
0.518200
0.562600
0.663400
0.000000
0.508300
0.572100
0.514900
0.506900
0.657100
0.543200
0.535100
0.536800
0.523100
0.528200
0.522200
0.000000
0.539400
0.566700
0.640600
0.531100
0.646600
0.519400
0.650800
0.000000
0.518500
0.674900
0.524400
0.650000
0.649500
0.580700
0.539400
0.511100
0.519200
0.619800
0.538600
0.524500
0.546000
0.000000
0.579400
0.508800
0.522600
0.000000
0.542600
0.530800
0.522600
0.536100
0.000000
0.624200
0.000000
0.535300
0.543400
0.620400
0.527300
0.610300
0.549700
0.515700
0.523900
0.531400
0.547400
0.524700
0.524400
0.508800
0.588500
0.522800
0.000000
0.527100
0.647200
0.648900
0.017000
0.521000
0.552300
0.530600
0.537000
0.517700
0.559300
0.526900
0.540500
0.527500
0.535800
0.661000
0.625200
0.542900
0.521900
0.570700
0.591800
0.610000
0.672100
0.576100
0.610000
0.653500
0.530000
0.519900
0.522500
0.522900
0.568500
0.000000
0.531700
0.623900
0.636300
0.511300
0.525200
0.639400
0.538000
0.525200
0.593800
0.566300
0.614400
0.521600
0.528100
0.524200
0.601200
0.589900
0.562500
0.526500
0.520800
0.000000
0.523700
0.526600
0.606800
0.564500
0.521900
0.567400
0.674500
0.526300
0.566900
0.525200
0.607600
0.626600
0.539800
0.648200
0.529300
0.539200
0.000000
0.000000
0.534700
0.532900
0.000000
0.641000
0.581800
0.571500
0.518300
0.527700
0.000000
0.000000
0.514900
0.517200
0.527900
0.000000
0.000000
0.521600
0.000000
0.000000
0.000000
0.546000
0.527300
0.555300
0.000000
0.543600
0.017200
0.560800
0.000000
0.527200
0.561900
0.000000
0.521700
0.517800
0.538200
0.517500
0.000000
0.539300
0.521600
0.598300
0.595000
0.523100
0.000000
0.516300
0.000000
0.000000
0.047900
0.183300
0.636300
0.590200
0.609800
0.000000
0.573100
0.645200
0.540000
0.627500
0.524800
1.791100
0.000000
0.591000
0.539000
0.629000
0.000000
0.000000
0.527700
0.000000
0.541000
0.000000
0.000000
0.564000
0.000000
0.000000
0.543700
0.626600
0.507300
0.545400
0.546900
0.628400
0.527200
0.000000
0.530300
0.000000
0.521700
0.000000
0.000000
0.625400
0.583800
0.000000
0.608600
0.577700
0.510600
0.000000
0.521700
0.632700
0.000000
0.529400
0.507200
0.565500
0.535600
0.000000
0.632000
0.538800
0.631000
0.000000
0.627400
0.624200
0.522300
0.000000
0.537500
0.000000
0.527500
0.611000
0.512700
0.517400
0.000000
0.522900
0.521200
0.000000
1.223100
0.608800
0.518400
0.518600
0.608700
0.537700
0.539400
0.609300
0.000000
0.529700
0.515400
0.591300
0.524600
0.000000
0.530900
0.832600
0.651700
0.625200
0.655900
0.616500
0.000000
0.529300
0.534900
0.000000
0.506400
0.534600
0.526800
0.626600
0.514700
0.648500
0.000000
0.531200
0.606400
0.535300
0.000000
0.630800
0.531900
0.571100
0.526200
0.588600
0.000000
0.000000
0.534100
0.540200
0.514000
0.649300
0.529300
0.571400
0.576500
0.602100
0.531900
0.632600
0.610800
0.000000
0.535400
0.524600
0.612700
0.000000
0.570200
0.000000
0.555400
0.520100
0.649100
0.510500
0.660200
0.529800
0.521600
0.581800
0.526500
0.520500
0.000000
0.000000
0.000000
0.512400
0.510800
0.535500
0.602000
0.000000
0.000000
0.000000
0.612500
0.637000
0.532300
0.569600
0.524300
0.528100
0.578500
0.026700
0.646800
0.654400
0.607300
0.588100
0.508600
0.530200
0.000000
0.000000
0.569300
0.533900
0.233700
0.544900
0.000000
0.531700
0.000000
0.600300
0.546500
0.522000
0.558500
0.526600
0.000000
0.559900
0.617100
0.526600
0.525300
0.578300
0.000000
0.517000
0.508700
0.517600
0.524900
0.603200
0.532500
0.546600
0.563500
0.547600
0.540100
0.550500
0.549900
0.529500
0.605600
0.000000
0.636300
0.527700
0.648000
0.550600
0.536800
0.529200
0.509400
0.652100
0.535600
0.000000
0.536000
0.561800
0.606300
0.531000
0.530800
0.014200
0.527800
0.537000
0.542100
0.000000
0.000000
0.508800
0.541100
0.653300
0.000000
0.525400
0.000000
0.676300
0.000000
0.508100
0.662700
0.603800
0.543700
0.591700
0.604400
0.534800
0.523100
0.506400
0.537600
0.538000
0.000000
0.000000
0.613900
0.000000
0.571900
0.521700
0.601500
0.000000
0.532800
0.000000
0.518100
0.531400
0.517800
0.529400
0.000000
0.516700
0.000000
0.637100
0.509700
0.643500
0.529200
0.000000
0.559400
0.520200
0.604300
0.528100
0.000000
0.635600
0.000000
0.610200
0.525900
0.571800
0.016800
0.602100
0.541100
0.000000
0.530300
0.000000
0.667100
0.535500
0.557800
0.598200
0.553000
0.000000
0.577000
0.527500
0.549500
0.522600
0.615100
0.528700
0.508200
0.687200
0.505500
0.542100
0.000000
0.000000
0.596900
0.638400
0.507600
0.000000
0.000000
0.000000
0.000000
0.506900
0.530100
0.000000
0.529600
0.000000
0.000000
0.000000
0.524100
0.578600
0.622200
0.628100
0.524500
0.523400
0.000000
0.558100
0.596100
0.000000
0.000000
0.631900
0.545600
0.530100
0.608500
0.528300
0.687000
0.000000
0.567500
0.000000
0.000000
0.528600
0.520400
0.000000
0.049800
0.541300
0.521700
0.534300
0.540700
0.531300
0.000000
0.528200
3.574800
1.327500
0.525600
0.789300
0.532800
0.608200
0.722700
0.615500
0.000000
0.545500
2.326100
0.524300
0.536600
0.000000
0.000000
0.525700
0.525400
0.539900
0.595400
0.526400
0.521600
0.522000
0.514700
0.611200
0.551000
0.522300
0.542000
0.528000
0.529600
0.561800
0.000000
0.594000
0.646100
0.549000
0.534600
0.560500
0.539100
0.000000
0.565200
0.534300
0.000000
0.523300
0.525600
0.603900
0.617700
0.535500
0.000000
0.522000
0.537800
0.537900
0.000000
0.513200
0.000000
0.558800
0.593900
0.000000
0.525800
0.521500
0.525200
0.597600
1.063900
1.076000
0.505800
0.537200
1.057900
0.000000
0.591300
0.539100
0.507600
0.000000
0.532200
0.538200
0.530400
0.524800
0.000000
0.654700
0.000000
0.000000
0.000000
0.000000
0.556900
0.000000
0.518800
0.517700
1.586700
0.000000
0.521400
0.000000
0.537500
0.000000
0.538900
0.000000
0.000000
0.535200
0.000000
0.627700
0.588400
0.549000
0.580500
0.531300
0.508500
0.530300
0.537100
0.534400
0.608100
0.531500
0.535400
0.523000
0.525000
0.525100
0.561400
0.000000
0.000000
0.505900
0.518800
0.576400
0.000000
0.509400
0.543700
0.605900
0.520800
0.573700
0.551100
0.537700
0.522800
0.538500
0.000000
0.000000
0.553200
0.581800
0.000000
0.541900
0.000000
0.521100
0.517700
0.533600
0.663700
0.569200
0.628500
0.530600
0.000000
0.527900
0.533500
0.507300
0.564200
0.000000
0.538600
0.532600
0.529200
0.525900
0.000000
0.536900
0.536200
0.000000
0.000000
0.513700
0.543500
0.000000
0.000000
0.592500
0.518900
0.575400
0.000000
0.505900
0.000000
0.509200
0.522400
0.604900
0.523700
0.000000
0.000000
0.515300
0.000000
0.517900
0.650300
0.539900
0.000000
0.517500
0.000000
0.528800
0.567000
0.562700
0.525800
0.518700
0.530700
0.531700
0.000000
0.522400
1.394000
0.630200
0.523600
0.000000
0.537100
0.525800
0.535500
0.527200
0.525900
0.522200
0.509900
0.571200
0.000000
0.544200
0.000000
1.232000
0.000000
0.522400
0.523900
0.605100
0.547600
0.611400
0.533400
0.551500
0.530100
0.630900
0.548200
0.523600
1.092900
0.529300
0.584300
0.000000
0.000000
0.518000
0.538000
0.000000
0.547400
0.527400
0.000000
0.521200
0.519800
0.507500
0.544300
0.534700
0.532800
0.000000
0.575600
0.000000
0.579100
0.652800
0.518900
0.000000
0.506200
0.000000
0.000000
0.617900
0.653600
0.618400
0.590100
0.523700
0.532400
0.507300
0.534500
0.529400
0.000000
0.000000
0.535800
0.533300
0.531600
0.529800
0.525300
0.508300
0.000000
0.000000
0.541600
0.524700
0.571200
0.000000
0.548200
0.553900
0.594600
0.560600
0.612100
0.522300
0.000000
0.551800
0.520200
0.654200
0.524600
0.529100
0.000000
0.000000
0.530400
0.549800
0.515000
0.000000
0.586200
0.528700
0.659000
0.581700
0.513700
0.000000
0.000000
0.000000
0.529600
0.000000
0.636600
0.610700
0.574200
0.519200
0.505700
0.656400
0.522400
0.580500
0.525900
0.000000
0.528900
0.623200
0.000000
0.516200
0.544200
0.605800
0.516900
0.518600
0.000000
0.507500
0.000000
0.661300
0.522100
0.000000
0.613400
0.000000
0.628200
0.506500
0.537900
0.558700
0.597100
0.612100
0.536100
0.506800
0.000000
0.584300
0.525800
0.602900
0.540700
0.567500
0.525800
0.000000
0.516900
0.564000
0.567300
0.578800
0.000000
0.000000
0.582900
0.000000
0.519300
0.549000
0.526100
0.654000
0.000000
0.561300
0.542700
0.646300
0.520000
0.535900
0.553800
0.524900
0.507700
0.528500
0.688600
0.574100
0.000000
0.000000
0.646000
0.000000
0.508900
0.000000
0.000000
0.529400
0.614000
0.586300
0.000000
0.541700
0.000000
0.508300
0.508100
0.518200
0.000000
0.522700
0.580700
0.546900
0.562900
0.523500
0.526100
0.545800
0.620400
0.000000
0.507000
0.000000
0.656700
0.515300
0.618700
0.536100
0.000000
0.569000
0.645200
0.601200
0.623600
0.525300
0.000000
0.543600
0.000000
0.559800
0.530400
0.522400
0.017400
0.539700
0.597400
0.533600
0.000000
0.508900
0.526200
0.000000
0.542200
0.519300
0.525400
0.563100
0.506000
0.000000
0.000000
0.527500
0.573300
0.000000
0.000000
0.524500
0.000000
0.000000
0.520500
0.000000
0.542000
0.000000
0.523800
0.571800
0.510000
0.000000
0.546500
0.518800
0.518700
0.507300
0.000000
0.523100
0.538100
0.507300
0.533400
0.508500
0.590600
0.566100
0.575800
0.610200
0.545000
0.643900
0.000000
0.000000
0.000000
0.609100
0.615100
0.000000
0.536700
0.535600
0.645200
0.000000
0.000000
0.000000
0.633900
0.619100
0.514600
0.000000
0.531000
0.574900
0.516700
0.522500
0.527000
0.551700
0.000000
0.562300
0.000000
0.505000
0.511400
0.000000
0.000000
0.517700
0.531000
0.557900
0.000000
0.662100
0.000000
0.518900
0.547500
0.588900
0.543200
0.000000
0.540200
0.608600
0.000000
0.526000
0.520400
0.601700
0.689500
0.524100
3.716100
0.014800
0.558100
1.067400
0.853400
0.545500
0.509400
0.000000
0.559000
0.533400
0.642600
0.605200
0.728900
0.529700
1.630600
0.529600
0.526000
0.529300
0.524700
0.619900
1.054700
0.507500
0.678200
0.529700
0.525900
0.534800
0.535900
0.000000
0.531200
0.000000
0.644500
0.550400
0.537200
0.583300
0.534700
0.581800
0.605200
0.623200
0.000000
0.579100
0.000000
0.646500
0.578700
0.533600
0.980400
0.607400
0.375900
0.248700
0.524300
2.325000
0.583800
0.531600
0.366300
1.617200
0.325200
0.610100
1.257200
0.254200
1.045600
0.460700
0.702900
0.648300
0.662900
0.543600
1.614400
1.336700
0.071900
0.522800
0.537600
0.523500
0.000000
0.528500
0.585200
0.529300
0.532000
0.000000
0.545500
0.526700
0.507600
0.509300
0.523900
0.553700
0.635100
0.535600
0.592000
0.522800
0.508300
0.520600
0.520800
0.616600
0.521900
0.618300
0.529100
0.544400
0.508000
0.525300
0.000000
0.523200
0.541500
0.526500
0.000000
0.972500
1.927700
0.528600
2.921700
0.528100
0.615200
0.537200
1.591400
0.584200
0.627600
0.530000
0.532700
0.545800
0.557300
0.519900
0.623300
0.624100
0.621400
0.507700
0.563100
0.610800
0.000000
0.521700
1.100100
0.602700
0.564100
0.519600
0.000000
0.000000
0.595900
0.554000
0.509100
0.573200
0.000000
0.580300
0.606900
0.000000
0.000000
0.652000
0.589700
0.647100
0.592100
0.000000
0.000000
0.551500
0.000000
0.000000
0.531900
0.573800
0.522300
0.600100
0.610300
0.508100
0.547500
0.522500
0.520900
0.539900
0.043500
0.643800
0.000000
0.646100
0.532800
0.785200
0.543900
0.507200
0.526200
0.548000
0.525100
0.529300
0.552400
0.530600
0.528600
0.525600
0.533600
0.000000
0.583900
0.585100
0.000000
0.603900
0.583100
0.573400
0.528400
0.565700
0.561600
3.218300
1.616400
0.548200
0.540400
0.843000
0.540400
0.000000
0.542300
0.535000
0.536100
0.617200
0.000000
0.556200
0.571800
0.513400
0.000000
0.531900
0.533600
0.556400
0.530100
0.000000
0.526500
0.000000
0.635500
0.632100
0.630500
2.820900
0.533300
0.525500
0.543000
1.742500
4.156300
0.564100
0.624900
0.546800
0.577100
0.510300
0.000000
0.560400
0.506800
0.537000
0.666400
3.211500
0.538400
0.571000
0.623100
0.611400
0.000000
0.514200
0.527900
0.535400
0.000000
0.535100
0.555800
0.530900
0.530900
0.532300
0.568600
0.595200
0.000000
0.572600
0.551000
0.534800
0.523300
0.549700
0.561200
0.528700
0.559900
0.574200
0.569700
0.547500
0.533300
0.541900
0.540100
0.622700
0.534100
0.603900
0.540900
0.000000
0.565900
0.565900
0.530800
0.529000
2.179100
0.000000
0.538600
0.541600
0.538100
3.237600
0.000000
0.000000
0.541300
0.534800
0.521000
0.552800
0.000000
0.542100
0.625000
0.516600
0.526500
0.530400
0.553000
0.525500
0.000000
0.586800
0.534000
1.042800
0.573600
0.530700
0.538200
4.839400
0.628200
0.622300
0.572900
0.533100
0.604100
0.615700
0.524700
0.663700
0.000000
0.620000
0.579000
0.000000
0.000000
0.538200
0.595700
0.611300
0.517400
0.544700
2.644500
0.627000
0.542800
0.000000
0.621600
0.000000
0.000000
0.619200
0.535000
0.625100
0.626100
0.528700
0.530300
0.524100
0.000000
0.000000
0.632700
0.532800
0.639000
0.529300
0.633600
0.535600
0.525500
0.511500
0.532800
0.627700
0.577300
0.000000
0.000000
0.521500
0.536100
0.641900
0.571600
0.577000
0.528900
0.538400
0.032600
0.520700
0.639600
0.000000
0.000000
0.536900
0.548800
0.000000
0.000000
0.523500
0.000000
0.622600
0.543500
0.000000
0.553900
0.563500
0.569000
0.507900
0.649500
0.000000
0.594500
0.544700
0.517100
0.629800
0.523000
0.529800
0.547500
0.550900
0.000000
0.630000
0.000000
1.085000
0.638200
0.528400
0.663000
0.687800
0.000000
0.608700
0.575800
0.000000
0.000000
0.527800
0.535100
0.532800
0.532400
0.570300
0.635400
0.588700
0.522700
0.541800
0.553500
0.633500
0.000000
0.586800
0.510700
0.544000
0.588600
0.596000
0.604300
0.541900
0.550400
0.591100
0.535300
0.572200
0.581000
0.526400
0.632700
0.000000
0.567200
0.534300
0.526900
1.177500
0.525300
0.510400
0.522700
0.528900
0.534600
0.586800
0.000000
0.562600
0.631500
0.550200
0.630800
0.524400
0.000000
0.000000
0.534500
0.569700
0.541900
0.559100
0.534800
0.569300
0.636000
0.515500
0.614700
0.606100
0.529400
0.543300
0.673900
0.539100
0.525100
0.524200
0.570400
0.531200
0.000000
0.663800
0.540700
0.570200
0.507500
0.551500
0.587400
0.565400
0.649000
0.000000
0.645800
0.633800
0.000000
0.508300
0.676600
0.576500
0.559400
0.547800
0.625300
1.029300
0.568900
0.527300
0.529400
0.587000
0.597400
0.522900
0.561300
0.526400
0.519600
0.538300
0.535500
0.577600
0.529500
0.000000
0.606400
0.508100
0.655700
0.594000
0.592300
0.621600
0.535000
0.519200
0.590500
0.564200
0.000000
0.508600
0.506700
0.506000
0.518900
0.530500
0.543000
0.570000
0.534700
0.526500
0.531000
0.650300
0.565100
0.543000
0.515400
0.584600
0.520600
0.570200
0.652900
0.533600
0.515400
0.529400
0.509700
0.534700
0.644300
0.510900
0.520900
0.574700
0.656600
0.523800
0.539800
0.534900
0.532000
0.520600
0.000000
0.523700
0.564400
0.000000
0.528100
0.520700
0.000000
0.638500
0.000000
0.705800
0.549500
0.523300
0.625400
0.535200
0.601100
0.535700
0.621000
0.625100
0.538200
0.516400
0.507400
0.558700
0.611100
0.581400
0.583800
0.000000
0.592200
0.535200
0.537200
0.567500
0.556700
0.000000
0.537700
0.566500
0.521200
0.589500
0.536900
0.580700
0.000000
0.522600
0.000000
0.534200
0.600200
0.567400
0.594800
0.615100
0.000000
0.516500
0.581000
0.628700
0.578200
0.000000
0.593700
0.000000
0.548900
0.540900
0.000000
0.545300
0.000000
0.526500
0.617700
0.000000
0.000000
0.553900
0.000000
0.000000
0.506800
0.533600
0.507500
0.668200
0.537000
0.535400
0.550100
0.581900
0.533300
0.000000
0.000000
0.565100
0.528200
0.684700
0.505100
0.506500
0.552700
0.568700
0.572000
0.562000
0.000000
0.000000
0.000000
0.530700
0.547600
0.000000
0.555400
0.610800
0.000000
0.536600
0.626200
0.520300
0.000000
0.000000
0.635600
0.622600
0.523800
0.604300
0.530200
0.575500
0.530400
0.621200
0.530900
0.000000
0.547200
0.524000
0.643600
0.000000
0.536300
0.676100
0.570600
0.000000
0.630000
0.000000
0.000000
0.000000
0.031900
0.000000
0.552400
0.539600
0.000000
0.000000
0.568300
0.584600
0.000000
0.534400
0.549200
0.000000
0.531800
0.616300
0.000000
0.578100
0.000000
0.598800
0.531300
0.636100
0.570100
0.543000
0.607900
0.000000
0.672300
0.522500
0.000000
0.526900
0.633200
0.000000
0.585200
0.000000
0.592000
0.628400
0.537300
0.000000
0.000000
0.550400
0.000000
0.619200
0.605200
0.533100
0.519200
0.537300
0.610300
0.585800
0.506500
0.000000
0.621600
0.000000
0.588200
0.000000
0.000000
0.527500
0.520200
0.000000
0.022500
0.591800
0.550300
0.000000
0.603000
0.578100
0.548000
0.571300
0.523300
0.523000
0.000000
0.527300
0.635800
0.520800
0.000000
0.000000
0.577200
0.508000
0.630100
0.520800
0.515200
0.000000
0.000000
0.000000
0.521600
0.585700
0.533300
0.520800
0.577700
0.516000
0.800000
0.518300
0.000000
0.534200
0.000000
0.529800
0.515100
0.529800
0.537100
0.530600
0.000000
0.000000
0.000000
0.590800
0.027600
0.559500
0.554000
0.667900
0.546900
0.584800
0.506700
0.566300
0.542800
0.546800
0.544700
0.596200
0.528400
0.000000
1.289600
0.538900
0.000000
0.610100
0.627800
0.572700
0.532700
0.524700
0.527700
0.597500
0.643000
0.528400
0.519400
0.642300
0.518400
0.513100
0.628900
0.550900
0.534100
0.516000
0.505700
0.000000
0.541000
0.620600
0.528400
0.547800
0.000000
0.506900
0.534700
0.548400
0.000000
0.612500
0.508900
0.533900
0.635700
0.581100
0.000000
0.540800
0.540600
0.000000
0.000000
0.642000
0.527100
0.000000
0.000000
0.508200
0.530000
0.000000
0.555300
0.574900
0.524700
0.031500
0.642500
0.575900
0.548300
0.000000
0.509000
0.531600
0.537600
0.536800
0.676700
0.000000
0.591400
0.665500
0.624600
0.000000
0.671100
0.573800
0.506900
0.000000
0.545300
0.526200
0.000000
0.521700
0.536700
0.508200
0.527400
0.558800
0.513700
0.545800
0.000000
0.000000
0.520300
0.542900
0.617400
0.593600
0.534600
0.562900
0.523800
0.000000
0.613400
0.524200
0.508000
0.507400
0.532400
0.592400
0.526700
0.000000
0.000000
0.000000
0.566700
0.523800
0.543100
0.544800
0.541700
0.000000
0.000000
0.516300
0.559000
0.000000
0.541300
0.577900
0.523500
0.603600
0.000000
0.630200
0.540100
0.563800
0.559300
0.585100
0.551800
0.000000
0.000000
0.558200
0.000000
0.554300
0.542800
0.538800
0.000000
0.508100
0.525900
0.000000
0.519700
0.506900
0.542500
0.000000
0.000000
0.568000
0.534800
0.613700
0.568700
0.000000
0.525500
0.544800
0.000000
0.561500
0.000000
0.639100
0.527200
0.000000
0.531300
0.637000
0.525000
0.509800
0.567400
0.000000
0.000000
0.535900
0.525300
0.579000
0.563400
0.506100
0.525200
0.519100
0.508200
0.615800
0.515800
0.000000
0.000000
0.518300
0.000000
0.596500
0.635800
0.531200
0.000000
0.000000
0.517600
0.000000
0.000000
0.535200
0.527200
0.000000
0.573400
0.000000
0.524400
0.518100
0.544400
0.552300
0.526700
0.000000
0.512100
0.540700
0.000000
0.530700
0.506000
0.590300
0.520900
0.530200
0.535100
0.519300
0.534700
0.527300
0.555300
0.524100
0.574700
0.515200
0.506600
0.528800
0.000000
0.556600
0.000000
0.539400
0.534300
0.534100
0.000000
0.000000
0.507900
0.000000
0.000000
0.531800
0.613300
0.000000
0.000000
0.000000
0.539000
0.000000
0.000000
0.675800
0.649400
0.000000
0.000000
0.527800
0.544400
0.527100
0.616600
0.506400
0.547400
0.000000
0.571500
0.676600
0.675400
0.521000
0.000000
0.516500
1.070300
0.516500
0.520300
0.520400
0.510700
0.621600
0.599700
0.542000
0.573200
0.541700
0.000000
0.541700
0.000000
0.649800
0.537800
0.645000
0.529800
0.553800
0.000000
0.515900
0.000000
0.530500
0.514300
0.524900
0.523300
0.522400
0.522600
0.599300
0.544600
0.522400
0.586500
0.591500
0.000000
0.605800
0.527700
0.000000
0.524000
0.620200
0.000000
0.617500
0.000000
0.568100
0.000000
0.000000
0.000000
0.519000
0.573400
0.506300
0.000000
0.534100
0.000000
0.668500
0.000000
0.519800
0.532400
0.521700
0.589300
0.645100
0.584200
0.534700
0.000000
0.571600
0.536400
0.539300
0.549400
0.584300
0.563200
0.506700
0.505300
0.550600
0.529200
0.519600
0.532700
0.670700
1.106200
0.629800
0.636000
0.627700
0.552400
0.518700
0.664900
0.000000
0.565200
0.664800
0.523200
0.553200
0.510500
0.000000
0.000000
0.525300
0.530800
0.000000
0.000000
0.532400
0.000000
0.510000
0.000000
0.000000
0.524400
0.536700
0.000000
0.523300
0.000000
0.000000
0.538600
0.000000
0.653300
0.000000
0.000000
0.536000
0.594300
0.526000
0.507800
0.549800
0.000000
0.000000
0.517300
0.000000
0.622000
0.639400
0.000000
0.541600
0.560200
0.518900
0.000000
0.564800
0.608900
0.000000
0.639600
0.571500
0.584800
0.557800
0.532300
0.557400
0.651900
0.568700
0.554700
0.581900
0.592800
0.541000
0.616900
0.000000
0.573100
0.615500
0.000000
0.524400
0.000000
0.519900
0.525500
0.000000
0.000000
0.595800
0.533800
0.635100
0.579300
0.000000
0.648900
0.543000
0.529800
0.000000
0.000000
0.562500
0.000000
0.531500
0.000000
0.000000
0.000000
0.532000
0.532100
0.628500
0.000000
0.533700
0.000000
0.632900
0.541100
0.570100
0.000000
0.535200
0.000000
0.640300
0.540400
0.000000
0.000000
0.524500
0.538800
0.535700
0.547400
0.000000
0.530000
0.522600
0.000000
0.000000
0.000000
0.000000
0.565600
0.000000
0.580000
0.555000
0.000000
0.000000
0.000000
0.524800
0.550000
0.000000
0.543400
0.527800
0.000000
0.000000
0.531500
0.572500
0.030900
0.572900
0.657300
0.521900
0.000000
0.000000
0.574300
0.517000
0.000000
0.516400
0.538900
0.519800
0.638800
0.000000
0.533900
0.522900
0.508700
0.530300
0.000000
0.000000
0.625000
0.000000
0.000000
0.000000
0.000000
0.037100
0.048300
0.000000
0.000000
0.594100
0.536600
0.000000
0.000000
0.558000
0.579000
0.641000
0.000000
0.543300
0.551800
0.000000
0.546900
0.525100
0.526000
0.526700
0.000000
0.000000
0.536300
0.600500
0.000000
0.666600
0.586200
0.540800
0.000000
0.000000
0.538800
0.511800
0.590300
0.000000
0.511000
0.000000
0.791500
0.528200
0.000000
0.000000
0.609000
0.540800
0.652000
0.581800
0.558300
0.540100
0.024600
0.000000
0.620300
0.000000
0.000000
0.515900
0.508900
0.000000
0.621500
0.000000
0.000000
0.561200
0.000000
0.553200
0.554900
0.000000
0.000000
0.612300
0.000000
0.000000
0.633700
0.529700
0.625500
0.516200
0.547200
0.000000
0.573600
0.000000
0.574300
0.652700
0.523300
0.000000
0.536900
0.532900
0.543200
0.000000
0.524300
0.567500
0.540500
0.560800
0.506600
0.000000
0.529100
0.610700
0.000000
0.639200
0.000000
0.521000
0.561500
0.000000
0.507500
0.506500
0.000000
0.553800
0.000000
0.624900
0.000000
0.058400
0.520300
0.609900
0.527700
0.000000
0.516000
0.000000
0.000000
0.506400
0.412900
0.000000
0.000000
0.536800
0.000000
0.564900
0.522300
0.000000
2.116800
0.536900
0.541500
0.532100
0.506800
0.523000
0.612300
0.542800
0.000000
0.000000
0.000000
0.000000
0.532900
0.526000
0.000000
0.000000
0.000000
0.558500
0.000000
0.506800
0.551500
0.000000
0.000000
0.522100
0.000000
0.593800
0.614500
0.530200
0.523000
0.532200
0.000000
0.522800
0.526600
0.537100
0.000000
0.000000
0.695500
0.522400
0.570000
0.508300
0.634100
0.550800
0.529000
0.000000
0.509800
0.537300
0.593000
0.000000
0.062600
0.507200
0.000000
0.000000
0.000000
0.619900
0.000000
0.527800
0.551000
0.562300
0.509100
0.508900
0.518800
0.525600
0.586800
0.573400
0.608400
0.537500
0.000000
0.533400
0.516400
0.523500
0.529800
0.000000
0.543500
0.559100
0.000000
0.537700
0.000000
0.532400
0.000000
0.596900
0.635700
0.522300
0.629300
0.551600
0.510300
0.532800
0.537900
1.241100
0.561300
0.584900
0.000000
0.619500
0.535600
0.000000
0.572300
0.000000
0.517000
0.561300
0.000000
0.505800
0.000000
0.533800
0.000000
0.566000
0.000000
0.518100
0.543400
0.605300
0.000000
0.508100
0.000000
0.589700
0.527500
0.514600
0.584900
0.000000
0.000000
0.531600
0.544900
0.508700
0.560200
0.555100
0.000000
0.524500
0.000000
0.538000
0.523200
0.000000
0.000000
0.568300
0.000000
0.528300
0.612400
0.579700
0.571600
0.537900
1.486800
0.000000
0.551000
0.592800
0.549600
0.524700
0.532000
0.628500
0.534600
0.544400
0.536400
0.523700
0.000000
0.520300
0.529900
0.000000
0.541600
0.529200
0.527700
0.552400
0.563400
0.000000
0.526100
0.583200
0.514400
0.000000
0.585600
0.523900
0.619100
0.526600
0.000000
0.531800
0.000000
0.550700
0.541600
0.646100
0.604300
0.540500
0.530500
0.000000
0.000000
0.544500
0.556400
0.508700
0.000000
0.624100
0.566200
0.000000
0.566800
0.538200
0.544700
0.517800
0.000000
0.642600
0.000000
0.527100
0.617300
0.000000
0.000000
0.000000
0.526400
0.535100
0.000000
0.548700
0.524900
0.000000
0.644300
0.000000
0.521800
0.572400
0.515800
0.568600
0.528900
0.000000
0.602300
0.526200
0.587600
0.000000
0.531400
0.527700
0.565900
0.613100
0.517100
0.548700
0.513600
0.542300
0.000000
0.517800
0.682900
0.000000
0.520300
0.522000
0.543800
0.000000
0.000000
0.652200
0.577400
0.000000
0.627100
0.630700
0.551200
0.505600
0.530400
0.000000
0.639000
0.000000
0.517900
0.523300
0.527100
0.616800
0.567700
0.000000
0.521900
0.597900
0.522900
0.508300
0.538300
0.530700
0.000000
0.000000
0.654900
0.522900
0.550900
0.569100
0.532200
0.574000
0.556300
0.627600
1.095600
0.000000
0.000000
0.584200
0.526300
0.544600
0.542100
0.509000
0.000000
0.000000
0.523700
0.000000
0.000000
0.563100
0.000000
0.508500
0.541800
0.560500
0.542000
0.528500
0.609600
0.614300
0.000000
0.537100
0.000000
0.543300
0.524800
0.525100
1.409100
0.640300
0.560700
0.526000
0.000000
0.569400
0.000000
0.000000
0.518000
0.610000
0.542200
0.572100
0.000000
0.000000
0.000000
0.527600
0.549000
0.523100
0.000000
0.542200
0.544800
0.539000
0.550100
0.530200
0.000000
0.618500
0.000000
0.514000
0.000000
0.552100
0.000000
0.544300
0.000000
0.599100
0.558800
0.000000
0.000000
0.000000
0.592400
0.544700
0.531200
0.533000
0.000000
0.000000
0.565300
0.000000
0.000000
0.608200
0.629700
0.000000
0.596800
0.000000
0.609900
0.537100
0.583000
0.567400
0.615000
0.543300
0.549800
0.556400
0.536600
0.000000
0.000000
0.608600
0.560500
0.543400
0.000000
0.000000
0.000000
0.000000
0.000000
1.102400
0.545000
0.593300
0.000000
0.000000
0.000000
0.517400
0.000000
0.582800
0.541900
0.524700
0.518600
0.521100
0.000000
0.526500
0.000000
0.000000
0.524900
0.537400
0.000000
0.586900
0.546100
0.529300
0.568900
0.000000
0.595800
0.611400
0.525100
0.000000
0.000000
0.522700
0.000000
0.000000
0.520900
0.574500
0.000000
0.000000
0.000000
0.522700
0.617300
0.000000
0.000000
0.667900
0.000000
0.000000
0.508100
0.508300
0.028800
0.559500
0.000000
0.000000
0.516200
0.551700
0.000000
0.596200
0.530500
0.523000
0.000000
0.000000
0.000000
0.518500
0.000000
0.000000
0.621300
0.000000
0.550900
0.000000
0.573600
1.736400
0.000000
2.553000
0.554900
0.528200
0.506100
0.000000
0.000000
0.632500
0.592700
0.000000
0.622100
0.542600
0.000000
0.000000
0.531500
0.000000
0.000000
0.531600
0.561300
0.558900
0.516500
0.533500
0.525900
0.574900
0.544600
0.630900
0.587600
0.585100
0.000000
0.568400
0.527600
0.520500
0.508700
0.000000
0.575000
0.000000
0.558800
0.000000
0.573700
0.610600
0.624700
0.583000
0.516700
0.674700
0.509500
0.000000
0.536000
0.586400
0.000000
0.505600
0.517900
0.574200
0.581300
0.000000
0.532100
0.532700
0.000000
0.552800
0.527500
0.000000
0.540900
0.000000
0.000000
0.552000
0.618100
0.583100
0.507100
0.530300
0.557600
0.603600
0.536500
0.055700
0.628700
0.546200
0.549200
0.000000
0.000000
0.601800
0.525000
0.507000
0.522800
0.519000
2.004800
0.537800
0.000000
0.584900
0.517200
0.529700
0.647400
0.538200
0.544200
0.519000
0.548000
0.532600
0.000000
0.592500
0.000000
0.515900
0.533800
0.000000
0.637500
0.540600
0.565400
0.566200
0.624600
0.562700
0.525800
0.000000
0.505500
0.000000
0.000000
0.533600
0.532400
0.591400
0.527500
0.541500
0.000000
0.527600
0.543500
0.571500
0.525600
0.523900
0.527000
0.000000
0.660100
0.525800
0.000000
0.368000
0.524900
0.644400
0.538700
0.601600
0.596400
0.522700
0.574700
1.678500
0.599200
1.066100
0.000000
0.591200
0.526200
0.545200
0.000000
0.000000
0.000000
0.673300
0.000000
0.537400
0.523300
0.525800
0.558600
0.526600
0.543600
0.000000
0.000000
0.608500
0.000000
0.518400
0.520400
0.519900
0.637900
0.546400
0.000000
0.536500
0.583700
0.594100
0.635400
0.000000
0.000000
0.533000
0.506800
0.547600
0.000000
0.000000
0.000000
0.000000
0.000000
0.000000
0.543200
0.000000
0.616000
0.000000
0.000000
0.527300
0.000000
0.606900
0.531800
0.000000
0.000000
0.000000
0.524100
0.525400
0.524400
0.000000
0.526700
0.530200
0.619600
0.543800
0.504700
0.000000
0.606600
0.590900
0.543400
0.000000
0.510300
0.523500
0.521900
0.509200
0.625400
0.535400
0.000000
0.553900
0.000000
0.637700
0.000000
0.545300
0.000000
0.523700
0.529500
0.538200
0.000000
0.517700
0.624300
0.000000
0.518600
0.519200
0.645600
0.586800
0.000000
0.508100
0.515600
0.583400
0.521100
0.510800
0.524500
0.522500
0.530700
1.046700
0.526300
0.537700
0.525300
0.000000
0.000000
0.536900
0.654900
0.581400
0.508600
0.000000
0.000000
0.583200
0.635300
0.521200
0.522700
0.519900
0.541900
0.548600
0.000000
0.509200
0.506100
0.000000
0.000000
0.541400
0.524500
0.541000
0.541000
0.522700
0.550100
0.000000
0.516000
0.514700
0.526000
0.567400
0.535600
0.531000
0.505300
0.542300
0.521200
0.596400
0.000000
0.000000
0.000000
0.544000
0.523000
0.000000
0.000000
0.562900
0.000000
0.570600
0.551900
0.506300
0.548000
1.343300
0.509700
0.566600
0.594000
0.000000
0.000000
0.532100
0.000000
0.519200
0.530500
0.535700
0.609500
0.000000
0.532600
0.529700
0.530400
0.563900
0.543500
0.528600
0.519800
0.532000
0.517500
0.521000
0.000000
0.530500
0.549900
0.505600
0.555300
0.624600
0.383900
0.590400
0.542900
0.000000
0.526600
0.000000
0.509400
0.526300
0.517300
0.508600
0.566700
0.581200
0.600900
0.529100
0.549800
0.535000
0.507800
0.000000
0.546500
0.523200
0.521600
0.564200
0.559200
0.532200
0.000000
0.602100
0.635100
0.594700
0.538400
0.528200
0.535300
0.532800
0.507400
0.526100
0.000000
0.639700
0.532800
0.660200
0.000000
0.610900
0.565400
0.548900
0.531900
0.026400
0.000000
0.526700
0.561200
0.522300
0.000000
0.000000
0.568200
0.000000
0.641400
0.538300
0.000000
0.519400
0.000000
0.506600
0.601800
0.509700
0.000000
0.587000
0.537600
0.523800
0.635100
0.579300
0.525700
0.527200
0.505800
0.568800
0.000000
0.518500
0.532300
0.532600
0.633900
0.532100
0.531500
0.530500
0.531300
0.000000
0.000000
0.562600
0.518100
0.590200
0.538500
0.530400
0.514300
0.000000
0.532900
0.000000
0.603700
0.515500
0.527900
0.575100
0.000000
0.596200
0.534400
0.000000
0.624900
0.636000
0.619900
0.582300
0.523200
0.529200
0.522800
0.535200
0.000000
0.509800
0.592400
0.517100
0.507700
0.568200
0.583100
0.576400
0.546500
0.515700
0.631100
0.000000
0.000000
0.000000
0.510000
0.566100
0.524900
0.000000
0.517900
0.000000
0.000000
0.529300
0.554500
0.542200
0.538500
0.571600
0.684700
0.603200
0.683700
0.552800
0.537600
0.546700
0.535100
0.552900
0.000000
0.000000
0.577600
0.516100
0.666700
0.505200
0.000000
0.616500
0.509700
0.000000
0.573300
0.000000
0.000000
0.000000
0.533000
0.000000
0.000000
0.000000
0.000000
0.517800
0.000000
0.554100
0.000000
0.534300
0.514800
0.583400
0.574900
0.634000
0.613700
0.507700
0.000000
0.000000
0.530100
0.000000
0.507500
0.000000
0.553100
0.000000
0.000000
0.000000
0.000000
0.576200
0.000000
0.000000
0.000000
0.507700
0.000000
0.519400
0.534200
0.000000
0.524700
0.525200
0.000000
0.571200
0.625600
0.536100
0.000000
0.509400
0.602100
0.580500
0.000000
0.560200
0.505900
0.000000
0.537000
0.000000
0.543100
0.518600
0.506800
0.508300
0.000000
0.000000
0.000000
0.525100
0.526800
0.535500
0.000000
0.665800
0.508700
0.671800
0.506300
0.530200
0.000000
0.000000
0.533900
0.628900
0.538100
0.648000
0.543700
0.524900
0.000000
0.506300
0.000000
0.543900
0.670000
0.654100
0.505300
0.000000
0.548800
0.524600
0.027300
0.525700
0.538900
0.049700
0.000000
0.000000
0.546000
0.649900
0.000000
0.569000
0.586900
0.596700
0.528000
0.547000
0.539700
0.556400
0.577200
0.554700
0.000000
0.000000
0.000000
0.000000
0.659500
0.538200
0.555200
0.606400
0.648400
0.580400
0.000000
0.613300
0.000000
0.582500
0.507600
0.532600
0.529000
0.632100
0.526300
0.000000
0.522200
0.562000
0.529000
0.527000
0.000000
0.000000
0.000000
0.000000
0.609700
0.572300
0.577000
0.000000
0.000000
0.540400
0.524400
0.644000
0.676100
0.000000
0.000000
0.528100
0.000000
0.000000
0.530300
0.601900
0.626100
0.569300
0.529900
0.545800
0.563400
0.000000
0.000000
0.000000
0.551300
0.576300
0.519300
0.620900
0.623700
0.525200
0.531100
0.564000
0.523100
0.516400
0.579200
0.000000
0.595600
0.525000
0.562100
0.000000
0.000000
0.637900
0.000000
0.572400
0.529400
0.538000
0.000000
0.638900
0.607300
1.771900
0.537100
0.000000
0.550800
0.546700
0.555000
0.509300
0.521700
0.601700
0.509500
0.605200
0.605200
0.570600
0.521700
0.645000
0.577600
0.000000
0.558200
0.598000
0.000000
0.550500
0.535400
0.575900
0.000000
0.521300
0.565400
0.511200
0.634500
0.657800
0.515600
0.538300
0.659300
0.000000
0.682400
0.625000
0.527200
0.542600
0.681700
0.633700
0.532300
0.599000
0.644800
0.537600
0.549100
0.639400
0.538300
0.518400
0.529900
0.612600
0.549400
0.532000
0.535200
0.570800
0.578700
0.523900
1.021200
0.548000
0.524600
0.638300
0.620200
0.522700
0.523400
0.572400
0.525600
0.564700
0.000000
0.676200
0.524900
0.523200
0.546600
0.000000
0.525000
0.597500
0.590300
0.527400
0.647200
0.536100
0.528300
0.551700
0.534700
0.533100
0.536300
0.567000
0.569900
0.553600
0.627000
0.524600
0.539100
0.597900
0.537000
0.538300
0.592900
0.574000
0.527800
0.648400
0.541400
0.618700
0.635100
0.610400
0.660700
0.517900
0.538600
0.605100
0.514900
0.651700
0.525600
0.523900
0.528600
0.000000
0.536800
0.658000
0.531000
0.593100
0.538400
0.535800
0.526100
0.522700
0.540800
0.542500
0.602800
0.539700
0.522800
0.556300
0.525900
0.578700
0.000000
0.000000
0.581400
0.579600
0.624300
0.526400
0.519200
0.642900
0.615800
0.602100
0.536200
0.627300
0.610700
0.640600
0.526900
0.686200
0.519700
0.637300
0.605900
0.529800
0.615800
0.527700
0.653900
1.059000
0.610100
0.655200
0.629500
0.582200
0.527300
0.627600
0.655700
0.593900
0.536300
0.619000
0.528300
0.639200
0.540900
0.520200
0.522400
0.520000
0.533400
0.692500
0.534600
0.517200
0.537900
0.573100
0.565700
0.527100
1.681300
0.540700
0.709600
0.639700
0.646100
0.654300
0.572400
0.539800
0.637000
0.526600
0.525800
0.531000
0.534200
0.646200
0.552200
0.652800
0.511500
0.532300
0.616800
0.000000
0.540800
0.519400
0.522900
0.601700
0.000000
0.508200
0.555100
0.519000
0.598000
0.632700
0.000000
0.541400
0.600600
0.528800
0.526500
0.623500
0.536500
0.625400
0.538000
0.540400
0.537600
0.628700
0.564600
0.613800
0.527200
0.546300
0.561100
0.534900
0.523500
0.517600
0.532900
0.535900
0.616800
0.544800
0.582400
0.544500
0.573100
0.528900
0.549700
0.559800
0.505300
0.531000
0.602000
0.000000
0.531700
0.535300
0.539000
0.638300
0.542500
0.051800
0.586800
0.529900
0.564700
0.533400
0.023500
0.528100
0.628800
0.563800
0.000000
0.657400
0.566100
0.608900
0.651300
0.544100
0.519400
0.591000
0.551300
0.544400
0.574400
0.526500
0.000000
0.615100
0.533100
0.628600
0.522900
0.641700
0.542200
0.023600
0.585600
0.553200
0.539000
0.537700
0.669600
0.534300
0.510400
0.539300
0.622900
0.615100
0.591100
0.523400
0.613900
0.522600
0.603400
0.517700
0.530000
0.668100
0.601500
0.661700
0.627800
0.515500
0.523500
0.644500
0.525200
0.605100
0.664900
0.547500
0.530700
0.646100
0.573700
0.640500
0.615600
0.535300
0.529400
0.637400
0.521800
0.523700
0.621300
0.527800
0.559900
0.530700
0.631100
0.680300
0.573600
0.522600
0.599000
0.526900
0.651700
0.594300
0.641000
0.000000
0.536700
2.173900
0.525700
0.515400
0.601800
0.629900
0.535000
0.605900
0.636700
0.673200
0.530300
0.545200
0.592800
0.542300
0.646100
0.597400
0.532400
0.540700
0.516200
0.616800
0.619900
0.522000
0.521800
0.601500
0.517600
0.640000
0.621900
0.529600
0.068400
0.598500
0.591800
0.540500
0.541600
0.505200
0.535700
0.530800
0.642200
0.569100
0.541700
0.515200
0.522600
0.537800
0.623800
0.642200
0.546000
0.651800
0.000000
0.638900
0.544600
0.523700
0.598600
0.598300
0.508900
0.533400
0.601500
0.596800
0.534400
0.529500
0.551700
0.531900
0.555200
0.539900
0.639900
0.530200
0.530100
0.516700
0.523300
0.526800
0.648700
0.647300
0.664800
0.539000
0.544500
0.534000
0.566200
0.525800
0.531700
0.621900
0.532200
0.644400
0.000000
0.524300
0.525600
0.524900
0.669500
0.626700
0.527300
0.675600
0.537900
0.621000
0.565400
0.000000
0.581600
0.529200
0.539400
0.522800
0.581100
0.523200
0.528600
0.567400
0.636700
0.641600
0.520200
0.534500
0.521700
0.619300
0.523100
0.527300
0.000000
0.643100
0.568300
0.529400
0.535500
0.533900
0.624500
0.507100
0.530600
0.520600
0.527300
0.000000
0.530600
0.571900
0.614800
0.678800
0.567000
0.551100
0.601400
0.553800
0.567200
0.625600
0.533400
0.531600
0.526700
0.532400
0.541200
0.626200
0.625300
0.623600
0.516200
0.529100
0.523300
0.619200
1.467700
0.528300
0.527700
0.630900
0.626600
0.524900
1.081400
0.522900
0.529900
0.603600
0.530600
0.534700
0.520400
0.515000
0.523400
0.505900
0.647800
0.522400
0.537900
0.629900
0.607700
0.546100
0.522900
0.576800
0.663700
0.546400
0.524000
0.526800
0.522700
0.526600
0.521600
0.619500
0.559800
0.737100
0.527800
0.607900
0.421000
0.529400
0.513600
0.557900
0.649600
0.526000
0.525000
0.592100
0.545900
0.522800
0.523400
0.547600
0.619500
1.353100
0.509700
0.527500
0.524800
0.525600
0.522100
0.588000
0.534800
0.636500
0.516000
0.539600
0.525100
0.646600
0.525000
0.623800
0.523100
0.523400
0.524600
0.523400
0.532800
0.529500
0.620800
0.573500
0.648000
0.531100
0.640500
0.000000
0.548900
0.601500
0.536900
0.000000
0.609600
0.550300
0.526700
0.527900
0.539600
0.600300
0.000000
0.604300
0.610000
1.051300
0.544800
0.508400
0.576300
0.657100
0.536200
0.516100
0.506200
0.636900
1.431000
0.515000
0.540900
0.507100
0.584400
0.525000
0.529900
0.510700
0.698900
0.527700
0.596500
0.549500
0.528000
0.506500
0.000000
0.647200
0.614600
0.506800
0.600700
0.620300
0.638400
0.540400
0.593700
0.637600
0.675700
0.527300
0.000000
0.658300
0.658000
0.522200
0.017500
0.528400
0.550000
0.975400
0.611100
0.588600
0.637700
0.589200
1.050600
0.577300
0.661800
0.528400
0.557300
0.551900
0.537300
0.571000
0.520800
0.615100
0.664200
0.555500
0.537600
0.525400
0.529500
0.518300
0.600900
0.560200
0.601300
0.650500
0.585100
0.593700
0.664700
0.553900
0.605400
0.633300
0.561400
0.525000
0.538900
0.523600
0.596700
0.525700
0.534800
0.581600
0.588700
0.620800
0.000000
0.505800
0.000000
0.530600
0.595200
0.000000
0.000000
0.529100
0.608000
0.670900
0.660500
0.519200
0.000000
0.525400
0.596900
0.531600
0.813900
0.573300
0.626900
0.595400
0.538100
0.601500
0.000000
0.614600
0.598000
0.561400
0.539700
0.000000
0.594700
0.522800
0.608100
0.550500
0.525800
0.594600
0.526100
0.580900
0.000000
0.553600
0.560000
0.000000
0.016900
0.619900
0.534700
0.651900
0.608600
0.584900
1.136400
0.608100
0.000000
0.632200
0.521900
0.534700
0.542900
0.598000
0.652100
0.606300
0.637500
0.575600
0.585600
0.607600
0.560900
0.607300
0.523200
0.564400
0.566200
0.535900
0.530000
0.596300
0.596300
0.518900
0.522000
0.592500
0.597200
0.637600
0.566100
0.532400
0.567900
1.082800
0.639500
0.537300
0.667500
0.000000
0.548900
0.613900
0.578100
0.522000
0.525200
0.588900
0.527000
0.563400
0.000000
0.729600
0.524500
0.000000
0.529800
0.000000
0.000000
0.000000
0.517100
0.637300
0.534000
0.507500
0.516900
0.539400
0.571500
0.000000
0.521200
0.633900
0.543700
0.000000
0.567500
0.660500
0.506000
0.524300
0.508800
0.644300
0.000000
0.524000
0.521600
0.584700
0.600100
0.527500
0.537200
0.525100
0.532200
0.620700
0.510600
0.530200
0.533100
0.598500
0.530500
0.520200
0.526100
0.620300
0.539000
0.518600
0.644700
0.529200
0.716400
0.630300
0.523000
0.555900
0.524900
0.652100
0.654300
0.522400
0.669200
0.569600
0.576600
0.516700
0.533400
0.526900
0.620200
0.528600
0.665500
0.530400
0.598100
0.627700
0.594700
0.602700
0.648300
0.611700
0.535500
0.539700
0.599300
0.522200
0.533100
0.533500
0.654200
0.533300
0.523800
0.539500
0.528700
0.555100
0.530400
0.592900
0.522200
0.636800
0.534600
0.562900
0.528100
0.588700
0.566700
0.529600
0.522500
0.534800
0.599600
0.629200
1.120600
0.524500
0.536400
0.584500
0.655000
0.520400
0.670400
0.538300
0.604200
0.521800
0.591300
0.516500
0.549900
0.625500
0.528700
0.613200
0.517200
0.631900
0.647300
0.521400
0.523300
0.612300
0.524900
0.613400
0.521600
0.524200
1.106000
0.682300
0.541300
0.523200
0.573600
0.624100
0.522200
0.606300
0.524200
0.537600
0.535000
0.602400
0.533300
0.612700
0.555300
0.518000
0.553700
0.639400
0.530700
0.530400
0.578400
0.538900
0.631600
0.526400
0.518800
0.585800
0.650300
0.526700
0.623900
0.522500
0.588300
0.530100
0.626300
0.532300
0.616500
0.535100
0.537700
0.574100
0.591800
0.626600
0.527200
0.566300
0.595700
0.528000
0.518000
0.573500
0.507900
0.523600
0.578600
0.526800
0.588800
0.522300
0.535200
0.616000
0.516500
0.617100
0.647700
0.528500
0.505900
0.618100
0.596000
0.548500
0.672200
0.000000
0.526600
0.642600
0.531000
0.600500
0.556300
0.537700
0.533200
0.649100
0.564900
0.607800
0.537000
0.516600
0.537200
0.524400
0.580400
0.683500
0.654300
0.622200
0.623400
0.556200
0.522500
0.530500
0.534200
0.561300
0.592000
0.518700
0.577600
0.641500
0.640000
0.525300
0.638400
0.532600
0.523000
0.000000
0.551100
0.645400
0.523300
0.525300
0.529000
0.000000
0.569800
0.538900
0.572600
0.639000
0.515500
0.650100
0.524800
0.525100
0.609700
0.538200
0.522700
0.016100
0.522300
0.534000
0.645700
0.536000
0.522100
0.528000
0.657600
0.582500
0.525000
0.657800
0.558000
0.639000
0.529000
0.566800
0.534800
0.588800
0.546100
0.000000
0.528100
0.572900
0.657000
0.567100
0.623300
0.524400
0.632200
0.520500
0.542000
0.586700
0.567500
0.648100
0.529400
0.592300
0.641400
0.546300
0.530600
0.532000
0.522800
0.534900
0.554300
0.532500
0.536800
0.620100
0.514600
0.588700
0.524900
0.534800
0.612900
0.529300
0.641200
0.526200
0.558000
0.592900
0.633500
0.559500
0.572800
0.640700
0.628700
0.527400
0.530800
0.524600
0.544300
0.532300
0.619300
0.567300
0.528800
0.608500
0.563900
0.521600
0.543300
0.562200
0.607900
0.526800
0.540800
0.614000
0.540800
0.524700
0.527400
0.516300
0.636100
0.583300
0.598600
0.566600
0.617900
0.000000
0.620500
0.525200
0.530600
0.562000
0.595400
0.533300
0.667100
0.523400
0.554700
0.606400
0.540700
0.537500
0.523700
0.534600
0.570700
0.586800
0.626900
0.526000
0.592900
0.612900
0.636900
0.554700
0.605800
0.046200
0.586000
0.533100
0.539700
0.591800
0.576700
0.573500
0.522900
0.622000
0.539900
0.628900
0.000000
0.525600
0.587800
0.597500
0.531100
0.630900
0.538100
0.524800
0.612800
0.542100
0.584200
0.523600
0.530200
0.508100
0.571100
0.618000
0.533700
0.602200
0.000000
0.538900
1.038100
0.518600
0.000000
0.523700
0.598200
0.603900
0.000000
0.520900
0.649400
0.658100
0.519900
0.620400
0.608400
0.521200
0.876900
0.556800
0.520000
0.510900
0.507100
0.570300
0.525500
0.560600
0.527700
0.528600
0.534700
0.533000
0.593800
0.552300
0.527100
0.554900
0.529100
0.580100
0.524700
0.507100
0.571300
0.551500
0.636800
0.000000
0.547200
0.587100
0.593500
0.571600
0.000000
0.516100
0.543100
0.553300
0.506200
0.521300
0.660200
0.548200
0.000000
0.554800
0.546200
0.538600
0.529200
0.537800
0.000000
0.536100
0.541300
0.583400
0.000000
0.000000
0.000000
0.607800
0.529400
0.507300
0.526600
0.565700
0.513700
0.658600
0.524300
0.577200
0.000000
0.544500
0.660300
0.522100
0.585400
0.526100
0.506900
0.522800
0.527400
0.587000
0.526200
0.625200
0.708100
0.657100
0.534900
0.638700
0.650400
0.521900
1.517400
0.534500
0.544600
0.524300
0.524900
0.526100
0.524700
0.629000
0.516100
0.536300
0.670300
0.570100
0.331500
0.564400
0.640900
0.623100
0.637600
0.591800
0.564700
0.529100
0.563500
0.523000
0.543700
0.620400
0.523500
0.668500
0.636300
0.526700
0.520100
0.588700
0.537500
0.579700
0.518200
0.607400
0.593100
0.577600
0.572700
0.522500
0.533400
0.531700
0.000000
0.577100
0.665000
0.617500
0.520400
0.647000
0.634100
0.535100
0.528400
0.551400
0.529000
0.676200
0.577600
0.597100
0.000000
0.607500
0.541600
0.635400
0.522000
0.520600
0.522800
0.541300
0.640200
0.567900
0.617500
0.000000
0.591000
0.529400
0.619900
0.000000
0.682400
0.507400
0.522800
0.529900
0.532400
0.526800
0.561600
0.602400
0.539200
0.590600
0.550000
0.607100
0.519400
0.534300
0.572900
0.644800
0.535500
0.662200
0.523100
0.534700
0.000000
0.589000
0.529500
0.000000
0.527100
0.000000
0.580800
0.522500
0.597000
0.530400
0.524500
0.516600
0.619500
0.522500
0.620700
0.544200
0.635400
0.665200
0.519300
0.000000
0.537100
0.675300
0.629600
0.000000
0.531800
0.529600
0.632800
0.000000
0.523800
0.599400
0.561800
0.571900
0.522300
0.537000
0.516600
0.521600
0.562700
0.641700
0.553100
0.524700
0.603600
0.571800
0.547600
0.679600
0.591400
0.556900
0.616900
0.653000
0.526000
0.521900
0.555700
0.000000
0.610600
0.610400
0.572600
0.531800
0.617000
0.647600
0.670100
0.583100
0.606200
0.528600
0.613900
0.613900
0.559300
0.518800
0.534700
0.527100
0.525200
0.521100
0.554800
0.522800
0.520300
0.607800
0.527500
0.540900
0.524400
0.549100
0.527700
0.000000
0.000000
0.618200
0.625500
0.571200
0.510800
0.522000
0.000000
0.528000
0.556200
0.683700
0.545200
0.687300
0.700800
0.602800
0.528800
0.605600
0.638700
0.516300
0.525400
0.525200
0.535100
0.618800
0.539400
0.600900
0.614100
0.548400
0.594400
0.670400
0.529600
0.530100
0.598000
0.539000
0.520000
0.637600
0.527700
0.531500
0.576700
0.522600
0.540300
0.530300
0.516600
0.508400
0.611500
0.586600
0.614700
0.521900
0.527900
0.571400
0.577700
0.526800
0.528200
0.595500
0.527800
0.624500
0.563000
0.640500
0.543600
0.524600
0.574900
0.510000
0.530700
0.580400
0.507300
0.516800
0.000000
0.610300
0.000000
0.555200
0.584300
0.522800
0.508300
0.542100
0.522900
1.662700
0.564400
0.571900
0.526500
0.022700
0.523800
0.531500
0.000000
0.636400
0.551500
0.519600
0.549900
0.580300
0.609600
0.535200
0.549900
0.531500
0.517100
0.637400
0.523200
0.520000
0.525600
0.537000
0.544000
0.586500
0.657000
0.524600
0.516000
0.530500
0.526900
0.662100
0.516200
0.551100
0.537400
0.558900
0.000000
0.552600
0.536700
0.525400
0.628200
0.017900
0.505400
0.542900
0.616000
0.521700
0.568400
0.514400
0.568500
0.562400
1.693100
0.616400
0.525600
0.560600
0.528400
0.560100
0.594100
0.561500
0.536200
0.572300
0.537900
0.552300
0.528800
0.532300
0.567000
0.553500
0.529700
0.530300
0.532000
1.107100
0.521100
0.521900
0.523000
0.549600
0.529400
0.529700
0.539000
0.582700
0.533200
0.625500
0.000000
0.513900
0.524800
0.645100
0.616000
0.526400
0.605800
0.528100
0.522200
0.639000
0.539700
0.548200
0.556100
0.633700
0.546000
0.631800
0.000000
0.580900
0.632200
0.506700
0.551500
0.652500
0.549600
0.520500
0.530100
0.606700
0.524500
0.625300
0.629900
0.576800
0.524300
0.576100
0.522300
0.000000
0.518900
0.524200
0.585200
0.591100
0.526400
0.523100
0.516900
0.522600
0.000000
0.543200
0.000000
0.594400
0.000000
0.660000
0.581400
0.557500
0.576900
0.588100
0.618300
0.514800
0.617900
0.517800
0.536200
0.518900
0.549500
0.602800
0.592800
0.529300
0.631100
0.572700
0.623100
0.533700
0.542700
0.000000
0.540200
0.616300
0.563400
0.561700
0.523500
0.559600
0.529400
0.603800
0.614100
0.610600
0.557800
0.609900
0.599900
0.622600
0.612500
0.634900
0.000000
0.538900
0.000000
0.528700
0.574900
0.615300
0.523400
0.533700
0.596900
0.527500
0.550300
0.524500
0.563300
0.523300
0.528600
0.606900
0.658600
0.522600
0.648400
0.553600
0.620600
0.587700
0.525300
0.612300
0.527100
0.524000
0.553100
0.532600
0.515300
0.645200
0.541200
0.522500
0.000000
0.000000
0.525300
0.638700
0.617700
0.649500
0.000000
0.612700
0.595800
0.550100
0.554700
0.530500
0.527400
0.613900
0.523200
0.562500
0.538200
0.525000
0.582300
0.523600
0.536600
0.524900
0.527400
0.617300
0.530700
0.641900
0.652800
0.551800
0.546900
0.530200
0.603000
0.518000
0.526200
0.523100
0.526200
0.560300
0.528300
0.532800
0.529100
0.620400
0.536000
0.537000
0.619600
0.525300
0.538400
0.529500
0.590500
0.680800
0.540200
0.520400
0.532100
0.523400
0.538700
0.639500
0.550300
0.524200
0.530100
0.629700
0.535600
0.610100
0.526400
0.534200
0.528700
0.670900
0.540800
0.515600
0.000000
1.124600
0.559600
0.608900
0.035700
0.643100
0.536600
0.620100
0.523100
0.507200
0.520500
0.571500
0.653700
0.536200
0.529400
0.659000
0.572900
0.505200
0.534300
0.594700
0.644100
0.000000
0.530000
0.527900
0.000000
0.610500
0.528500
0.637500
0.688900
0.581300
0.638600
0.525600
0.651300
0.532800
0.575700
0.597100
0.572900
0.581600
0.618900
0.550600
0.522900
0.520100
0.537700
0.539300
0.539200
0.523500
0.525300
0.581500
0.523300
0.598500
0.569000
0.000000
0.533400
0.527400
0.612300
0.552100
0.643700
0.616800
0.641200
0.535700
0.649900
0.586800
0.559000
0.601500
0.512700
0.528900
0.584000
0.550100
0.515200
0.000000
0.533500
0.530500
0.612100
0.597100
0.537700
0.589600
0.000000
0.547300
0.546600
0.526300
0.618200
0.604300
0.535800
0.627800
0.589700
0.673000
0.523300
0.602300
0.524200
0.534000
0.602100
0.575100
0.587700
0.532200
0.528800
0.522500
0.587800
0.675200
0.541900
0.000000
0.617500
0.639100
0.553100
0.523300
0.528500
0.538500
0.528200
0.626600
0.533900
0.631400
0.620400
0.579000
0.593600
0.539700
0.524000
0.585100
0.632600
0.539100
0.623200
0.536100
0.550400
0.537500
0.597400
0.536100
0.571100
0.518200
0.645700
0.535400
0.000000
0.533400
0.602800
0.519900
0.542400
0.525100
0.532000
0.602300
0.521400
0.573200
0.544400
0.619700
0.646300
0.615900
0.536800
0.574800
0.634800
0.528800
0.506300
0.594100
0.605900
0.523000
0.524200
0.560100
0.583700
0.557600
0.596700
0.556900
0.585000
0.633000
0.516800
0.517400
0.530700
0.610400
0.608200
0.618700
0.535000
0.609500
0.531100
0.540000
0.517200
0.539300
0.527100
0.656700
0.529200
0.660100
0.000000
0.000000
0.628100
0.521900
0.529700
0.541600
0.520400
0.528400
0.620800
0.528000
0.524500
0.594400
0.573900
0.538100
0.640200
0.556900
0.557900
0.620400
0.551600
0.684400
0.646100
0.601200
0.524300
0.527000
0.606300
0.520700
0.530100
0.579400
0.524300
0.538100
0.525100
0.638800
0.531700
0.664300
0.524700
0.551400
0.611800
0.633500
0.635600
0.552000
0.523000
0.731200
0.603700
0.538000
0.631200
0.528900
0.629300
0.564400
0.613600
0.624200
0.601200
0.370900
0.532000
0.000000
0.623900
0.540000
0.530400
0.536400
0.563700
0.521700
0.525800
0.522100
0.000000
0.617800
0.520500
0.525400
0.531400
0.518800
0.584300
0.530800
0.594800
0.623600
0.606800
0.563900
0.637500
0.520400
0.564000
0.634000
0.537600
0.523000
0.528100
0.613600
0.000000
0.578800
0.523400
0.508500
0.537800
0.640000
0.530200
0.671300
0.530900
0.631800
0.613600
0.524000
0.522100
0.000000
0.613800
0.603600
0.617100
0.507100
0.526000
0.598900
0.525700
1.445900
0.000000
0.600400
0.596800
0.533200
0.600900
0.505600
0.057100
0.526600
0.523400
0.589800
0.530800
0.535900
0.515700
0.517200
0.530100
0.542200
0.562400
0.665500
0.524800
0.644400
0.521800
0.524700
0.527200
0.537300
0.539500
0.564900
0.601400
0.568200
0.613000
0.519900
0.529200
1.039500
0.534700
0.689800
0.524700
0.537300
0.584900
0.615300
0.532900
0.535700
0.617100
0.631600
0.588800
0.609400
0.608200
0.636200
0.000000
0.529300
1.557700
0.528700
0.518500
2.632400
0.521200
0.524200
0.559500
0.563100
0.522700
0.619200
0.643600
0.611100
0.584800
0.562100
0.528400
0.522700
0.625900
0.525900
0.545200
0.526600
0.608800
0.602900
0.518400
0.000000
0.542400
0.514800
0.581700
0.646100
0.544400
0.531900
0.526800
0.511400
0.538900
0.522900
0.663000
0.618200
0.542400
0.568600
0.579800
0.526600
0.631400
0.668100
0.631400
0.521700
0.536800
0.540300
0.563600
0.527000
0.000000
0.557900
0.647200
0.661500
0.551200
0.605000
0.517400
0.607400
0.582800
0.657100
0.531100
0.539200
0.521700
0.000000
0.629400
0.526200
0.545500
0.530800
0.626000
0.521400
0.517400
0.524100
0.540500
0.599800
0.531000
0.538500
0.518900
0.522100
0.000000
0.527500
0.601400
0.624200
0.000000
0.558800
0.554200
0.583100
0.614600
0.538800
0.540900
0.609700
0.613900
0.526000
0.530100
0.524500
0.588000
0.575100
0.563600
0.606700
0.000000
0.523100
0.521100
0.514000
0.522700
0.543400
0.522700
0.619200
0.524000
0.730700
0.522300
0.564000
0.556700
0.534800
0.000000
0.529900
0.000000
0.570000
0.528900
0.517200
0.525000
0.514100
1.095700
0.526600
0.523500
0.649900
0.584000
0.615600
0.609000
0.529200
2.100000
0.523100
0.518200
0.617400
0.563500
0.558800
0.539400
0.535500
0.582700
0.555200
0.526900
0.523300
0.622600
0.523100
0.546000
0.584300
0.532800
0.506800
0.508800
0.540300
0.515700
0.516300
0.609500
0.532000
0.662000
0.619400
0.524800
0.556700
0.582600
0.535800
0.522800
0.563400
0.530600
0.604000
0.548800
0.602400
0.523600
0.618600
0.536600
0.532800
0.542000
0.534100
0.524100
0.524900
0.669000
0.555900
0.531700
0.576000
0.549400
0.526900
0.528300
0.622400
0.558100
0.576700
0.000000
0.522900
0.528800
0.529300
0.545900
0.638100
0.000000
0.526800
0.531400
0.543900
0.618900
0.527500
0.523600
0.613000
0.636100
0.575700
0.534700
0.605800
0.614900
0.517300
0.690900
0.523600
0.540000
0.553200
0.070000
0.605800
0.613100
0.587200
0.518800
0.566700
0.529800
0.545300
0.624700
0.600100
0.551800
0.617800
0.525400
0.622000
0.544400
0.692100
0.439300
0.611600
0.538300
0.536100
0.590500
0.571100
0.599600
0.598700
0.624400
0.601300
0.000000
0.528900
0.532600
0.000000
0.675000
0.563900
0.524900
0.541400
0.523500
0.624600
0.560600
0.515000
0.662600
0.660900
0.655900
0.523100
0.631600
0.567500
0.549500
0.529000
0.641500
0.523200
0.597100
0.518800
0.528700
0.557800
0.527200
0.533200
0.524900
0.634100
0.544500
0.505800
0.629600
0.565100
0.526000
0.594900
0.517800
0.522200
0.584800
2.111900
0.522000
0.523700
0.538600
0.639900
0.562400
0.534900
0.530900
0.628800
0.535300
0.540900
0.521700
0.663800
0.582600
0.589900
0.522300
0.526400
0.000000
0.636100
0.531100
0.000000
0.519600
0.527600
0.624700
1.468500
0.524100
0.594500
0.556200
0.532200
0.569300
0.527400
0.644900
0.632400
0.530700
0.524500
0.615000
0.658700
0.596400
0.608000
0.522800
0.566200
0.516600
0.598300
0.564800
0.530300
0.524700
0.537300
0.607600
0.523900
0.651700
0.525900
0.655500
0.522100
0.525200
0.516300
0.636700
0.652600
0.519200
0.543700
0.541000
0.522300
0.563800
0.521900
0.531800
0.515000
0.633000
0.594500
0.533800
0.545100
0.645000
0.571300
0.516700
0.000000
0.000000
0.522300
0.522600
0.554400
0.000000
0.525900
0.625500
0.518400
0.603300
0.654800
0.549700
0.562500
0.520900
0.513800
0.567100
0.559000
1.071800
0.606100
0.516000
0.506500
0.519100
0.534400
0.526100
0.633300
0.631400
0.659500
0.523700
0.625900
0.522500
0.603300
0.544400
0.528900
0.600200
0.518600
0.594600
0.561000
0.573500
0.540400
0.000000
0.613900
0.543400
0.527000
0.642800
0.514700
0.000000
0.541400
0.595100
0.522500
0.530300
0.520200
0.533400
0.514400
0.524600
0.522400
0.607800
0.529700
0.585000
0.534600
0.538100
0.520100
0.596000
0.660600
0.524100
0.525500
0.612200
0.596000
0.524600
0.607900
0.675900
0.534300
0.626900
0.583200
0.656600
0.528700
0.527800
0.540500
0.647000
0.608300
0.000000
0.568600
0.537500
0.000000
0.602200
0.526700
0.507300
0.576300
0.581200
0.000000
0.646100
0.522400
0.622900
0.525700
0.522200
0.527700
0.524800
0.679700
0.649600
0.523300
0.522400
0.000000
0.646000
0.563500
0.664400
0.515800
0.537100
0.530600
0.659800
0.540200
0.537800
0.565100
0.528300
0.641400
0.598300
0.615700
0.000000
0.572400
0.000000
0.534000
0.527400
0.674000
0.060100
0.532800
0.527400
0.635700
0.670500
0.621000
0.000000
0.601300
0.523000
0.000000
0.640000
0.599700
0.525600
0.550600
0.533800
0.534800
0.638600
0.530600
0.659800
0.528200
0.572000
0.581900
0.537800
0.536300
0.526100
0.519400
0.557200
0.534500
0.518400
0.522600
0.545700
0.537700
0.515300
0.521400
0.509000
0.522600
0.522800
0.657600
0.651400
0.523700
0.539200
0.561800
0.529200
0.613100
0.637500
0.599800
0.522300
0.525500
0.509000
0.526000
0.527900
0.000000
0.665700
0.527400
0.561200
0.606800
0.556400
0.532300
0.543700
0.529300
0.534000
0.620800
0.537000
0.521900
0.576900
0.699800
0.580100
0.610300
0.531800
0.628900
0.531300
0.645300
0.549700
0.598400
0.603300
0.521700
0.529300
0.660400
0.562900
0.522400
0.611000
0.585200
0.651900
0.573700
0.611400
0.523500
0.535500
0.556500
0.571100
0.634700
0.529200
0.525400
0.558600
0.621100
0.678100
0.560900
0.529000
0.604300
0.508600
1.078000
0.694000
0.553800
0.516200
0.658600
0.533200
0.528500
0.569600
0.525700
0.647100
0.590800
0.528700
0.530300
0.536600
0.622500
0.533100
0.612500
0.572800
0.531400
0.586800
0.541500
0.529400
0.000000
0.525200
0.000000
0.633800
1.227200
0.000000
0.533700
0.527100
0.626400
0.603500
0.601800
0.668600
0.552300
0.530900
0.600800
0.618900
0.632100
0.507700
0.545800
0.534600
0.522300
0.508900
0.644200
0.545800
0.595800
0.540100
0.522800
0.566100
0.621500
0.526000
0.559500
0.614300
0.576700
0.522000
0.537600
0.566800
0.534300
0.516400
0.641300
0.524000
0.524700
0.525100
0.622100
0.692400
0.514700
0.564600
0.536900
0.516500
0.622600
0.527200
0.511100
0.526500
0.538900
1.297300
0.541600
0.525200
0.535900
0.613400
0.545300
0.526600
0.565200
0.000000
0.524800
0.523000
0.617800
0.526500
0.522700
0.544100
0.519200
0.533900
0.000000
0.613100
0.519400
0.527300
0.000000
0.539600
0.560600
0.686400
0.606700
0.522500
0.515100
0.518400
0.519000
0.522500
0.549500
0.640500
0.633600
0.620100
0.608200
0.024000
0.657600
0.671800
0.542000
0.525800
0.616400
0.528500
0.531400
0.615700
0.567500
0.590300
0.525800
0.530700
0.543200
0.623300
0.649000
0.533400
0.525600
0.563000
0.566300
0.532300
0.569400
0.523200
0.516700
0.619100
0.561500
0.532700
0.534400
0.525100
0.526300
0.533000
0.608100
0.000000
0.528500
0.533400
0.581500
0.515300
0.523300
0.561900
0.525300
1.039900
0.592000
0.618800
0.531300
0.694600
0.535000
0.524900
0.641900
0.526900
0.571900
0.520600
0.687500
0.528100
0.546300
0.628100
0.662600
0.527400
0.589900
0.617200
0.540300
0.610300
0.515800
0.567800
0.642500
0.000000
0.516900
0.525600
0.606100
0.613700
0.570300
0.524400
0.609000
0.532100
0.558900
0.519100
0.529700
0.531600
0.525900
0.531800
0.521200
0.519800
0.523000
0.516700
0.525600
0.531200
0.528200
0.529500
0.558400
0.537500
0.541600
0.615500
0.645500
0.626400
0.515100
0.553400
0.523000
0.527400
0.000000
0.527500
0.615600
0.641800
0.556000
0.516900
0.597000
0.606800
0.000000
0.536600
0.634200
0.532000
0.519000
1.451700
0.663700
0.533300
0.602600
0.527600
0.567900
0.615000
0.529400
0.522200
0.567400
0.529200
0.000000
0.521200
0.555100
0.528200
0.525900
0.515600
0.564500
0.611700
0.615700
0.526700
0.522700
0.643500
0.617600
0.532100
0.525000
0.562700
0.543400
0.518600
0.523200
0.572400
0.593100
0.666700
0.603200
0.517900
0.523400
0.576600
0.528600
0.598600
0.033700
0.658500
0.540400
0.536100
0.529200
0.529000
0.517300
0.000000
0.623300
0.655100
1.602900
0.602100
0.520500
0.000000
0.523200
0.523500
0.586300
1.035000
0.533600
0.608500
0.526400
0.533400
0.544700
0.532600
0.528600
0.515700
0.507500
0.551900
0.543000
0.506000
0.542600
0.540600
0.531000
0.578400
0.633000
0.621400
0.528100
0.597500
0.000000
0.618500
0.573800
0.540600
0.659200
0.532900
0.539300
0.533400
0.657800
2.168500
0.590400
0.524500
0.527300
0.532700
0.517600
2.082700
0.654300
0.559600
0.567700
0.610500
0.538500
0.557300
0.544100
0.517100
0.564400
0.541000
0.554300
0.623400
0.519900
0.521900
0.524700
0.567600
0.000000
0.544100
0.555000
0.530600
0.579800
0.710500
0.546400
0.567100
0.577900
0.523100
0.524700
0.524200
0.000000
1.106400
0.596600
0.641500
0.532200
0.527800
0.520700
0.619500
0.620100
0.545900
0.531700
0.586000
0.627900
0.623100
0.546300
0.515700
0.528100
0.646100
0.532900
0.521100
0.532200
0.603200
0.625200
0.528600
1.055100
0.506700
0.532500
0.600300
0.565900
0.517400
0.610600
0.547800
0.601400
0.546300
0.523200
0.634600
0.612000
0.537100
0.521900
0.654700
0.571300
0.654200
0.519800
0.531300
0.531100
0.539800
0.000000
0.614200
0.537300
0.535400
0.588800
0.539700
0.525200
0.530900
0.552500
0.524200
0.551400
0.529100
0.523100
0.529200
0.551400
0.541000
0.575900
0.605000
0.522700
0.631600
0.521700
0.616200
0.677700
0.545300
0.528400
0.613700
0.639800
0.596100
0.618500
0.564900
0.531000
0.546400
0.552900
0.000000
0.524900
0.518600
0.597300
0.551800
0.554700
0.531700
0.000000
0.573000
0.000000
0.534700
0.558200
0.534900
0.545900
0.566400
0.654300
0.641400
0.533000
0.596100
0.527700
0.530300
0.526300
0.618900
0.517200
0.520500
0.526800
0.533400
0.582500
0.532800
0.518200
0.515400
0.553500
0.537400
0.537600
0.541800
0.594000
0.565100
0.538200
0.589900
0.544900
0.564000
0.615500
0.533100
0.627900
0.540900
0.551300
0.589500
0.508400
0.534200
0.534600
0.616800
0.635300
0.617900
0.629100
0.550400
0.536600
0.528000
0.662700
0.525900
0.612600
0.642100
0.508900
0.528400
0.537700
0.532400
0.644100
0.565500
0.542700
0.562800
0.556200
2.126900
0.580200
0.547300
0.633000
0.522700
0.534100
0.562500
0.523800
0.519900
0.617400
0.578300
0.000000
0.547900
0.529500
0.531700
0.000000
0.520700
