2.194600
1.083600
0.537100
0.535900
0.670700
1.079000
0.529400
0.514500
0.563900
0.526300
1.054000
1.564700
0.554900
1.027400
0.526400
0.540400
0.534000
0.542800
0.547200
0.539300
0.539000
1.064700
0.528000
0.526500
0.507700
0.532600
0.529900
0.558200
0.978800
0.536100
1.058700
0.545000
3.393600
0.506800
1.044500
1.093800
0.558000
0.539800
0.530900
1.089900
0.579900
0.597900
0.533000
0.539000
0.537000
0.528500
0.525000
0.508600
0.542900
0.546500
0.535800
0.534700
0.520400
0.528700
0.528600
0.533500
0.523400
0.525600
0.524500
0.542700
0.527400
0.529500
0.539200
0.558700
0.539100
0.526000
0.539500
0.538400
0.550800
0.536100
0.531100
0.530800
0.533900
0.574800
0.537600
0.534500
0.536900
0.543000
0.531700
0.548000
0.531100
0.526000
0.521100
0.021800
1.037900
0.531800
0.534200
1.053800
0.542000
0.549300
0.538700
0.531200
0.523100
0.530600
0.537000
0.533700
0.521600
0.511500
1.094300
0.538700
1.074300
0.537600
0.532600
0.521800
0.566000
0.535800
0.534900
0.029100
0.530500
1.068000
0.535100
0.527400
0.536800
0.541700
1.042800
0.536200
0.537500
0.552500
1.603600
0.530000
0.529200
0.532500
0.529200
0.531200
0.540800
1.065600
0.537700
1.078200
0.520700
1.058400
1.062200
0.521500
0.544600
1.069000
0.537400
0.525000
0.523500
0.537300
0.528600
1.042500
0.531800
0.532800
0.531600
1.078600
0.522600
0.542600
0.519700
0.539800
0.562400
0.539900
0.536000
0.527600
0.524500
0.535800
0.540700
0.542100
0.529200
0.530300
0.538100
0.530300
1.032900
0.540000
0.531000
0.522600
0.595300
0.535700
0.539100
0.531600
0.021800
0.533500
0.636100
0.547700
0.524500
0.523600
0.000000
0.536900
0.539400
0.520900
0.528900
0.536500
0.532700
1.069100
0.527800
0.531200
0.529200
20.486500
2.121000
3.169200
1.514400
1.600900
3.190400
3.196700
2.681600
1.588800
2.118000
3.191200
0.533400
0.530700
2.651600
2.050500
0.539300
3.226800
0.539200
2.158000
2.042700
2.739400
1.602600
3.727300
0.561400
3.196900
0.536800
2.654600
2.661600
0.535200
2.787400
3.312500
0.542500
0.507400
3.775000
1.512300
2.688900
0.507400
2.654800
3.715400
2.698900
2.664600
3.577100
2.054700
0.545200
2.817600
0.548900
2.430000
0.550500
0.532500
1.515000
3.191400
0.549700
0.538100
0.658500
2.054400
0.506300
0.528400
2.130300
3.160900
2.134700
0.542500
2.657600
0.542500
1.826800
0.528800
0.538300
0.529600
3.173000
0.541600
0.534700
0.535100
2.128300
3.190100
0.534000
2.169400
3.750600
0.540200
3.206000
3.165900
2.113000
0.547600
3.697700
2.109200
2.107000
2.647300
0.505900
3.165500
1.088500
3.886500
3.202200
2.673300
2.687000
2.106800
2.111200
0.538400
2.613700
0.549300
2.125800
0.539200
2.051200
0.529400
0.541500
0.509200
2.653100
0.531800
0.550400
2.642500
2.633500
0.506500
1.523900
2.281900
1.105300
0.550000
0.534800
3.184200
3.721600
0.000000
2.130800
0.539900
2.106000
3.204600
2.117700
3.160200
3.039900
1.045700
0.547300
0.538300
2.111900
0.542600
2.146600
0.538700
2.697100
3.217700
3.679900
3.064400
2.712100
3.183000
0.544300
2.090900
0.548400
2.515500
2.165500
0.034300
0.546600
3.335500
3.862000
2.050600
1.613400
2.911200
0.541300
0.540100
1.591900
2.938900
2.107100
0.543000
1.835700
3.360300
1.604100
3.171100
1.724500
0.535800
1.514300
0.548000
3.170100
1.653000
0.538600
3.740400
1.085900
3.705700
0.542900
1.592700
3.144200
3.178300
0.538400
1.073700
0.532600
1.593100
0.569700
0.535300
1.076800
0.537400
3.692000
0.547200
0.538500
2.647000
2.122200
0.506400
0.534000
2.108700
2.138000
2.107400
3.284400
2.054400
2.126500
3.308000
2.095500
1.062400
1.580600
1.597200
3.669300
1.076800
0.529700
2.408300
3.158900
3.208100
3.215200
2.670300
1.625800
2.660800
2.125100
2.113400
3.191800
1.581700
1.536600
3.698500
1.596200
2.729400
0.539800
2.743700
2.116000
0.543100
2.700300
0.507200
1.632300
1.667900
4.082600
1.078300
1.080200
0.557600
1.526900
2.120400
0.536400
2.154900
0.541700
0.569000
1.516100
0.542500
0.540700
2.515000
0.544500
0.000000
0.539400
2.134200
1.055100
0.531800
1.598400
0.548200
0.536600
1.629800
1.096800
0.506000
0.509000
0.545600
2.143300
2.056600
1.514600
3.189400
2.044500
0.553200
0.551000
0.527500
1.995300
0.540900
1.536400
1.031600
2.139200
0.535000
0.539400
3.536000
2.517100
2.642100
2.145400
0.573000
0.506200
0.527500
0.540800
3.719800
3.076200
0.546500
2.700200
2.659700
0.545400
2.773500
2.151100
2.071300
2.621300
3.192400
2.917400
3.674500
0.529500
1.079300
0.578800
1.604700
0.527700
0.541800
0.528200
2.000900
1.957800
0.538800
0.505900
1.617900
2.620200
2.155200
0.535100
0.548500
1.654800
0.545000
2.620900
2.610500
2.129000
2.150800
2.134900
0.532900
1.600800
2.638000
1.589200
2.118300
1.596300
3.703300
2.514200
2.189500
3.177300
2.156400
1.601700
1.561100
1.086900
3.187500
2.667400
0.506700
2.158200
0.519200
0.538400
3.251200
0.507200
2.127400
4.259700
2.768800
0.540800
1.517400
2.095600
0.539900
0.564700
3.123700
2.653300
2.648000
2.781300
0.533300
2.659800
3.041400
3.717600
2.651600
2.100800
3.420000
0.544200
0.507300
2.965700
2.122700
0.566100
0.548800
1.513500
3.199900
0.533500
0.530900
2.139900
1.515100
1.601200
1.606400
3.732200
2.142600
2.652400
3.201400
1.073800
1.515200
0.543400
1.614300
0.541600
0.540100
0.547800
0.541300
0.526500
1.595600
1.611700
2.128400
0.548100
1.621600
1.516200
0.548300
1.050000
0.588300
0.588600
2.188500
1.057000
0.536500
0.548400
3.207700
0.506100
1.063100
1.073600
1.061900
1.621900
0.507800
1.596100
1.103400
0.506800
2.085900
2.625000
0.508100
1.608100
2.615000
1.586400
0.591400
0.546800
0.544600
2.178200
3.178500
0.533800
0.530000
0.538500
0.534100
2.127600
1.514800
0.534700
0.537800
2.652100
2.662600
1.590000
1.607200
2.126900
2.647700
2.143800
0.506200
2.645100
0.540200
0.540700
0.536000
2.467100
3.223100
3.180000
2.278700
1.103200
3.166400
0.545400
2.395400
3.712300
2.672400
0.550600
3.138800
3.154200
1.079100
0.544400
2.178800
2.121000
3.181300
2.644500
0.531100
3.173500
2.132000
2.695100
3.213100
0.548400
3.682400
1.074300
3.705200
0.539100
0.545500
2.864100
1.580200
3.170600
1.038300
0.547400
1.060500
3.159900
0.535500
0.533900
2.660200
1.603000
2.060600
0.529800
0.531500
0.545400
1.105900
1.638600
0.540200
0.551400
0.506600
3.813200
2.644200
1.604800
0.531800
2.126200
0.542300
2.673000
2.157500
2.128000
0.546600
0.508200
2.318900
2.665300
2.118500
0.538200
2.679200
2.660500
0.539000
2.095300
1.620500
2.137600
2.209200
3.035300
0.534600
2.660200
2.173400
0.540500
1.098000
0.546400
2.649500
0.543400
2.657900
1.068800
0.542200
3.025600
2.010100
2.121800
0.543900
0.534500
2.720500
1.614200
3.700700
2.104100
2.112600
3.175400
1.600300
1.667200
0.544700
0.540500
2.231500
1.591500
2.922900
3.225900
2.148500
3.157400
0.783500
2.081800
1.088300
2.120100
0.528300
0.530100
3.160400
2.653800
2.139700
0.506600
1.399800
3.185000
3.187100
3.714500
3.145200
2.515200
3.712200
2.121100
1.068700
2.132400
2.734100
3.737000
1.075000
0.506500
2.155700
2.114700
3.218500
0.530500
2.626800
1.615700
0.539100
2.128300
0.505900
0.543900
0.550200
1.080000
0.542000
2.668600
0.537500
1.614100
0.537100
0.538000
0.539200
0.593200
2.046700
0.532800
1.610200
0.549600
1.513900
0.548300
0.553900
2.109600
2.624400
0.532600
0.537100
1.063500
2.120900
0.507900
0.550000
0.527400
0.545800
1.080500
0.505800
2.155300
1.589700
0.540700
0.544600
0.533000
0.539800
2.669100
1.596500
0.534400
1.583200
1.513700
0.536100
2.149300
2.649700
1.513800
3.190700
0.534900
0.533200
2.010700
3.146900
1.638900
0.533300
0.535900
1.322800
2.147800
0.535300
0.540400
0.506900
2.851900
2.654000
2.161000
2.121700
3.170100
0.538600
0.548600
2.245800
1.569300
1.380400
0.540100
3.211600
1.070800
0.536500
1.599600
2.196300
2.167900
0.545500
2.689100
2.706700
1.597800
2.149100
3.694900
0.540600
0.542100
3.720200
1.111400
0.506300
2.133200
3.125700
2.663700
0.538400
2.170400
3.698000
0.553700
0.551800
1.572800
1.078800
1.030100
0.537000
0.547400
0.544800
0.533200
0.546600
2.676200
0.544100
2.113400
1.582500
1.600000
1.514500
3.181800
0.544100
1.066800
1.603200
2.129500
2.638300
3.256500
1.667100
2.102700
0.591600
3.184300
3.685600
1.973900
3.159300
3.273600
1.803100
1.593000
3.162100
2.694600
2.666100
0.528800
0.523900
2.114800
2.154300
0.567800
0.549200
1.944100
1.946300
2.474500
0.507000
2.337400
1.891500
2.144900
1.073100
0.541300
0.529600
3.499300
2.631800
1.082500
2.641700
3.925400
2.122400
0.528900
0.542500
2.632400
1.964500
0.534200
0.531700
2.645500
2.131500
0.541800
2.693500
0.554100
2.655600
0.534600
0.538400
3.780200
2.364100
0.542700
3.186300
3.171400
2.703000
0.537000
0.566300
1.581500
3.195200
2.134700
3.889000
0.532600
2.659100
2.901400
1.603600
3.177500
2.660200
1.607300
3.722100
2.142500
0.505800
3.706600
0.534400
0.509100
1.041600
0.532900
0.040300
1.060300
0.508500
1.095000
0.554000
1.587100
2.119000
0.544900
2.124700
2.162200
0.546400
0.540200
2.130800
1.070000
2.347600
4.392700
2.187700
0.542700
0.506200
0.542400
2.626400
2.736000
1.641500
1.604100
1.010200
2.052600
0.507200
0.545600
0.586500
0.530200
0.542000
1.074400
2.117900
2.641900
0.533100
0.531000
1.046000
0.565100
0.535200
3.968300
1.068800
0.534200
0.541500
1.010600
0.547100
0.543600
2.117300
2.143600
1.079900
2.900200
2.132100
0.538700
3.626600
2.145100
1.834100
0.541000
2.110100
2.661500
2.837700
1.127800
0.533700
1.831400
2.673500
0.552700
0.535400
2.642800
3.697600
0.508000
2.200400
3.211700
3.149400
2.682700
0.542000
2.119600
2.687200
2.352700
0.527300
2.639000
1.067100
3.531300
2.138600
0.507400
0.644000
1.603900
0.541000
3.170600
0.537500
3.181200
2.134300
1.075100
1.592300
2.633400
3.179700
0.536300
0.506700
2.071800
1.056200
3.718100
2.121600
0.544500
1.505400
2.265700
3.260800
0.537700
0.508400
3.736800
0.544700
3.159200
1.080800
2.131800
2.666200
1.595900
2.120300
0.544200
2.059900
4.238100
3.172300
2.629400
3.183400
0.545700
2.656100
2.350300
2.647500
4.792100
0.608100
2.646200
2.163800
3.763500
2.646300
2.145600
3.161500
2.121000
2.640800
0.597100
2.639300
3.703300
3.221600
1.444400
2.108800
2.129800
0.541600
0.532200
0.542000
0.545000
0.531500
2.156600
2.178500
2.126700
3.515600
0.542300
1.807600
0.545500
2.683900
0.531600
0.534700
2.128900
0.547900
2.024700
0.556900
1.634200
2.137600
2.100900
0.547600
1.593300
1.079700
2.171900
0.534900
0.507200
2.122000
2.514700
0.569000
3.185500
2.101200
2.599400
2.156600
0.534500
2.111100
2.152900
2.146100
2.125300
0.543400
0.521500
3.203400
3.694900
0.535900
0.538900
2.657000
2.353800
2.716500
0.506600
3.743500
2.136200
2.693000
1.589000
0.534100
1.065200
0.547600
2.133800
1.638300
0.535700
1.045500
2.130700
2.058000
2.679700
1.577300
0.542000
1.052000
0.539800
0.534500
2.198900
0.529200
2.123800
1.061400
0.533800
3.273000
1.082100
0.543200
2.137900
1.583100
3.250100
0.556500
0.591000
0.530700
0.506300
0.529000
2.108400
0.550500
2.293400
2.043500
0.506900
2.132700
3.170800
2.094200
0.543100
3.179800
3.174900
2.793700
1.927800
1.125700
3.071600
2.137900
2.483700
2.644800
3.062600
0.547400
2.646400
3.717400
2.645100
0.543900
2.440100
2.142200
2.953800
2.798900
1.038500
1.592600
2.653900
0.534600
1.747600
0.544200
2.591000
0.546200
0.510100
2.103900
2.656300
0.539500
2.143300
3.147300
2.128200
0.537200
2.127500
4.149600
1.950800
2.287600
2.051200
0.532500
3.155600
1.588900
3.172500
0.549000
0.542100
2.659600
2.691300
3.245300
0.545900
3.710700
2.117300
0.534700
3.178800
3.719500
0.580500
1.056500
3.719200
1.619800
1.874900
0.543900
2.956900
2.793600
0.526900
0.506900
3.691800
2.124000
3.208500
2.663100
0.533700
1.056800
2.138900
1.761200
0.537100
0.529200
0.535500
1.055900
2.550900
2.138600
2.151400
2.660400
0.531600
2.077000
2.144700
3.707100
0.538700
0.538400
3.208900
2.108300
0.544900
0.529900
1.520300
2.130200
1.915400
0.539600
2.148400
2.744900
2.016200
1.323600
0.544600
2.132400
3.708000
1.609000
1.072300
0.536900
0.544700
1.513400
1.086700
0.530500
0.532900
2.143300
0.535100
2.143500
0.531100
0.554400
0.506700
0.532000
0.542900
2.068300
0.530100
2.117800
0.506600
0.539200
0.540100
2.111000
0.543800
2.155000
0.562700
0.549900
0.506700
0.551500
0.506600
0.505900
0.554700
0.529900
2.663400
0.535300
1.117500
2.125000
0.538700
0.539100
0.548900
0.534100
0.580900
0.549700
2.647500
0.506900
0.508000
1.516200
1.068900
0.542500
1.598000
0.542500
1.084800
1.598700
0.539900
0.536400
2.657800
2.155000
2.143500
0.506500
3.232100
1.584000
2.130900
3.178400
0.506500
0.538100
1.583400
2.133200
0.544500
2.163400
2.155100
2.687500
0.532800
3.220600
2.646900
2.116000
0.532300
3.207400
4.075400
1.620200
0.543000
0.551600
2.126300
2.144800
1.514700
2.161800
2.128400
1.043900
1.043900
0.548300
1.590700
0.569300
0.540800
0.529700
2.170600
2.116100
3.210500
3.400900
0.506300
0.544500
3.696800
3.198600
0.540100
0.544300
0.545100
2.146200
2.689800
2.100600
3.208900
0.536500
2.629900
2.203200
4.249700
2.118400
3.689800
0.534400
1.079500
2.694600
2.137000
3.710700
0.507200
2.125300
3.727800
3.179100
2.634200
4.791800
0.540800
2.182800
2.118400
0.544800
0.521500
1.599500
1.917000
0.509300
3.289600
2.618500
0.544600
2.660800
3.685200
2.142700
2.146200
1.668300
2.147800
2.112400
2.769600
0.553500
1.602400
2.892500
0.529800
3.213400
3.626800
2.102000
0.540800
2.279800
0.540800
1.072000
0.545700
2.110300
0.536500
1.599000
0.528800
0.540000
1.514900
2.128600
0.000000
0.506500
1.603400
0.539300
1.613000
0.000000
0.544200
0.534400
1.586900
1.582800
2.158700
0.536000
2.649400
0.539100
1.047700
1.055300
0.543600
1.514700
1.618000
1.514800
2.646400
0.529300
1.592700
2.150200
0.546200
2.134800
0.506700
0.539700
1.576600
0.507000
2.106500
0.532700
0.544900
1.053400
1.043500
0.541000
1.616100
2.629600
0.540400
2.110600
2.110800
1.048200
2.630300
2.678600
3.185600
1.585100
0.542900
0.528500
1.111900
2.148200
3.701100
0.550300
3.682500
1.590500
0.506400
0.545600
0.552800
3.350000
3.211700
2.638300
0.540500
1.608000
2.017300
2.177000
2.679100
0.536600
3.813800
1.485500
0.533800
3.175100
2.066600
3.240700
0.533800
0.527000
0.544500
3.658400
2.666200
0.507000
2.147500
1.837500
3.236000
1.047300
2.091000
2.646200
0.536100
2.150300
0.536900
2.157700
0.589800
3.190200
2.031700
0.542800
0.538900
3.672600
2.123800
0.508100
3.662200
3.684600
0.533700
0.547900
0.540400
0.532100
2.329200
2.125200
2.627100
1.059100
0.560200
0.534800
2.664500
3.181900
2.129400
2.145400
0.554900
2.152400
0.531500
0.543700
0.543300
0.533800
2.134200
1.516100
0.538900
1.623600
0.000000
1.039000
0.536500
2.122700
0.574900
1.064700
0.541900
1.615000
1.514500
0.000000
1.514900
3.749900
0.545500
2.656500
2.116500
3.163700
3.164400
0.535200
3.698600
1.809300
0.533400
2.689400
2.404300
2.150000
2.123900
0.539100
3.139200
2.133600
2.652000
3.718500
0.506500
0.606500
2.637700
2.137700
0.577600
1.092900
1.594300
3.721400
0.506000
0.524900
4.224100
2.694000
1.049500
2.107600
0.531600
2.696200
2.492600
0.528400
1.047600
4.201300
0.576900
1.474100
3.017200
2.116600
0.544700
0.544900
2.646500
2.667800
0.531600
0.549100
3.192100
2.983900
1.834500
3.731600
2.652600
0.538600
0.523600
2.914100
2.624900
2.134100
0.536300
3.732300
2.123600
2.657900
2.831300
1.007700
0.714800
3.193400
3.334600
2.631600
0.548500
2.634100
0.532900
1.591400
1.970800
0.541100
2.077800
0.538200
2.252000
3.160200
0.535700
3.633800
1.728800
3.230000
3.693200
2.441500
0.530100
2.653600
2.109600
0.544100
0.533500
3.166300
3.728400
1.065300
0.535200
0.546500
2.574100
1.610000
0.531000
2.660600
2.123300
0.542600
0.536200
3.203300
3.515500
3.748400
0.573600
0.529300
3.193400
2.140200
0.542000
2.657600
0.533900
2.150100
2.776000
1.607000
2.524100
2.730500
2.049900
3.101100
0.545800
1.603900
2.651100
0.539200
0.543900
2.136800
0.531100
1.203500
0.537000
3.109700
1.596900
0.529700
3.689700
2.109600
3.744400
0.535600
0.541600
2.098600
2.189100
0.552900
1.597900
1.608500
2.173700
0.571100
0.537300
2.644600
0.535300
0.542500
0.537700
1.515700
0.528300
0.531600
2.138800
1.576900
1.589000
0.070900
0.035100
2.126400
0.651500
0.540800
1.514400
0.507400
1.591900
0.000000
0.552200
1.244500
2.644500
2.125400
2.055000
1.611000
0.531700
0.528600
0.602000
0.058900
0.535100
2.064200
2.134000
1.602100
0.548900
0.546500
1.514800
2.130900
2.637200
2.125200
0.543300
1.593500
0.545000
1.575400
2.137400
0.547400
1.593200
1.593100
0.529600
0.538900
0.551700
2.139700
3.697000
0.507300
3.229000
3.687000
3.057400
0.540300
0.549100
3.188000
2.635800
0.550000
0.505800
3.187900
2.661400
3.674000
2.149200
2.134600
1.590700
2.660200
0.542800
3.153200
0.523000
0.538900
1.603800
0.543400
2.127700
0.544300
3.659500
3.173100
0.537200
2.636500
2.992900
1.602400
0.508000
1.616800
2.489800
3.173000
1.038200
2.121300
2.679700
0.540900
0.540200
3.687300
2.193400
0.549600
0.506300
0.530900
1.622300
0.548000
2.059100
2.192200
2.138200
3.200800
2.657400
2.150100
2.963600
2.718600
0.529700
2.648900
2.666600
2.643500
0.547300
2.149700
1.974100
0.545300
1.092300
1.601400
2.698800
3.140600
1.904200
2.655600
2.286800
2.418800
2.115000
2.152500
0.532400
3.432000
2.669300
0.525700
0.547300
0.538400
2.060200
1.073600
0.535800
2.639700
1.052800
1.586100
0.541100
1.585300
2.134400
3.189100
1.513300
3.134200
0.538100
3.650200
2.168200
2.117700
3.728600
1.065700
2.137500
3.715400
0.541600
1.072400
2.844800
3.129300
0.539000
0.506400
3.062500
2.506300
0.538900
2.470200
0.531300
0.506500
2.679100
1.622600
1.084700
0.533700
0.543000
2.241200
0.531000
2.111500
0.535800
2.131200
0.537000
0.506300
2.419800
4.500000
0.547300
0.552100
1.603600
3.719200
0.546700
0.540900
3.491000
2.134500
2.087200
1.630100
2.141100
3.706900
0.530000
2.722400
0.535000
0.537200
1.612800
3.722600
0.506100
4.408700
0.000000
1.716500
2.744800
2.145400
1.050600
0.542200
0.594400
1.608000
2.112800
0.506700
1.100600
1.088500
2.681600
0.530200
1.592100
1.632300
0.549800
1.518400
1.606600
0.547000
1.008000
0.531700
0.542400
2.110800
1.059100
1.625500
0.547900
2.073900
1.591200
0.535000
0.507400
0.035400
0.548900
2.120500
0.549300
2.116700
2.125800
2.128900
1.054900
2.136300
1.593900
2.171000
2.125300
0.506200
0.541100
0.539700
1.578400
0.547100
2.130900
0.532500
0.534400
0.533600
2.675200
2.057200
0.537200
0.528100
3.267000
2.800300
3.155600
2.706000
2.647000
3.065500
1.515200
3.898400
1.519000
0.535900
4.264800
2.663200
2.685100
0.544700
2.124700
3.677500
0.530900
0.000000
2.742300
3.724200
3.179000
0.531100
3.679400
2.139100
0.557500
0.506300
2.633600
3.724800
2.646600
0.532100
3.683800
2.115900
0.508600
3.227100
2.689100
0.531700
2.090000
2.119300
0.539700
0.506500
0.540900
3.607900
4.888100
0.543100
3.703400
1.606400
2.099800
2.082500
1.097400
0.542600
0.544300
0.545500
2.209200
3.477700
2.130300
1.079300
2.674100
3.713200
3.821000
1.076100
2.659100
4.149600
0.506100
0.538600
3.188700
3.889000
2.139600
1.062400
0.549400
0.532900
2.141000
3.701200
0.506300
2.160600
3.712100
1.613300
0.541500
0.506700
0.508600
3.532600
2.127700
0.525700
1.619100
3.166200
0.533700
1.582500
2.139200
3.192100
2.125400
1.605700
0.544600
0.550200
4.248500
0.532000
0.547000
2.260600
1.073600
1.579700
0.531400
3.172100
2.266900
2.116200
1.613500
2.146100
0.540500
2.644300
2.275200
2.678600
0.506900
1.128200
3.154300
3.177300
3.165300
0.506200
2.159800
1.972100
0.535600
3.156100
2.653800
1.598800
3.239400
1.598200
3.712100
2.676800
2.937000
2.909600
0.071200
2.676200
0.546600
2.644000
3.713800
3.248700
3.707300
0.556700
0.556700
0.531500
2.857000
2.128000
2.159700
2.653700
2.132500
1.597100
1.626000
3.868900
2.147500
0.539700
0.593100
3.106200
1.594100
1.604200
0.533500
2.057600
2.118600
1.582400
0.543500
2.889100
2.642700
3.174600
1.047400
0.538100
3.019600
2.063300
3.705700
0.010200
0.541700
3.253800
2.119900
0.505800
2.977300
2.663100
3.220300
3.266200
1.496100
3.448000
2.665000
0.506100
0.571200
2.142000
2.065300
1.599000
0.549100
1.589800
2.904800
0.539600
0.587600
2.630400
2.646700
1.600400
1.070600
0.589000
0.507400
0.546200
0.530800
2.676300
0.537400
2.665900
1.560800
0.548900
1.078200
0.559000
0.540100
0.546700
3.715700
0.552600
2.133900
2.657300
1.600100
0.549600
0.546900
2.217500
2.465400
2.667000
2.659100
2.638700
2.138800
2.128100
0.539000
2.294400
2.446700
0.547500
0.535400
2.037900
0.535700
0.534500
0.536500
2.066000
0.507200
2.108000
2.432300
1.082400
1.514500
2.159100
1.591700
0.595200
0.043400
2.235200
1.759700
2.116300
3.189200
0.533300
0.534400
2.650200
3.135800
0.546300
0.556900
3.184500
0.526900
3.521000
2.637000
2.643100
2.652500
2.113000
1.008100
0.533300
0.544600
0.551300
2.127400
2.702200
3.690200
0.547500
0.532200
0.585000
1.069100
0.543800
0.532700
0.546600
0.548900
2.141000
3.666700
0.543300
0.506500
2.207400
0.543200
3.198900
1.679300
1.563200
2.783200
0.540300
2.665100
1.593800
0.542800
3.224000
0.534900
3.151200
1.065900
2.421100
1.606100
2.118300
2.069000
1.587900
0.535200
3.175400
3.192400
3.842700
3.215600
2.931300
3.703100
3.533600
1.797100
1.576800
2.517200
3.700700
0.000000
2.653800
3.730000
2.080700
2.117600
0.542700
3.640600
1.679700
1.048400
0.533700
2.017300
3.712800
2.670100
1.599400
3.701000
0.545200
1.086200
0.000000
0.528400
0.547500
3.515200
2.059200
0.537900
1.919700
2.142800
2.141000
0.508100
1.078100
3.278300
0.541900
2.230500
0.533400
0.540300
1.591200
0.536500
1.515900
0.537400
0.546100
0.538600
2.139700
0.539500
2.054000
0.540800
2.094400
2.125200
0.540600
0.542500
0.538000
0.583000
1.514700
1.052600
0.505900
0.541000
1.601200
0.532600
1.602600
0.537600
0.538700
0.538600
2.179200
1.580600
0.506100
2.668400
2.119800
1.081200
0.547200
2.129600
1.574100
0.548000
1.049200
0.548900
2.116900
1.035900
1.512000
0.000000
1.040300
1.639600
2.135600
0.561400
0.578800
0.542100
0.537100
0.543200
3.153500
0.582800
0.540200
3.740400
3.195900
2.191100
2.060700
0.549800
0.506100
3.711200
0.543200
2.160000
0.554400
0.545700
0.538600
0.527100
3.181100
2.148400
1.149800
2.340600
2.147300
2.656500
3.727300
0.559400
1.633500
2.642600
0.539800
0.576100
2.125300
1.059100
1.596100
0.547400
2.627600
3.152900
2.989500
1.639900
2.097300
3.191600
3.224100
3.722600
2.688900
0.552500
3.722200
2.654400
3.298100
3.192200
3.718200
2.560000
0.507500
3.138100
2.905500
3.105400
1.078800
0.529800
3.700300
2.121000
1.620100
2.119200
1.071700
3.155100
3.335000
3.163200
2.105900
0.542600
2.185200
3.720300
0.506400
2.121200
3.741800
2.181400
2.664800
3.202400
1.609300
3.686200
2.460400
2.731400
3.103100
2.644200
0.572100
0.507100
2.914900
1.595400
0.535900
3.209600
1.046500
0.556900
0.612100
2.156100
0.530300
2.131300
1.613200
0.529000
1.599100
3.704200
3.832300
0.542100
2.102500
1.086500
1.104900
1.619300
0.545600
0.541400
2.155600
0.507700
0.543800
1.497100
0.532000
1.603800
0.507900
2.606000
1.071500
1.583000
2.131400
2.133700
0.551900
2.144500
0.530700
0.532300
0.543900
0.565000
0.550800
1.007500
1.080200
0.552000
1.062200
0.541500
0.531500
0.551700
2.159000
0.533900
0.533100
2.119800
2.129400
0.534700
1.063500
0.541100
0.565800
0.528200
0.527400
1.071200
2.137700
0.547100
1.075200
3.794700
0.587800
3.718900
3.668600
1.519400
0.539700
1.597800
2.665700
4.242500
0.534900
0.537200
3.516800
2.159100
0.544100
1.083400
2.636900
2.514900
2.900000
2.686500
4.086800
0.533700
2.154800
3.257000
0.539800
3.194600
3.981900
2.113800
0.548600
2.096200
1.584200
3.731200
0.539500
0.000000
0.533200
4.062500
3.207300
0.543800
2.120300
1.519700
0.570000
2.541000
0.531100
2.677700
0.542800
3.152200
2.185700
1.590700
2.124200
3.327000
2.264200
1.072800
0.534500
0.553000
3.711300
2.679400
0.529200
0.535000
0.548100
0.548200
0.545200
3.654400
0.534000
2.637300
1.056000
2.649300
1.867800
2.579700
0.507500
1.056500
2.132500
2.006200
3.307600
0.535500
2.139200
1.606100
4.205200
0.530300
2.654700
2.111400
2.666600
0.546100
0.539400
2.664800
2.638300
2.139800
0.538900
2.120000
2.776200
3.408300
2.698800
0.570300
0.543900
2.648200
0.531300
2.649300
0.546000
2.150400
2.646700
2.151900
3.519300
0.584900
0.544900
0.581300
3.186800
2.161500
2.649400
3.115000
2.130700
0.536800
2.516600
0.538500
2.808200
1.490900
3.767300
0.542100
0.053500
2.683800
2.654700
0.552400
2.132700
1.595000
2.152300
0.537400
3.325200
3.187100
2.657700
3.487600
3.727000
3.167500
3.247500
1.061000
0.537500
0.532800
2.681900
3.176700
3.825600
2.121700
2.255300
0.536200
1.697500
2.112900
0.533500
2.116300
3.608600
0.545900
0.529100
3.652400
1.055300
0.546800
3.681200
1.587600
2.638200
1.611500
0.547200
0.545200
0.535000
1.513000
3.652100
0.534900
2.140300
2.098300
1.518700
1.074300
0.550300
0.547200
0.551300
0.531500
0.540500
0.537600
0.564800
0.547200
1.060100
0.553400
2.660100
0.545200
0.546600
1.597500
0.531200
2.121300
2.106100
0.542500
0.536700
0.550900
0.526600
1.076500
0.532600
2.134600
0.538600
0.538200
2.097900
1.074500
0.551800
0.544800
0.535000
1.600900
0.510500
1.122300
1.610700
2.912300
2.169800
3.937000
0.542000
2.109800
3.621800
0.539400
1.604500
3.141400
1.643400
1.562400
3.688100
3.197200
2.148900
0.535100
2.128000
3.111500
0.552900
2.054900
3.903700
1.079100
3.202800
3.714000
3.734600
1.610800
0.553800
3.678700
0.541800
0.530000
0.552400
1.825100
0.540500
3.185000
1.747900
2.141600
0.531500
0.512400
0.529900
1.550300
4.274300
3.699000
2.131800
2.118500
3.231400
1.514200
0.532200
3.256300
2.682900
0.546700
0.506400
2.663000
0.606900
3.672400
1.063100
2.335200
1.603300
1.583000
2.050600
2.194400
1.620700
2.121700
1.837200
0.506700
0.535800
1.064900
2.135400
0.542800
0.009100
0.541500
0.547700
2.651300
3.797300
1.613800
2.632800
0.538000
1.010100
0.562800
0.506900
0.530400
3.735400
2.044100
3.147300
0.575200
1.105800
1.592000
2.649000
0.533800
3.567900
4.268500
2.104500
2.109800
4.092900
1.619200
2.540500
0.539400
2.127200
4.221000
0.546100
2.655200
3.166100
3.514400
2.127700
1.595800
0.540500
0.528100
2.150800
2.417700
3.374100
2.117300
1.620100
3.663700
1.882700
0.544300
2.962500
2.663000
2.119300
0.538500
1.570300
1.606400
3.721000
0.000000
1.079900
0.553200
1.588400
1.070100
0.543400
3.516500
2.139500
3.514900
3.195800
2.631400
4.234200
2.131000
1.626800
2.278900
2.130800
3.231600
3.206500
4.239400
3.405000
0.537000
0.539600
3.996500
3.162000
0.697800
0.546200
0.542100
0.545000
2.688400
3.452200
0.541800
1.050200
3.209100
2.194200
1.653100
2.068300
3.718300
2.131100
1.080500
0.506300
1.609000
2.167800
0.531700
0.505800
2.651900
1.590100
2.131400
3.666500
2.214700
2.686200
2.658300
1.614500
2.352900
0.527100
2.121900
3.191400
1.081700
0.533800
4.292600
2.692200
1.745900
4.342800
2.977100
1.513800
0.557300
0.538500
1.588400
3.648100
3.568700
2.674000
2.663500
1.514000
1.606900
0.547600
1.064800
2.647500
0.506700
0.534400
3.201700
1.612300
0.534600
2.626700
2.653300
2.117100
0.556200
1.622500
3.179800
2.351800
0.591200
2.079900
2.662500
0.542300
0.528100
0.640000
2.491500
2.142700
0.545300
0.534200
2.651500
3.493900
2.651800
0.529200
0.548200
2.655300
2.124300
2.531100
2.640700
2.652900
2.670800
3.728100
3.703300
0.554900
0.538900
0.548700
0.536700
2.710000
0.530900
2.042700
0.544800
0.561200
2.650000
1.654200
0.532900
2.323500
2.685500
0.546400
0.539600
2.319500
2.115100
1.079200
0.540900
1.627800
3.732400
0.541300
2.575400
3.191800
3.207000
3.226600
0.540900
2.489200
2.127600
2.699300
2.620600
3.744500
0.537200
3.542300
2.135400
0.543900
3.731300
2.116600
3.151700
0.536600
0.541700
3.717000
1.619000
0.547000
0.533000
0.537300
2.514900
3.493300
0.506900
2.125300
4.179800
0.545300
0.545400
3.057300
1.625200
0.576800
2.892100
1.480500
0.542700
0.535400
0.541200
1.622600
2.141500
1.515600
0.539600
0.544600
2.637000
2.081800
0.549600
0.537500
2.123200
1.598400
2.144300
1.076100
2.132700
0.532500
0.544700
0.539700
1.515300
0.537100
0.543400
0.530100
2.119500
1.517500
0.526400
0.590800
0.544600
2.170200
0.544700
0.535700
1.600500
2.132400
1.611400
1.513800
0.550200
2.146000
0.540300
0.541800
1.619700
0.533300
2.119700
1.088000
1.514900
1.512300
0.526900
1.616400
0.528300
2.108800
3.672900
0.543100
2.161100
3.200100
3.695800
0.546000
2.140000
3.475500
1.514000
0.549600
3.161700
1.594100
3.709200
3.780200
0.549900
3.207000
2.109000
4.224100
0.547400
2.657200
0.534500
0.551400
3.704800
2.182100
1.528500
3.719500
1.912400
1.383700
0.547000
2.123800
3.172600
0.547300
0.031100
0.536900
4.065500
3.207000
2.651900
0.547100
1.613600
0.543400
3.186500
3.163300
3.225700
3.644000
0.564000
3.203100
2.681700
0.543100
2.193100
2.657300
0.547400
0.535400
1.597400
2.113800
2.646500
1.041300
0.542000
1.619500
2.604800
3.212600
2.152000
0.534700
2.778100
2.110000
0.548100
0.544800
2.669100
0.546600
3.147700
2.698300
2.151800
0.535500
1.598300
4.012700
3.714700
0.532200
2.663400
2.170200
2.437700
0.507300
2.123800
0.549100
0.533200
2.148300
0.540900
0.545300
0.507900
3.387100
3.722000
0.531000
0.603600
0.533500
0.537000
0.548400
3.165900
1.031300
0.543900
0.543900
0.542100
0.524500
0.579800
0.532900
2.654000
3.740800
1.070600
0.530200
0.544700
2.117100
2.019200
2.665800
3.228200
3.680500
3.690500
4.213600
3.181300
0.532500
3.706800
2.536200
3.179600
0.546600
3.732700
3.012200
2.138300
2.123900
5.404300
2.186400
1.883100
0.534600
1.636800
1.607800
0.540500
0.507300
2.915700
2.638900
1.162000
1.043400
0.530300
2.109300
2.111600
0.555900
0.534300
1.590800
0.522200
1.661100
1.568600
3.648800
0.552200
3.293700
3.191400
2.150200
2.071800
0.549800
2.645900
3.293500
0.558800
0.507300
3.668700
1.597800
0.528100
0.548000
1.126300
2.215900
2.516400
0.545800
1.515300
3.783300
0.540700
3.782800
2.126000
1.613800
2.971200
2.085900
1.625100
2.149900
0.540000
0.543700
2.122200
0.533200
3.230900
0.545700
1.959700
2.170000
3.418000
1.614800
0.505600
0.535000
2.109700
2.625500
3.132100
0.530500
2.230700
2.304900
1.625000
2.683800
3.171300
0.542400
0.541900
0.536500
0.583100
2.638900
0.540700
0.532700
0.569200
2.132800
4.060000
2.152700
0.533800
0.584000
2.616600
3.683400
2.675500
0.540600
0.549500
3.687100
4.196400
2.140500
2.122900
2.635100
0.559700
0.506800
3.699800
0.533500
2.655400
0.533100
2.653000
2.719200
2.832000
0.542700
2.257500
0.539700
0.542100
0.549700
2.679700
2.138900
0.530700
2.896600
2.302700
2.142700
3.127400
3.698900
2.705000
0.700100
2.130400
1.592500
2.881400
1.611200
3.992900
3.711800
3.354300
1.067900
0.551400
2.115400
2.418800
3.716200
1.038300
3.174100
2.097100
0.546400
1.514500
0.541600
0.534700
1.043000
2.118500
3.727600
2.678300
0.541800
0.528000
3.712100
1.603000
0.552300
0.537700
2.656700
3.755700
3.186800
2.655300
3.234900
1.515000
2.086200
2.653100
0.538600
0.538100
3.184200
2.390700
2.145000
1.989400
3.210900
4.964000
0.529600
0.588100
2.251600
2.207500
1.516400
0.554100
2.672600
2.514100
1.040500
1.423900
2.174800
1.929800
1.091900
0.507000
1.606600
2.650000
0.533800
0.536700
0.547700
2.514600
3.186500
1.516000
1.190600
1.121300
0.532400
2.113300
1.600100
3.777700
0.551900
2.128800
1.067200
0.544600
0.506800
0.544000
1.080500
0.534600
0.541800
2.117700
0.535300
0.541900
2.180900
0.547700
0.532600
2.118700
2.121100
2.652300
2.114600
0.555900
1.059000
0.544100
0.529100
0.545100
0.548800
1.590100
1.072100
1.052600
2.057000
2.104300
0.530900
3.111100
3.054900
2.103200
0.507100
3.208500
3.101700
2.107600
1.127800
2.657700
1.605600
3.719700
2.688900
0.585600
2.678500
2.138600
2.437200
3.356500
3.524400
4.231000
2.169500
2.695200
0.549600
2.337900
1.549200
3.920900
1.053300
0.557700
3.120400
1.595400
0.539800
1.071700
1.601500
2.664700
1.601900
0.545000
2.156600
2.114200
0.544800
0.529600
0.532800
2.128000
0.506300
0.533300
3.688400
3.883000
0.536400
2.914600
0.539900
2.653300
2.129300
2.199200
0.551800
2.514500
0.540400
3.250300
3.724300
0.531700
0.542100
0.551000
0.545600
0.534200
3.679400
2.707100
2.654700
0.538500
0.507800
3.713600
1.593200
1.601000
4.235100
1.035200
2.138800
2.690000
0.591600
0.547100
4.220300
0.559500
0.544000
2.203300
2.636600
0.531600
0.534500
1.611500
4.338000
2.632500
2.120300
3.505000
0.539500
4.255600
2.117600
2.606300
0.534600
1.618400
3.602100
0.507100
0.528300
3.696200
3.171900
0.541800
2.640100
3.181500
4.202800
0.532300
2.663200
0.544000
3.722100
0.547700
2.117600
3.678600
2.625400
0.536700
0.552800
2.173500
1.610000
3.701900
0.507000
2.050200
0.541300
3.155400
2.132600
0.540300
0.533100
2.133800
3.805100
0.044100
3.214300
2.622300
2.142000
0.545200
0.506600
2.425200
3.070700
1.601600
3.443900
1.870900
2.656200
3.324400
0.529600
3.758000
0.550000
0.562600
1.079400
0.507700
2.678100
0.532500
1.605700
0.533700
0.545800
2.115300
0.544300
0.550800
0.631100
0.531100
0.540500
2.145300
1.581600
0.527000
0.530800
0.527200
0.540200
2.670900
0.536500
1.595300
0.539000
0.012900
0.587800
1.588600
0.547600
0.531700
0.540700
0.553900
1.599800
1.634000
0.541100
0.541800
2.107400
1.515600
0.506800
0.506400
1.512500
0.549500
1.058400
2.056200
1.116400
0.543600
1.053200
0.551400
0.542100
0.552400
2.962900
3.156100
0.544000
2.640200
4.207300
1.063900
0.545900
3.710100
3.142200
0.548900
0.532000
2.490200
0.546800
0.506100
0.549300
2.133500
4.052100
1.594400
0.542400
4.285100
2.645200
0.536800
0.543300
0.585100
3.173800
3.189300
0.539200
1.070600
1.063000
2.050000
2.334500
0.548100
0.537300
3.733500
1.594000
1.630600
2.133200
1.671800
4.272700
0.537200
3.708700
2.514400
2.682800
0.554300
0.533900
4.232500
1.610300
0.550900
2.587600
0.538000
2.741400
2.114700
2.303700
1.042900
0.547200
2.131600
0.541000
2.713500
0.675900
2.610700
3.180900
0.507600
1.086900
1.097700
2.646100
2.623400
0.537600
3.149600
3.015300
2.113300
2.133100
3.157300
0.535100
2.040600
1.601200
1.079900
1.077900
2.179100
1.053600
0.574000
3.898000
2.901000
2.662800
2.675000
2.362100
4.238100
2.656400
3.254100
4.234300
1.093900
4.213900
3.160200
0.542000
3.129900
2.127800
4.171200
3.165600
0.543700
4.239100
3.190500
1.173100
0.537700
3.706700
1.587800
2.089800
1.067200
1.580300
3.663700
2.045000
2.058400
3.876800
2.189300
0.541300
2.213800
2.126800
0.532400
0.545600
3.606800
0.559100
1.599600
1.609900
3.161900
0.537900
1.613700
2.132300
2.135300
3.768200
3.719900
2.126000
1.058800
0.537200
0.534400
4.310300
2.146700
1.630300
2.377400
2.131800
1.609800
2.133600
0.703300
0.551900
0.550600
0.533300
0.540700
2.683600
0.544600
2.123600
3.740500
0.543300
3.279800
3.748900
3.515500
3.252200
2.632100
0.535200
0.530200
2.141400
1.601600
0.532000
0.537800
2.648300
2.155000
0.545900
0.528600
3.699700
1.824200
0.543900
3.630000
3.197200
1.588600
0.506600
1.860200
1.067600
3.865000
0.536200
1.035900
2.229100
2.653200
1.611200
2.158400
1.609600
3.726500
2.894800
3.220400
0.555200
3.724300
3.223800
2.124600
2.667400
0.535200
2.151900
1.519900
0.529800
0.532600
2.144200
4.203500
3.648200
2.122300
0.546500
0.539800
4.241300
0.543900
0.531000
0.537400
2.850300
3.722600
0.552800
2.175400
0.539500
1.093800
0.533100
0.550300
2.398600
2.666400
2.129200
2.640600
1.060500
2.139200
3.173900
3.158900
0.525600
3.376300
1.517800
3.218900
0.537700
2.650400
0.505500
3.199400
0.563400
0.547900
2.112700
3.170700
3.176500
4.566800
3.221700
2.101100
2.666500
0.484500
2.131200
2.159000
0.537400
3.607700
2.121700
2.125200
0.541400
2.205800
0.540300
3.697500
1.514900
0.509500
3.184000
0.525400
2.159300
0.543800
0.543200
3.216000
0.538900
3.330400
3.555500
4.320200
2.118300
1.095600
2.699300
2.620300
2.658500
2.606500
3.837000
4.815800
2.738400
0.547200
0.543700
2.659500
2.095500
2.535300
0.542300
3.726600
2.637800
3.726400
2.127400
0.505700
0.530200
3.156400
3.966700
1.619400
0.566500
4.269100
2.115700
2.690200
0.538600
2.170500
0.525200
0.544000
0.037500
1.036200
1.599100
0.539300
0.538500
0.541500
1.514000
1.589700
0.534200
0.509200
0.538300
0.563800
2.609000
0.533900
2.162800
3.420300
0.551500
2.514600
1.597800
0.073200
1.038300
0.536200
0.550000
2.700600
0.552800
2.089700
0.550000
0.547200
1.585200
0.555100
2.116800
0.545400
1.579800
1.599600
1.587800
0.526100
3.270900
2.159500
2.685000
2.515300
0.529200
1.033800
0.533500
2.180100
2.144900
0.534800
1.073800
2.050100
0.534400
1.513700
0.506500
1.745300
3.704300
0.541100
0.506400
3.670700
2.128100
0.506600
2.138500
2.589000
3.142000
0.555700
0.532300
1.066100
3.721700
0.543000
0.539800
2.745500
2.145100
3.183000
1.053100
6.332300
3.727500
0.531200
2.516200
4.272800
3.737300
2.176200
2.564500
0.533400
3.691200
3.197700
4.115300
3.198800
0.552000
0.545500
2.670700
1.056000
3.498000
2.130100
3.689200
2.116700
3.306000
3.146500
1.617100
3.688600
2.141600
3.678200
2.126500
2.660400
2.632700
0.528000
0.560400
0.551200
3.209800
0.540300
3.184900
2.697900
2.677700
4.229800
4.745400
3.669300
2.648700
2.113300
3.109300
0.534700
4.263000
2.056800
3.261900
0.538700
4.312100
3.634200
4.077200
1.155500
5.372600
1.064700
5.352900
0.544300
3.778300
4.107000
5.442400
6.002200
6.510100
3.694500
3.727800
2.112100
0.554200
1.513600
0.999900
2.105700
2.644100
0.534200
3.142200
0.550900
2.125200
2.644900
1.031100
3.704400
3.232900
0.550300
4.917000
2.311200
2.164300
0.531400
0.538900
2.127300
3.914000
2.629300
0.543900
0.608200
2.641700
0.547400
0.538700
0.542600
2.641200
0.533900
0.535400
4.232000
0.542700
1.077800
0.575500
2.178200
2.641800
1.607800
2.649800
0.534800
2.609500
1.078700
2.659400
2.638900
1.069000
2.678300
2.623400
1.653600
0.508600
0.548000
1.584400
3.192500
2.125300
0.506800
4.835500
2.111100
3.201400
3.713800
1.063000
3.228000
0.508600
0.534000
2.045100
1.589500
0.508700
0.536300
0.544100
0.555500
1.599800
0.507100
1.595300
0.544800
0.541500
0.560400
0.550800
1.135100
0.537000
0.546000
3.078200
0.506800
0.507300
2.277600
0.524900
0.543300
0.528400
1.586600
0.538200
1.054200
0.507400
2.644700
0.544000
0.553200
2.063400
0.544300
2.150700
0.536300
0.547800
0.531300
2.253200
1.070100
1.099800
2.754500
0.539600
2.608000
0.532700
0.536100
0.530400
2.628900
4.235100
2.360700
0.559300
4.755300
0.545600
3.757600
2.724700
1.608800
0.559300
0.531400
0.550300
0.535300
3.677100
1.593200
3.149500
1.039600
2.128200
0.032000
3.682100
0.546900
4.233900
0.506100
2.633500
3.861000
0.541700
0.541800
0.540100
0.506300
0.541000
3.689200
1.077100
2.668000
1.636200
0.543500
3.682000
3.663300
0.552800
3.684900
3.197300
1.068600
3.178100
0.548100
3.194700
0.540700
0.540600
3.143800
2.002700
4.183200
0.542900
2.651400
3.694700
3.786500
0.532900
0.531700
3.714900
3.729100
2.666100
2.876800
0.544400
1.048200
0.558000
2.154500
2.131700
1.608600
0.534800
0.544400
1.588500
1.072800
0.507000
0.541200
0.555500
2.117500
0.536400
0.508000
1.594200
0.507700
1.040900
0.540800
0.528400
0.529700
0.541400
1.635600
0.536800
0.547300
2.154000
0.542200
2.120900
0.538700
0.547100
1.514700
0.530300
0.546500
2.515000
0.559000
0.535400
1.628600
1.602300
1.596900
0.530500
3.004500
3.168500
1.582200
0.527900
3.670500
0.548200
2.690300
3.713200
0.545200
1.601500
2.695000
0.534900
3.184000
2.239900
1.586700
3.724500
1.660700
2.629300
0.533400
3.174700
0.540700
0.546600
0.550300
2.679300
3.693600
0.529700
0.536300
3.205000
1.513300
2.153400
1.792300
1.515600
3.731200
0.549200
2.048400
3.678500
4.210800
0.548600
1.046400
2.153900
1.587200
0.533800
0.540100
2.125400
2.442400
3.175800
2.158100
3.224700
2.667300
4.220600
2.644800
3.188900
3.706800
2.126700
1.599600
0.527400
0.532900
3.154500
0.521100
3.296900
3.326200
0.532100
3.698500
2.116500
2.702000
2.628500
1.593100
2.652900
1.600400
0.542900
2.661300
4.194600
1.737600
2.649600
0.547900
1.614400
0.532700
0.539500
3.759500
0.540700
0.547600
0.506900
3.717300
2.126600
2.475100
1.590400
0.573600
1.514800
1.597600
3.134400
0.537900
2.152900
2.487900
1.850800
0.542700
0.536800
3.514100
2.653800
1.498900
1.515300
2.139000
0.529100
0.531800
0.841600
0.540500
2.156700
1.041200
0.507000
0.544300
2.625700
0.533700
2.663700
0.000000
2.125100
0.550200
0.543100
2.167900
0.532300
0.534000
2.142500
2.685700
1.590400
2.111400
0.527800
1.081200
2.653600
2.130800
0.547000
0.547000
0.555000
0.539300
0.536700
0.549000
0.508100
0.538600
0.533800
1.058600
1.591200
2.132700
0.529300
3.695000
0.506000
0.506600
2.651900
1.593000
1.069700
1.608500
0.537300
1.062800
3.722800
3.211600
0.528700
3.369800
0.528700
2.652900
4.246000
2.654200
0.532900
3.921200
1.710700
1.589200
2.654200
3.207100
2.131000
0.505700
2.664600
3.158500
0.507300
2.138100
2.645000
4.425900
3.207800
3.736600
2.100000
0.548200
4.469000
0.543800
2.640400
2.613600
0.533100
2.330800
0.531900
2.130000
0.541800
2.130400
1.619300
1.597000
1.036300
0.539600
1.597400
2.127100
1.517200
1.514300
2.643400
3.725100
2.133700
3.256400
0.531000
1.623700
2.091200
1.047800
0.508500
3.733100
1.605000
0.507300
0.543100
3.122500
3.700900
2.134400
1.517400
3.704800
2.109300
2.154700
3.645300
2.113300
3.177300
0.530000
2.448800
0.544400
0.532300
1.571700
4.312500
2.921000
3.364200
3.162500
1.514600
2.105900
2.126400
2.106400
0.528600
4.201400
0.557400
0.690000
2.121900
0.533300
2.189700
3.126900
2.235200
0.537500
3.454600
2.239900
3.742800
2.076200
2.643500
2.761200
0.528900
0.537400
2.113400
1.707100
0.545100
0.543800
3.669100
3.255800
0.535000
1.104600
3.190000
2.648700
1.611400
0.506100
3.735400
4.236500
0.542500
2.662700
0.540200
2.565500
0.542200
1.599700
3.681400
1.051800
0.534900
3.720300
1.589000
0.542100
0.542800
1.607300
0.030500
2.629200
2.067300
1.094700
1.088600
2.125900
0.547000
0.531900
2.687900
0.543600
1.073900
0.548400
0.578300
1.516700
1.624100
2.586100
1.569700
0.535800
2.127600
7.821600
0.582900
4.399100
7.520300
2.115800
1.578300
1.616000
3.728600
3.737500
0.529700
2.141700
0.533500
3.317900
0.506400
1.091200
3.673800
2.660500
0.542200
3.896700
1.607000
3.325700
3.720000
1.097700
2.393600
2.550300
3.659400
3.867600
3.560800
0.866200
0.542400
1.881000
0.644200
8.957900
2.338300
0.507100
0.709400
4.766400
2.669700
2.618500
1.339500
1.204400
2.297800
4.395800
0.536000
2.010500
0.527000
2.411500
9.649700
0.535900
0.548300
1.090600
2.463100
2.738900
2.123500
2.128600
2.565400
3.746300
0.538400
2.131100
3.108900
0.533000
1.066500
0.540300
2.721100
2.645200
2.129500
0.505800
3.746800
2.625100
2.668900
0.532800
0.612000
2.651200
0.551000
0.546900
0.550900
0.543100
2.642600
0.507400
0.538700
1.070100
0.543000
0.545100
0.543200
0.555100
0.536800
1.108500
1.094900
6.400900
0.530600
2.614300
0.529200
2.106500
1.590100
2.158800
3.675100
2.632500
0.543300
3.232000
1.588400
0.540800
3.202900
3.705900
3.863600
3.193300
0.534300
2.129900
2.662300
0.528200
0.533400
0.527700
2.630100
2.127000
3.217400
2.091700
3.750800
0.506100
0.534100
3.424900
1.596500
0.538600
0.505900
0.544600
2.109100
2.129400
0.530500
2.655300
0.535200
4.231100
0.534000
0.597500
0.540700
3.695600
0.567800
0.541600
1.054200
3.730400
2.669900
0.552000
1.089500
2.650400
0.542200
1.514700
0.538500
0.550600
3.176600
1.084100
0.546700
2.641500
0.543700
0.549300
0.525900
2.055200
0.541800
2.131800
1.581900
1.584700
2.144800
0.537900
0.549500
1.515900
0.530800
0.548300
0.546500
1.050300
0.541900
2.124500
2.092100
8.369200
0.522800
0.539600
0.584100
1.043200
3.212200
1.051300
0.544700
1.076000
0.553800
1.595300
0.039900
1.595700
0.532400
0.507100
2.663000
0.538200
0.534300
0.545300
1.063900
2.652900
0.542500
3.226800
2.641500
3.164100
0.536300
2.752100
7.439400
0.548000
0.558600
6.402900
3.774300
2.675500
3.764500
3.703700
2.110200
1.054500
3.183400
2.117600
3.679900
4.412100
0.019500
4.307000
3.580600
2.046900
2.618500
1.589500
2.753200
2.219700
2.106000
0.544100
0.536500
2.229000
3.762800
1.855000
3.155000
2.707600
2.167000
1.038700
0.530400
2.129800
3.692400
2.132200
1.635300
3.173100
2.681900
0.507200
0.540900
3.718700
1.601200
0.592300
2.654700
0.550600
3.728400
2.649700
1.037300
0.549900
1.067600
2.684100
3.146000
3.714100
1.619600
3.698300
1.058800
3.171900
2.643400
1.072100
1.081700
7.910100
0.585300
0.535400
2.663600
2.130500
0.542700
3.705800
2.109500
0.507500
2.516000
3.680500
5.296700
3.740200
0.538200
0.545300
1.097300
2.654500
3.719500
0.543000
4.224000
3.044600
0.553000
1.149800
3.720900
3.212300
3.721800
1.086600
2.687800
4.272500
2.123200
2.660000
0.545800
3.711200
0.537700
2.689000
0.531400
1.080200
0.576200
3.186400
0.506600
6.002800
3.141500
3.182300
2.658400
0.539800
3.615100
2.043400
0.584200
3.206400
1.627300
3.685700
1.068000
0.550000
2.649400
1.592600
0.540500
1.065600
0.530700
4.250100
4.241600
3.193900
0.532300
0.605800
3.228800
0.547500
0.506300
3.622300
1.079500
2.046900
0.527000
0.562200
3.782800
3.431200
2.159400
1.601300
2.646100
2.106900
0.549300
1.619600
0.506200
1.514100
2.119700
0.547800
0.547400
2.117400
0.531500
1.618900
3.189000
0.538700
2.659500
0.532500
1.514600
0.546500
0.542300
0.533700
3.280500
2.132000
0.535500
2.654700
2.006900
0.533500
2.686100
1.603200
0.561500
1.056100
0.551100
2.141900
1.072400
3.194500
0.524600
0.528000
1.515200
0.543100
0.542700
2.057700
2.172500
0.548000
0.544700
0.505500
0.594900
0.530200
0.532600
1.515900
0.533100
0.585000
2.660100
2.126900
0.543000
1.051200
3.677900
3.208500
1.637000
2.683600
3.591400
1.058000
0.540700
2.054700
4.230600
1.513400
4.264000
0.545500
1.624200
4.193600
1.564400
0.545100
2.784000
2.803500
3.677600
0.593800
1.267600
3.710000
2.996200
1.601400
1.068000
0.526700
3.228800
3.622600
1.095200
2.351100
3.542300
2.673800
3.153300
2.058300
3.655300
3.197800
3.717000
1.046300
3.176400
2.125200
0.528300
0.507700
0.736400
2.126800
2.695700
2.128600
1.046100
0.764600
2.650800
0.548700
1.056900
0.547600
2.642900
0.531800
0.530600
0.532600
0.553800
2.141900
3.196000
0.546600
2.335500
0.538000
0.535300
0.506300
0.539100
1.597600
3.175200
2.128600
0.533700
2.679600
1.084800
3.164500
3.866000
0.533400
2.170100
0.547800
2.724900
0.534900
5.288800
3.725400
0.572200
0.535500
0.530300
0.574200
2.664300
2.094400
4.224800
2.085500
0.554500
2.990900
0.507300
3.738400
1.602100
2.645600
3.608300
1.896300
2.675800
3.841600
0.550200
4.253100
0.523600
2.315000
0.506600
3.845800
2.129100
0.533100
0.545100
2.641700
0.545700
3.253800
0.607000
2.142900
2.515600
0.537800
0.539900
2.624600
3.345700
0.537000
3.677600
2.459100
2.152100
2.675000
3.346500
3.852100
0.544400
3.140800
4.255400
0.541200
1.106800
4.718000
1.890900
0.532900
3.448800
1.516000
3.634200
0.077000
1.516600
2.276600
2.641800
0.505900
0.506100
0.543100
0.525100
0.548100
0.576800
0.544300
0.539000
1.514600
1.042000
0.533200
1.512600
1.052800
0.534900
1.608700
1.515400
0.537800
0.543400
1.514000
0.529700
0.547700
0.506000
0.534500
1.608000
0.000000
2.058200
1.604300
0.531100
2.054700
1.603900
0.540700
0.575900
2.071600
0.608700
1.622700
0.548300
2.602100
0.507000
0.507400
1.009000
0.551100
0.534900
0.506600
0.555600
2.127400
0.536500
0.550900
0.505700
0.546000
2.198500
0.541500
3.714400
3.065900
2.144200
3.260700
0.543500
1.514900
0.539400
3.658500
0.536200
0.673000
2.683100
0.538400
0.541500
4.763600
2.109300
3.884700
0.539800
3.958900
3.182800
2.050300
2.962500
3.171400
1.578300
0.540000
1.608600
0.505800
0.544400
3.696200
1.584400
2.636400
0.506800
2.664200
3.154200
1.049500
1.100800
2.662500
4.783900
2.646100
1.596100
3.662600
0.552700
3.795600
0.506100
1.514400
4.974100
3.697200
1.070000
1.046200
0.535400
0.542700
2.683000
2.619800
3.707500
0.543400
2.105100
0.528500
0.538700
0.538700
0.537000
3.551700
0.506000
3.700500
0.562200
0.547900
2.625900
2.677000
2.652700
0.528400
0.540600
0.564800
0.537000
2.660600
2.153200
1.599700
1.083300
2.611900
0.538800
2.109200
4.222200
3.194600
3.731100
2.639700
0.543800
3.168300
0.538600
2.653400
0.542100
2.476700
2.550000
3.677100
0.575900
4.646900
0.538500
2.623400
0.544200
0.506500
2.648100
5.243600
1.053400
1.598600
0.544100
2.645300
2.118700
0.587200
2.657300
0.506300
0.544800
2.183500
2.137700
0.507200
0.538100
0.543600
2.679100
1.601700
0.033500
0.506100
0.506400
0.530300
1.607500
1.070000
1.599000
0.543300
0.546700
0.543600
0.552400
0.545400
0.144400
1.103300
2.642600
0.539400
0.534100
1.055500
0.550300
2.122000
0.536700
1.082800
0.528300
0.541300
0.509300
2.112900
0.545200
1.593400
0.538300
0.530200
4.195200
1.984200
0.540600
0.506800
1.621200
4.134100
1.764400
0.581200
0.507000
0.593000
2.132200
2.616400
0.547500
0.539500
2.685400
3.203300
1.041300
3.411000
2.050700
3.214400
2.054500
2.726100
2.057800
1.637800
0.125800
0.538000
4.118200
2.706600
5.417800
0.532400
2.648800
3.755600
2.159400
0.542000
0.553000
1.597600
2.128900
2.224800
2.513900
3.208300
4.593800
2.148400
2.040700
2.658900
2.123000
4.220600
0.506900
2.650800
0.539100
1.141800
0.534500
1.717100
0.554600
1.514600
0.537700
1.612100
0.541600
1.077200
3.167700
0.506500
2.630900
0.530700
0.534900
2.719700
3.172000
1.076200
4.061100
0.613600
0.542600
2.090300
2.253100
2.135100
0.507500
3.724500
4.249600
2.658700
4.708300
2.623900
0.530900
0.536500
2.135900
2.471700
2.664800
2.104400
2.641300
2.619900
0.535900
0.542300
0.542000
3.202700
3.700900
4.232700
2.340800
2.636000
0.541300
2.662200
2.662100
2.696400
0.537000
4.736100
1.634600
1.927900
0.569300
4.227100
0.541100
4.221500
2.664000
4.077000
0.556700
2.629200
2.642100
2.116600
3.180000
2.180900
0.550000
0.549500
3.246500
3.205900
2.577700
3.565800
3.850500
1.591900
4.209700
1.079300
0.529300
4.216000
2.654400
2.440100
2.126700
2.654900
2.679000
0.534800
1.037300
4.278000
2.697600
3.709500
1.615000
2.577100
2.670000
2.654700
4.787500
0.531000
0.530600
4.234700
1.610600
1.047000
1.036100
3.176900
0.506000
0.535800
1.591500
0.538300
0.540700
0.546300
2.131100
2.131000
2.514000
1.070200
0.558000
0.552400
0.533100
2.159600
0.545700
0.595600
0.566400
0.553100
0.570700
0.890400
2.126700
2.061100
0.507200
0.548100
0.048300
2.065300
0.558700
1.087100
2.129200
2.128900
0.548900
2.131600
1.066000
2.654200
0.544800
1.514400
0.534600
2.105400
0.534300
2.134400
0.539400
0.531000
2.658000
2.514800
2.652200
0.540200
0.000000
2.185500
4.240800
0.548300
0.506100
0.537300
2.138100
2.111700
4.395200
0.548300
0.543900
4.525500
3.224800
3.727900
0.565200
3.475400
0.561700
0.535300
4.233000
4.220500
2.667700
2.111800
0.546700
2.684800
1.588900
1.631100
3.711700
2.117400
4.121700
3.229100
0.576100
2.122200
2.514800
0.539700
3.605500
2.328600
3.564500
2.642900
2.088100
2.642800
2.129300
2.665000
2.641700
2.946200
0.546900
2.259400
4.308700
0.551300
0.506400
3.171600
0.544900
2.062700
1.642800
0.532900
1.623800
2.639800
0.507500
0.536900
0.596600
0.506100
3.924300
0.531100
1.114200
2.651600
0.543500
0.541800
0.549600
3.151700
0.536900
3.706900
3.167400
0.551400
2.563300
2.111900
3.269500
0.535000
2.029300
0.553300
2.643400
0.534900
4.228700
2.633000
2.684400
2.674800
0.541900
2.375800
3.686000
1.104900
2.644000
0.533100
0.547100
2.250300
0.532200
2.121800
3.178700
1.082000
1.514400
2.133700
0.546500
0.548500
0.506400
0.537800
4.228000
2.126600
3.808400
0.542400
2.153500
0.539000
3.744100
2.714300
3.713700
0.545700
3.688800
0.545600
1.590300
2.655800
1.082600
2.590800
2.002000
4.228700
0.543900
0.546600
3.719900
2.648600
3.702200
0.545600
2.663800
4.274100
0.538100
2.702500
0.552500
3.184500
2.727700
2.660200
0.534700
0.537100
2.125300
2.689800
1.059200
0.540600
0.537200
2.514900
3.733700
0.549000
2.047700
4.239600
0.538900
1.077100
0.528300
0.544500
0.540900
2.007500
0.532800
2.649300
0.532400
0.505500
2.131200
1.078500
0.538000
2.669500
0.546200
0.507800
1.621000
2.631800
2.673900
0.538700
0.537100
2.114700
0.534400
1.080800
0.532400
0.547400
1.074800
0.540400
0.508000
2.127000
0.535400
2.124300
2.643300
0.533500
2.635200
2.143500
2.660000
2.143200
2.139700
2.697500
0.534300
0.506900
1.593100
2.513300
0.544500
1.601800
3.981400
2.121100
4.226400
0.549300
0.547100
2.652700
2.665600
4.216300
2.798400
1.095700
0.562200
2.685300
0.536500
0.547500
2.343300
2.517500
1.809200
2.117000
0.569100
3.235600
0.512500
0.545600
0.536500
2.651400
0.552600
0.548500
3.743800
1.973300
2.055600
3.320600
2.130800
2.136400
2.645100
0.506400
0.538600
0.531600
2.016200
1.667100
0.542300
3.409800
3.732700
0.549700
0.549200
2.935700
1.514000
2.620900
2.280300
2.688100
2.680900
1.610200
0.534100
0.532100
4.263600
0.537800
0.533500
2.665800
0.541800
0.543200
1.049300
2.139500
1.604500
2.634800
2.120800
0.505700
0.544500
3.278300
0.533100
2.657700
0.542100
2.104800
0.530400
1.596400
1.515000
0.507200
1.071000
1.598500
2.635000
2.158400
0.506500
2.647700
0.506600
0.547700
2.643400
1.573700
0.548000
1.617500
1.143000
2.050600
2.132200
0.537000
2.048700
0.533100
0.559600
0.544100
0.098600
2.653500
1.008700
1.064000
0.547100
2.649600
2.116400
1.625500
2.689600
0.534300
2.663600
2.514000
2.634200
2.219300
0.534600
2.228200
2.124700
2.640700
0.546600
0.539500
4.235900
3.698000
1.609500
2.128800
1.944400
4.011900
0.544100
1.124400
4.067900
1.605600
0.534900
2.804100
3.731600
3.710300
3.208500
1.082600
0.546700
0.549600
2.634300
2.660900
2.175500
0.619100
4.247800
2.664200
0.590300
2.577600
1.670600
4.252800
0.548300
0.529200
4.262400
2.664600
0.546300
4.257000
3.245800
0.610300
4.692300
3.341400
0.555900
4.232000
2.649800
3.184600
0.536000
1.512000
0.537100
0.378800
2.143200
1.516800
0.534500
3.713700
2.139600
1.641800
0.533300
4.206200
3.138400
2.461800
2.514500
0.535600
1.086600
2.045000
0.507200
0.528400
4.754800
2.140500
2.613800
1.646800
3.177100
0.552800
0.539200
3.707300
0.526500
4.135400
3.173600
0.505900
3.225000
0.545000
0.534800
0.506500
2.558000
0.566400
3.163800
3.132200
0.538600
2.670300
0.546200
2.651600
1.059500
2.277000
2.650700
3.873700
0.533600
0.573000
2.686800
0.506700
0.507400
2.670100
3.214600
4.280600
0.529500
3.721500
1.599000
2.301500
3.650600
3.178300
2.684000
0.538900
0.543100
4.215100
3.163300
1.605200
2.657800
0.552400
2.133700
2.184600
2.655300
0.538300
0.507100
2.649700
2.620100
3.721900
0.535000
3.167700
2.120700
0.533400
1.598700
4.255800
4.201600
0.536600
0.538200
2.648000
7.088000
0.551100
1.037600
3.194600
3.274300
0.541900
0.570000
0.541300
1.515500
1.642300
4.046900
1.067000
0.548800
2.137700
0.591900
0.534500
1.591700
0.000000
1.597500
0.534000
3.164500
0.539800
0.550800
0.522600
0.543800
0.528600
0.532500
2.107100
1.105400
0.554400
1.515100
0.506600
0.506500
0.535400
0.036200
2.124900
2.222700
0.540200
0.537500
0.545100
0.508000
0.530700
1.080600
0.539800
1.629500
0.506000
0.539100
0.551600
0.603800
0.546800
0.547300
0.535500
1.242900
0.534800
2.669800
0.507300
0.532400
3.996200
3.738800
1.062200
0.529400
3.147200
2.109000
3.723800
0.545600
2.125300
4.216700
0.531600
2.826900
4.191600
2.115600
0.531900
0.548200
1.513900
0.536900
0.592800
3.685600
0.545100
2.678900
2.156700
4.796600
0.538700
2.860200
2.658400
2.173000
2.669400
0.548100
3.057400
4.218400
0.550600
0.535700
0.541300
2.669500
3.181900
1.631800
4.252600
1.610700
0.506000
1.609000
2.648000
2.650300
4.282500
1.064500
4.228000
2.514900
4.741600
3.183100
0.552200
4.730200
3.709400
1.604400
4.241500
2.709000
3.940300
0.537000
2.680500
3.515300
3.749500
4.221600
0.547700
0.545400
4.186600
2.513200
3.136000
0.543300
2.141900
3.374700
2.130300
3.768300
0.536200
4.739500
0.540400
4.250400
0.540600
0.681500
2.747300
2.129700
0.533900
0.540800
2.662000
2.096900
2.531900
2.692200
2.095800
2.284300
2.654100
3.159400
2.657000
0.533100
4.228300
2.105900
2.657700
4.178800
2.157700
4.214700
1.914100
4.216400
1.689800
0.534800
0.538100
0.541800
4.224700
2.119000
0.583600
3.676600
2.852500
2.163700
3.738600
2.137500
4.216400
0.534600
0.537400
0.543200
0.507800
3.711300
1.587400
3.748100
0.580500
1.626700
4.048600
0.538100
3.202800
3.821900
0.535300
0.539000
1.633100
2.109300
3.697200
3.710700
1.615700
2.653200
3.153100
0.539300
2.163400
4.206000
3.711900
0.544400
0.533900
2.651200
2.660300
2.693200
3.055000
2.614100
3.070100
2.109800
0.506800
2.665800
1.614500
0.506200
2.662800
1.642800
2.139100
2.625100
0.545300
3.046500
1.612900
0.523300
0.541900
1.513200
0.543600
0.540100
0.506900
2.123800
0.528900
1.086400
2.042400
1.081300
0.598200
2.655300
0.544800
1.581500
0.545300
2.684600
2.629600
2.517100
0.539600
2.143300
0.537900
3.202500
0.506900
0.534400
2.640800
0.540800
2.142800
2.625500
0.551700
1.514700
2.684400
0.533800
0.538500
1.071800
1.035800
2.878300
2.672000
2.162500
4.264300
4.286700
2.739300
3.219200
0.505400
1.621000
3.736800
1.050800
4.230200
0.526600
3.717900
2.673100
0.588800
0.545400
0.506500
4.389300
3.693300
1.601200
2.162700
2.661500
2.656100
0.534300
0.532800
4.199100
0.537600
0.538700
0.557900
2.674600
3.517000
4.431300
3.651900
1.584100
3.748800
2.618100
2.660400
2.122000
2.091800
0.505800
0.542100
2.687500
0.556300
1.046400
0.506400
4.073300
2.648100
0.540700
0.542900
0.535700
2.136100
0.531000
1.513400
0.538400
3.665800
4.324800
0.559800
0.526800
0.507000
4.285700
3.731900
0.539600
2.140100
0.528200
4.236100
3.213800
1.068100
0.506400
3.086900
4.270700
2.687900
0.548200
3.200300
2.128700
0.550200
3.705700
4.260400
4.211900
2.129300
4.737500
0.545000
0.534900
0.542000
2.658000
0.538400
0.528800
2.628400
3.159200
3.634200
2.171200
3.178500
2.685100
0.538800
2.129400
2.535400
1.616300
1.593300
2.638300
0.519000
2.655200
2.103600
1.147600
0.550700
0.542800
0.542200
0.543100
0.548500
0.559200
2.622800
0.528000
1.587000
2.681000
1.085000
1.580200
0.554300
1.582800
0.538500
0.539900
2.665500
0.537800
0.541400
0.546400
2.118500
1.513500
2.673800
0.506500
0.541500
0.535000
0.543200
2.129000
1.723100
2.649600
0.543900
0.540100
1.649300
0.548600
0.547700
2.651400
0.528800
1.606700
0.675600
0.506800
1.596900
0.000000
2.008200
3.488100
4.392600
2.683600
3.711500
2.515600
0.532500
2.515000
1.609400
4.283400
2.156900
0.533000
4.239800
2.391200
2.338100
2.132700
2.978400
3.716500
0.537000
0.537400
4.240700
1.051400
0.548200
3.688400
2.732300
4.238600
3.752700
0.531900
2.630300
0.540900
3.515800
1.074100
2.666400
0.547200
2.652800
3.159900
3.186200
3.694300
4.255800
2.095200
0.548500
0.547900
2.660900
0.632900
0.536600
0.549000
3.474400
3.737800
0.532500
3.749700
2.867700
2.123300
2.887200
2.675000
1.056900
3.689100
2.646400
0.505900
4.752600
0.581300
3.190200
4.269900
3.186700
2.109800
0.529600
3.208100
2.484100
0.549200
3.156700
4.283300
2.062700
3.186600
0.547500
1.514900
3.169200
0.549200
1.061500
4.225100
0.548300
3.670500
0.544500
0.536800
2.617800
0.525400
0.548600
2.133700
3.185300
0.546200
1.089200
2.142000
2.657700
3.179600
0.590500
0.540500
4.673600
0.532400
3.113000
0.506100
0.523600
2.132600
3.708400
2.647200
2.379300
0.541900
0.534800
0.545000
0.542600
2.109700
2.638300
0.535600
1.071300
2.681200
3.972800
0.538100
0.538000
2.708000
2.050500
0.532700
2.664900
1.610500
4.230700
2.660000
2.514400
0.573000
2.141300
2.671300
2.762600
0.535400
0.530000
3.708800
3.746400
1.074200
0.552500
2.566900
2.132400
2.157500
0.546400
1.585900
4.185000
2.129000
1.594100
1.606000
2.356300
0.599900
1.059900
3.731700
2.640400
2.513600
0.540400
0.537000
0.533600
1.603900
2.646700
0.529000
1.081500
0.539300
2.788500
2.064300
4.226600
1.514600
1.517300
4.297000
1.858800
0.537400
1.034300
2.143800
2.688300
0.542700
4.265800
3.516000
1.513400
0.074300
2.115000
0.543300
3.704500
2.669100
4.118600
0.548000
3.169100
0.541500
3.147900
2.693500
2.097700
0.538700
1.086700
4.146700
4.195300
0.543400
0.506600
0.537100
3.255000
1.505500
4.064500
4.144500
1.094000
2.685900
2.040800
2.118900
3.176400
0.554800
4.261400
2.647000
3.700600
2.664400
1.088000
2.666200
0.532700
0.527900
0.554700
2.661400
2.717700
3.155600
4.115200
1.063800
3.142700
0.507900
1.012900
2.673000
3.717500
2.134300
0.523800
2.165000
0.535300
2.649100
0.543100
0.508300
3.291100
2.689200
0.530700
1.596000
1.044200
0.537800
0.553500
0.541100
0.537500
2.645800
0.537500
4.236000
3.427600
3.169000
0.551100
1.086100
0.531200
3.232800
0.537500
2.662400
4.261600
2.096600
0.531100
3.515700
2.686300
3.516500
1.933500
4.254000
1.045400
0.525800
4.238500
2.102600
0.532900
0.543300
0.546200
4.241900
0.506800
2.884600
4.225900
4.251700
0.506100
0.543100
2.656000
2.130500
0.541900
0.554600
0.532600
4.295000
0.531000
0.530000
4.309700
2.623200
3.751200
0.539100
2.104500
3.126600
2.671200
0.546600
0.551900
0.542700
3.186300
4.247300
0.529800
0.595700
3.988900
2.688100
2.395600
2.116100
0.541600
2.045800
0.542000
2.654100
2.119500
2.646700
2.653200
0.539000
0.536800
2.640900
2.146000
2.095500
1.591400
2.144000
0.528800
0.506700
1.581000
1.514000
1.080800
2.643300
1.515800
0.549800
1.073200
0.537600
0.538700
0.146200
0.549000
0.507000
2.133200
2.116600
0.529200
2.133400
2.142700
0.551600
2.693800
0.541100
0.549800
0.539700
1.612200
0.564900
0.546600
0.567300
0.546400
0.544400
1.665500
0.557400
2.057200
2.653900
1.060300
4.443200
4.274800
1.088200
2.950800
2.663100
4.220100
3.599100
0.547000
2.664500
2.641700
0.538100
2.655400
1.844400
3.716500
3.183500
2.669300
0.542400
2.640500
4.291000
0.544600
0.543000
2.145800
4.208800
1.603800
4.238900
3.894600
3.236500
1.519300
1.291700
2.641000
4.275100
0.545500
0.543000
4.200800
3.707600
0.551400
2.488200
0.542800
0.538200
4.141900
1.600300
2.685800
0.543700
3.810400
4.026800
0.546100
2.644300
3.557000
2.497900
3.153500
2.974900
0.531800
2.651300
0.506500
2.605300
0.536900
4.272000
2.655600
2.658200
0.547100
2.148800
2.635600
3.165700
1.514800
4.240100
0.539000
2.665000
1.068400
2.684500
0.533300
4.110400
2.951600
0.506300
2.674700
1.071600
2.640800
2.693400
0.508200
3.693600
2.653900
0.507300
4.264400
0.573400
0.552100
0.553900
3.176000
4.245700
2.117500
0.552700
2.629500
2.074700
0.537100
4.214200
4.786500
0.540000
2.698300
0.540200
3.183200
1.614300
4.240100
2.205100
2.555300
0.547500
3.752000
4.230800
2.657900
2.626900
3.244800
2.665200
4.274600
1.056400
0.536900
2.635500
0.541700
3.060500
0.555600
0.548800
4.233900
0.541800
3.723500
1.888600
3.322900
3.703000
0.624400
3.464400
0.507400
1.060400
2.729200
2.658900
0.543700
2.767700
1.590800
4.276600
0.546500
3.236600
3.387300
0.549900
2.658300
4.204500
2.122800
0.529800
2.682900
2.619000
2.666300
0.543600
1.099700
2.156100
0.552700
2.125200
4.255700
0.549500
0.543200
1.574900
0.528100
2.132300
2.137700
1.581600
2.007400
2.128100
0.544500
2.652700
0.545700
0.531300
0.541600
0.507300
2.654600
0.534600
0.531200
2.115300
2.134800
2.114600
0.575000
1.295100
0.547200
0.543700
2.640300
0.538600
1.097000
0.539200
2.056000
0.548100
0.507000
1.073100
2.819900
0.538500
0.539700
2.513700
2.644900
2.154700
0.532300
0.546100
0.555000
3.161500
1.086200
0.541700
4.319500
4.220200
2.709300
2.729800
3.554600
2.656000
3.172100
0.543500
0.542400
4.224800
1.877600
1.087400
0.550400
0.540100
2.663700
5.316500
0.533500
2.668700
4.263800
0.549500
2.699600
0.535300
2.627100
3.813900
0.545700
2.134400
2.412600
0.551000
0.545400
2.166000
2.628600
3.724500
0.539800
0.549200
2.143600
3.181200
2.766900
4.360100
0.533200
3.710800
3.703400
0.542100
2.656100
3.943400
2.128200
0.507100
0.536300
2.153800
0.533600
3.327000
0.550500
0.506200
0.541900
0.543700
0.544500
3.172300
2.160700
0.534400
3.737600
1.063900
2.721300
1.514400
0.534900
0.538900
4.190500
4.234500
2.512100
3.151000
0.535000
2.721400
0.536700
4.771400
2.145400
0.527800
0.590200
2.666400
0.539400
0.536700
2.690200
3.434200
2.620300
0.546300
2.678500
4.214700
0.537600
0.508700
0.042800
0.534700
0.536600
1.609700
2.645700
2.877000
0.547700
0.506600
2.144700
0.531000
3.695100
0.549300
0.544900
1.601600
4.259800
0.534300
0.550800
4.236400
2.138100
2.632100
1.594500
0.539900
0.542900
2.639700
2.643900
2.514000
0.547600
2.131600
2.689400
0.543200
3.210400
1.608400
0.541000
2.057100
2.120000
0.557300
1.589200
0.544900
0.534800
0.544300
0.528800
0.532000
1.591900
0.540100
2.164000
0.525400
3.634300
0.506400
0.540100
2.604800
0.532500
0.547300
0.536500
2.880300
2.141600
0.539500
0.042500
1.627300
2.513000
1.052000
2.679900
2.649500
6.539200
0.531900
0.545300
6.031800
3.211200
4.293100
1.095800
2.644100
4.215600
0.544800
0.696500
2.128800
0.527300
0.544800
4.705300
3.200300
4.476100
4.004200
3.175700
0.505800
0.548600
2.686000
3.738500
0.548300
0.531100
3.195400
1.617000
0.535300
0.544500
4.070300
0.544300
3.325100
5.362700
3.279600
4.269400
0.534300
3.260200
0.536800
0.932200
3.787700
3.184100
2.680200
3.689800
0.546000
0.537500
0.543500
0.542400
4.512100
4.825100
2.649300
2.663100
0.548800
3.214500
4.268200
0.547000
0.537800
3.189700
2.658000
0.534800
0.536700
3.044100
2.119700
0.544500
0.507100
1.969600
0.544600
0.540300
0.551400
4.564800
0.543600
2.701300
0.544000
2.146500
4.035500
3.183300
3.514100
0.539500
0.541000
4.768500
2.987100
0.540100
3.570300
1.042900
3.182200
3.694300
0.541200
3.200700
3.161800
1.605600
2.065700
4.330300
0.537500
3.706600
0.532200
2.654600
3.252500
0.506400
0.555900
2.717200
0.538200
0.505900
1.598100
0.507000
0.531800
0.550100
3.662200
2.515600
2.660800
2.696900
2.689000
1.598500
1.524100
0.535500
0.543000
3.207500
2.649600
1.043800
1.588800
1.516800
1.009000
2.651200
0.542800
2.132200
1.053800
0.507100
2.650400
0.585500
0.547100
0.542500
2.063500
0.543300
2.110400
0.538900
2.658000
1.622600
2.126500
1.601300
0.506400
0.506800
3.226600
2.157700
2.514000
0.537500
0.508900
0.569800
0.556800
0.574800
4.497100
3.908800
3.716600
0.545300
0.534500
1.097600
2.505700
0.536000
0.541600
2.161100
4.771600
3.627900
2.142800
5.427000
2.034200
0.589100
4.124400
1.514800
2.653800
4.232000
0.551200
3.713700
2.641600
4.280700
1.620300
2.234700
0.541900
4.801100
4.757400
2.123600
2.772500
4.244600
2.136200
0.554000
0.506700
2.513600
5.210300
0.544800
0.509400
4.279600
2.516100
3.835100
2.656100
3.633800
3.477700
0.541700
0.542500
0.533800
0.547100
1.054000
0.025100
0.506000
3.714000
2.129200
2.671000
2.690900
2.656500
0.536200
2.645600
0.542600
3.393900
0.533500
3.930000
2.127600
1.133400
0.545300
2.141100
4.227400
3.429600
1.615000
4.045200
0.543000
2.678700
2.622900
3.146100
2.638900
2.140800
0.544200
3.170000
4.734800
4.186900
3.173300
5.337200
4.244600
1.144500
0.537300
0.506800
0.535000
0.508600
2.691900
0.545300
2.157300
3.726000
2.515600
3.151500
4.239100
3.292400
0.540600
0.552000
3.172200
2.692800
3.713900
0.549000
2.181600
2.515800
0.508000
1.085600
2.629200
2.686200
2.132500
2.670400
4.169000
2.652800
2.247400
3.288300
4.226800
2.643800
3.514000
2.713500
0.550200
3.865000
2.648300
2.693600
2.190000
0.532100
3.696000
2.894200
2.119500
0.537500
4.053600
0.539800
2.112200
0.540200
2.632400
2.112200
0.542800
1.049200
2.662400
0.545000
0.535900
0.586800
4.244000
2.054900
0.506100
3.768200
0.530900
1.079300
1.515800
2.170000
0.543000
1.514700
0.544800
0.528600
2.118900
0.528700
0.546400
2.133200
1.066900
0.564500
0.532300
0.537600
2.097900
1.514400
0.000000
0.532300
2.665900
0.544200
1.514300
0.508100
1.514400
2.152600
0.550200
0.540100
0.506600
1.591800
2.688400
0.506300
0.540700
2.625900
0.506800
2.058500
0.535700
0.534000
2.121600
3.161800
2.131600
0.556500
0.551100
0.549600
2.061400
0.531000
0.534800
2.120000
2.056400
0.541300
4.158600
0.543300
2.673800
2.166000
3.696400
2.113700
0.541300
3.894600
2.657600
2.648800
0.522900
0.543400
3.750700
2.127700
0.547900
2.430100
0.536000
4.110800
2.649300
4.143000
3.806700
0.506700
1.612400
4.198800
3.143100
0.547200
0.141200
2.124300
2.286100
2.654000
2.647100
2.647900
4.258500
2.135400
1.514000
3.178800
0.535900
4.489600
3.123000
3.983600
0.531500
1.047800
2.083600
0.535400
0.506900
4.236600
3.666100
3.151900
0.553000
3.041200
2.655200
2.612700
1.075300
1.514500
3.176100
3.169700
3.264800
4.239800
1.579200
4.236100
0.025700
2.725300
0.550300
2.640600
0.541700
0.527100
3.506200
5.273700
2.673000
3.180700
2.591800
2.694100
3.159600
3.202100
3.123500
2.647700
2.129100
2.154200
3.009200
2.730400
4.230700
1.598600
2.659700
0.540000
2.050800
0.541100
0.530500
1.083100
0.531300
3.159200
2.673900
2.649600
0.532700
0.531200
1.620600
2.991900
0.526400
0.536100
0.583200
4.242300
2.612000
4.225200
2.660500
3.709500
1.514500
0.505800
1.059800
2.134000
3.708200
3.719300
3.855400
2.671500
2.665600
3.715700
2.639200
2.655100
0.537800
1.526000
4.712600
2.059100
2.638700
3.923400
3.795300
0.543400
0.543600
4.295500
4.722500
0.589300
0.563600
2.167700
4.740200
2.659500
0.544800
0.533900
1.516200
0.532800
0.536200
2.131700
4.807100
0.507000
0.543800
3.331900
2.136200
0.532600
0.545500
0.541600
0.547600
0.535300
0.546000
0.530000
0.506400
2.134700
2.515100
0.539300
0.514600
1.573900
0.534500
1.594200
1.638900
0.537200
0.532900
1.598300
0.541200
0.537300
2.628900
0.544500
1.576600
2.120200
0.538300
1.513400
1.110700
2.122900
3.185900
0.543200
0.506000
0.541300
1.044200
0.534500
2.647400
0.524800
0.506300
2.514600
2.046600
0.561200
2.646200
1.571200
2.132800
0.551300
0.540900
2.099400
0.542500
1.071400
0.581000
0.546100
0.550200
4.199900
0.544400
0.533200
0.531800
2.624000
4.203000
0.535200
2.752600
0.531500
2.665000
0.533900
0.546100
3.155200
4.266600
2.120000
3.173200
0.553700
0.507100
3.706000
0.530300
4.568000
3.598500
2.674300
0.540400
4.262200
2.608300
3.168100
1.124000
2.132200
0.534800
4.243300
2.136300
0.544700
0.523600
2.670700
2.629400
2.117300
0.532600
4.083300
0.544800
2.057300
2.069500
0.542200
4.796700
4.119400
2.467200
0.542400
2.661000
0.508200
3.238600
2.053600
3.704300
0.530500
0.540300
0.540200
3.187400
0.532700
4.232000
2.661100
2.674600
0.537300
1.119100
0.546000
0.527500
0.532700
3.198200
3.697200
3.688200
0.536300
0.548200
2.683700
3.193600
3.171800
1.517300
2.639800
3.918200
2.111900
2.642300
0.555700
3.196500
2.141200
0.506100
2.160600
0.535000
4.781400
0.527100
2.632600
3.598300
3.209700
0.533500
2.093300
2.653000
2.678700
2.135100
0.528800
4.722700
3.107600
0.551800
0.577100
4.651100
0.530900
4.279400
0.527100
0.539500
4.246500
0.549100
0.539400
3.175200
2.669000
4.248000
4.342700
2.815600
3.756600
0.552600
3.697500
3.935200
0.532900
4.189000
3.462500
1.032100
1.596300
2.127500
2.516000
0.548900
0.538400
3.747400
3.747500
0.535300
1.597100
4.224200
2.125500
0.530800
1.676100
2.047000
4.222600
0.538900
2.674000
2.639600
3.053200
4.253100
0.544000
0.552500
0.528400
1.167900
2.011000
2.653900
0.539200
0.548200
0.545300
2.073100
2.132400
2.109800
2.107900
0.506100
0.536100
0.506400
0.537300
0.536800
2.114000
2.684800
0.543700
2.109900
0.530600
2.922900
2.642100
3.714100
2.714300
2.129000
0.000000
2.140200
1.515800
3.166400
0.548200
2.169300
0.543200
0.536100
0.533200
0.528600
1.061100
2.668600
0.535600
0.525400
0.535100
0.547400
2.129200
0.530000
0.507600
2.595300
0.538400
2.147600
0.547200
2.135900
2.049800
1.065100
4.019700
4.201000
3.658800
4.120200
2.049100
2.653900
4.397500
1.098900
3.692800
4.248400
3.870300
4.872200
5.816000
1.093300
4.259800
5.132600
2.133000
0.000000
1.136400
0.542400
0.528200
2.693700
0.540600
4.745100
2.661000
2.128700
2.116000
3.183800
3.658200
0.534000
2.664100
1.615100
3.033800
2.665700
0.536700
0.546200
3.190400
2.663900
2.129700
0.543500
2.646000
2.254300
0.544800
3.163800
3.168600
0.534000
4.220100
2.148000
2.502900
2.142600
1.602500
3.182200
0.538000
1.082000
0.534900
3.162600
3.204400
0.506900
3.725500
4.308500
0.547100
1.597900
1.592800
2.720900
1.080700
2.057700
3.183500
0.534800
1.048300
0.541800
1.603100
3.156600
0.530200
0.506400
2.671200
0.554400
1.611800
3.669700
0.551900
0.506000
2.643500
3.717900
0.542800
0.537300
2.514800
4.703000
1.615800
0.542300
2.673700
2.662100
0.515300
2.149400
3.708400
2.658700
0.545700
1.585100
2.991800
2.514700
2.122800
3.146700
3.077500
1.592900
0.529300
1.586000
0.541200
0.506200
2.130800
0.544600
2.165000
2.710100
1.069100
1.514700
1.577900
0.548300
0.531500
0.505900
0.540700
2.538500
1.516300
1.580900
0.542700
1.057600
0.506500
0.545600
0.580400
0.547400
0.508600
2.237400
2.094400
2.132200
0.541900
0.538600
2.117900
1.515400
0.507200
0.548800
0.542300
1.513100
2.656400
0.538900
0.541300
0.552100
0.523300
2.685800
1.513800
0.032500
4.810100
2.129500
2.119000
2.073500
3.056600
4.291400
2.895200
4.299700
4.226600
4.797100
0.539300
0.507000
4.782600
1.979700
0.530600
0.506500
2.197000
3.197700
0.533900
0.540700
4.235100
2.052700
0.533000
2.614300
0.545300
4.800400
3.127200
2.128300
0.544800
1.057800
0.531700
4.205500
0.545800
3.216900
4.563400
2.513100
0.543000
2.638800
2.606400
0.529700
0.546300
3.735100
2.604000
4.251200
3.856200
0.532800
3.645300
0.534400
4.230900
3.633600
0.506200
3.431100
0.538900
2.673100
0.548000
3.309800
4.671900
0.541600
2.155900
0.534300
0.533300
0.563300
2.112900
1.074500
3.230500
0.533200
2.614100
0.537300
1.093000
0.545100
0.535800
0.530800
3.145200
0.535500
2.654300
3.179500
2.051200
2.295500
2.148000
2.164100
0.583700
0.534200
0.543100
0.567100
3.184400
1.513800
2.251900
3.184600
0.535900
2.167700
1.041900
1.583900
3.229900
2.456900
4.515600
0.537100
3.190400
0.543000
0.532200
2.651000
3.159600
0.530400
3.216100
2.129100
4.205400
3.768700
2.133700
1.178800
2.666500
3.009000
3.742100
1.515300
3.738200
0.533800
0.538200
3.734000
1.593600
0.507400
0.530200
2.151400
1.591400
2.120700
4.343500
0.532700
2.404600
1.045100
0.546600
0.550200
0.506600
3.724300
4.221400
0.546500
0.545200
4.235200
2.105600
2.127000
2.118100
0.538800
0.537700
2.644200
2.700200
3.751900
2.885700
3.172700
2.812400
0.539300
2.126800
2.660200
2.515600
1.079400
0.531000
2.125500
2.640700
1.585900
2.729100
0.532600
0.545700
0.549700
2.127200
0.507800
0.537500
3.684600
0.548100
0.541800
1.047600
0.544700
2.113000
2.141500
2.114700
1.571000
2.121200
2.045400
0.549500
0.551000
2.157600
4.040200
2.515600
2.622900
0.539600
2.659900
0.538100
0.552600
1.597500
0.506300
1.514200
2.655400
0.544700
2.636900
0.550400
0.536500
0.547900
0.535400
2.066500
1.516000
0.529700
2.621100
2.130700
2.144600
4.234000
3.191200
4.154700
2.797700
0.535800
2.056200
3.979800
0.545000
4.195800
4.135700
2.658000
3.515700
2.659200
2.665900
3.698400
2.122100
3.233100
0.544300
0.528900
2.637300
2.643600
1.071100
2.702200
4.620600
3.775800
2.667000
0.540500
3.181000
3.125000
0.506100
2.677600
4.745300
2.670600
4.457600
0.547700
4.244500
2.683400
0.540900
3.916900
2.709200
4.247700
0.537600
1.604400
4.225400
2.159200
0.535000
0.543900
0.546900
0.508500
4.724200
5.277600
2.135200
4.355300
5.305200
0.538900
3.212900
0.539100
1.155400
0.535900
0.533300
0.539800
4.710300
1.056000
0.543300
0.575400
4.656800
1.232000
4.758000
1.594200
0.531800
1.076000
0.542500
1.087400
0.532300
4.260400
4.261800
1.045100
0.535200
2.668300
1.055600
4.209500
2.674000
0.545200
11.448700
3.220400
4.188100
3.210600
1.046300
0.546600
4.274500
0.533000
1.086400
2.682200
3.179200
2.702400
0.551700
4.279500
4.272400
5.386100
1.091900
0.531500
2.913700
0.538600
4.177600
3.204300
3.713800
0.545000
0.544900
3.742900
4.317500
0.545200
0.545500
3.724300
0.544200
4.013600
1.599100
3.291100
2.668600
2.670300
2.694500
0.534100
0.547800
2.510700
1.514000
0.533600
0.542500
2.119200
3.820000
0.535900
2.120900
1.514200
4.211300
4.254300
3.232500
0.546800
3.717500
3.187400
0.593700
3.146500
4.721700
4.517000
2.678100
2.125000
2.704500
1.592700
0.532300
2.462800
0.532800
4.276500
0.544700
2.146900
3.178300
2.700400
0.543000
4.246900
3.966300
2.189900
3.188500
2.112700
3.726000
1.600300
0.534500
2.666000
3.779900
4.174300
3.698200
4.552900
4.236900
0.541800
2.150000
3.187000
3.164900
2.123400
2.138700
4.781700
2.120100
2.434500
4.275200
0.544800
0.537600
3.156400
0.549900
0.538900
0.560200
0.529800
0.534400
1.160500
0.538000
4.762800
0.540600
3.049500
0.545800
0.506700
3.700100
2.143100
1.067000
2.124400
2.124600
0.541900
1.069100
0.535200
4.744000
2.135400
0.539600
0.528900
0.526100
3.288700
2.644300
3.726600
2.121300
0.543900
4.233300
2.625600
1.646000
1.612100
1.596700
3.727200
0.532400
1.612800
4.234900
3.191700
0.039600
0.547300
4.208300
3.720900
1.052300
0.535300
2.643800
3.637600
4.239700
2.632200
3.929300
1.611600
0.535200
2.592700
2.650000
4.743700
0.547800
1.081700
0.540100
1.584500
2.636600
0.000000
0.548900
0.549300
0.532700
0.537000
1.069300
0.509800
0.541300
0.537200
1.595700
0.583800
2.551400
0.540900
1.080000
0.532900
0.548400
2.141100
0.541800
0.537200
1.601300
2.672500
0.549600
3.222300
0.570100
0.540500
0.536500
0.545000
1.601600
0.507200
0.536000
3.246900
2.139200
2.122800
0.542600
2.127000
2.128600
0.542700
0.535100
0.540300
0.534800
1.011400
0.540900
2.653100
2.118100
0.543500
0.536300
0.545200
4.245600
2.095400
0.506600
2.110100
2.129200
4.764700
3.691800
0.534900
4.290600
3.206300
0.556500
3.049100
1.514200
0.549200
1.122600
0.534700
2.565800
0.548300
0.546400
2.647800
0.587000
0.506100
0.550400
3.210600
2.468800
1.045000
0.581300
3.958900
2.638300
1.077000
2.648100
0.537400
2.683100
0.542300
0.543200
1.092700
2.142800
4.247100
0.571800
3.707600
2.687500
0.543600
0.539400
2.127900
2.679500
2.948000
3.710800
2.125500
4.433200
1.592500
3.794300
0.568000
0.529800
4.194900
2.135800
1.581300
0.541800
1.599600
4.782600
0.544300
0.541300
2.659400
2.650000
0.536600
0.538100
2.478800
4.256500
2.106400
0.547400
2.684000
4.300500
0.024800
0.544500
4.214000
2.145200
0.545800
0.569200
3.718400
0.538700
4.243400
3.174500
0.536800
1.034300
2.159800
4.721000
0.507000
3.379400
3.164500
0.507200
0.541500
0.575600
4.529000
4.738500
2.057600
1.589400
0.541900
1.612300
1.058900
3.744500
2.073600
2.636600
1.606900
0.505900
0.528300
3.071800
1.608000
2.117500
2.668900
0.539800
1.615600
1.051800
2.096600
0.550900
0.508700
0.000000
1.085500
2.130900
0.531300
2.138500
0.536600
0.573700
2.664500
2.114000
0.529600
2.513700
0.532400
2.111400
2.144500
0.545400
2.121000
0.536100
2.140100
2.106500
0.534100
0.558800
3.312500
0.507900
0.552100
2.516000
1.058800
0.538500
4.498500
3.184100
0.536600
1.037900
3.281100
3.711500
0.505800
0.506500
3.176200
3.172300
0.506700
2.966800
2.630100
3.727700
3.694800
0.506700
2.668600
2.146800
0.035000
0.535000
2.148600
3.212900
0.543400
0.505900
3.120000
0.532900
0.541800
0.536200
0.537600
2.688400
0.000000
0.507000
0.541700
2.160500
0.548600
2.680400
0.550400
0.544500
2.062000
0.535200
1.084500
2.673500
0.530500
2.529800
2.112700
4.813900
2.161900
1.605300
0.506600
0.527600
2.161700
0.539000
2.610800
3.186200
4.258800
0.541800
4.140300
2.230600
2.559500
2.191200
0.544200
4.206600
0.531800
4.285000
0.548400
4.639100
4.784100
2.131900
4.202500
0.550300
0.531200
4.663700
0.546700
4.267000
4.233200
2.148300
3.606800
2.583300
0.540700
2.153200
0.576000
0.506900
3.587900
0.530300
0.539600
4.312100
2.172200
0.534000
3.195600
0.551300
2.676100
1.514500
0.544700
4.266500
4.224800
3.241500
0.540400
2.046200
2.172000
1.068300
2.661200
4.354400
3.150600
0.546100
4.278000
3.174100
4.823900
0.506700
3.657000
3.138100
0.543000
3.066000
0.534400
0.533200
2.286700
2.687900
4.757700
1.081600
0.550100
4.768200
2.679300
4.264900
0.531400
2.134700
3.198500
2.639300
4.272200
3.188300
2.683600
2.117600
3.744900
4.294900
3.705100
0.535600
0.544300
2.129500
3.240000
3.691800
4.220500
3.657900
2.235600
0.541100
2.051600
0.536500
0.581100
4.034600
3.980700
2.653900
3.523600
4.260400
1.515300
2.514700
0.529700
0.534400
2.130500
2.693000
0.544500
0.541600
0.544700
0.505800
1.062300
0.547300
3.125500
2.106200
0.506400
0.534900
0.543900
2.134400
0.542000
0.541100
0.539900
0.548400
2.640700
2.115100
1.084900
1.060700
2.515800
0.533100
2.778600
1.075800
1.186500
0.552000
0.533900
2.050000
0.545100
0.546200
1.513500
2.628300
0.507400
0.541500
2.519800
2.120100
0.534700
0.547500
1.587500
3.176200
0.544100
2.151900
1.144600
2.728600
2.216800
5.417200
2.724300
1.072200
3.215300
0.533900
4.267200
2.658600
2.390600
3.728100
1.071100
3.156600
3.153600
0.547400
3.769400
3.418600
1.514900
0.556200
3.077800
4.754500
4.346200
2.641800
1.100900
0.546100
2.273300
3.930400
0.506400
3.351000
2.635700
2.660200
1.623800
0.543800
4.262000
1.642300
0.535700
4.235800
2.673300
4.353700
2.644200
0.555200
0.555900
4.246700
3.060000
3.283800
0.551600
3.651600
3.148800
0.534200
0.550200
0.539200
2.651600
2.650000
2.664500
2.651500
0.539000
3.164700
0.506700
0.531100
4.420300
2.646600
1.551600
0.540700
0.507500
0.532000
2.303300
0.544500
1.048100
2.995900
2.118100
3.230400
3.181500
0.536400
3.197300
3.217000
3.155000
2.676900
4.018200
4.790800
2.675900
1.046400
4.800200
2.647100
0.538300
2.728600
2.208700
2.651400
3.163200
3.694300
2.824700
0.546900
3.173700
0.533700
4.076500
2.117200
3.166800
3.817400
2.636300
4.728000
0.544900
2.659400
2.111700
0.539900
2.639200
3.508600
0.535900
3.052800
4.735700
2.668800
0.533700
0.552100
3.187500
4.207400
1.088100
2.148800
3.721200
2.061700
0.543900
4.767600
4.745500
2.666400
1.610200
4.074100
2.116100
4.731700
0.536700
0.542800
3.615300
3.174300
0.534000
0.528700
2.659000
4.514800
2.672400
2.477400
0.544900
0.507100
4.659400
2.124400
0.609800
0.549400
2.650700
0.000000
0.543200
0.533700
4.499000
2.063700
0.547900
2.054300
0.537300
2.115200
1.585900
1.096300
2.065100
0.532000
0.548800
2.127500
3.724400
0.596700
2.649100
0.539100
0.546400
0.542800
0.545700
2.160700
1.075400
0.554100
0.528800
0.543300
1.600700
0.543100
2.142700
0.528000
0.544000
1.579100
1.515400
3.228200
2.136900
2.131400
2.515900
0.539400
0.548400
0.536600
2.065800
0.531600
0.580000
0.546500
0.531800
2.741100
0.509200
2.121600
2.694600
0.551600
0.537100
0.546800
0.537100
2.665400
4.243000
0.540800
2.440300
2.131000
0.541700
0.548800
2.513900
2.220400
3.197300
1.515800
3.514900
2.151000
0.534800
2.137200
0.547200
4.216200
2.642700
0.539200
2.122400
2.627400
0.550100
0.506700
2.964500
2.120100
0.507000
0.506200
0.546400
4.240400
0.506900
0.505900
4.759300
3.084900
4.239200
3.873900
0.549000
3.236800
2.636500
0.532200
1.041300
1.064600
3.675200
1.611700
2.637500
0.536500
2.129100
4.192400
2.120400
3.200700
0.529500
3.642700
4.174600
1.081600
4.761600
2.721300
2.117400
0.549100
4.199500
4.136300
4.222600
0.507000
3.902000
0.531800
0.528500
1.082400
2.633700
2.984500
0.550900
2.661700
3.672900
2.628200
0.531500
4.790600
2.151200
3.188000
0.574400
2.672100
1.055100
4.203800
2.651800
0.532000
2.560900
3.582700
2.115000
3.703600
3.162700
0.545400
0.541200
2.685600
3.710800
3.178200
0.531700
4.718600
0.543800
0.532400
3.538000
0.532900
2.717300
2.631300
4.814700
0.541900
3.024200
4.735200
2.056500
0.541100
0.543400
2.142400
0.533600
0.534200
0.535200
3.702700
2.659600
2.680400
0.530400
2.661500
0.507900
0.541700
5.100500
2.636000
2.640200
1.070500
0.506200
4.284800
2.151300
1.070300
0.506100
2.129600
4.744200
0.549300
3.705300
1.607200
0.544500
4.272500
3.553500
0.533900
4.793900
1.514500
3.683400
0.537500
0.529200
2.623300
2.630700
0.544500
3.171500
4.273500
2.664500
0.538600
0.524000
1.066600
3.135800
1.591500
0.536700
2.059400
0.536100
0.540600
0.539300
2.665600
2.109400
1.009200
0.530700
2.065900
1.067800
0.507500
0.507100
2.630300
4.555100
0.535600
2.054800
1.594900
0.555000
0.547100
0.545200
0.544000
1.513500
2.712300
0.529200
2.133700
0.506200
0.549400
0.535300
2.130900
0.544000
0.548000
2.021700
0.543300
1.076900
0.531100
0.536100
0.540400
2.653500
0.508600
0.540600
0.034700
3.155600
1.037800
4.245900
2.740600
0.533200
3.006900
3.213200
2.656200
0.550400
2.086600
1.940400
2.768700
2.138100
2.653300
4.743000
2.662200
3.751300
4.730300
4.232200
0.537600
0.540400
0.542100
4.267800
0.542800
0.538500
4.203000
2.127700
0.536100
3.071900
4.224400
3.161600
4.266000
4.214800
0.537000
0.559000
2.141300
3.273700
0.538400
0.556700
0.539000
0.535100
3.055900
3.228100
2.127100
4.799300
3.197500
3.205800
4.302700
3.151600
0.584200
0.532300
4.242800
1.043900
1.513100
0.546600
3.148200
0.508100
4.635900
1.058200
0.548000
3.134100
2.649900
3.409800
2.632800
3.712400
4.599300
2.651300
2.125200
2.668000
0.544500
3.594900
2.614400
3.187300
2.966600
2.135200
3.167400
1.067900
2.648400
3.115500
3.086900
3.349100
3.136900
2.692700
0.546800
3.226900
1.127200
2.671400
0.535500
3.699000
0.537400
0.537200
3.152800
3.157300
3.739800
0.534100
3.676100
3.673700
2.654500
0.531200
2.640000
2.126400
4.801400
0.553100
0.533800
2.641200
4.289000
0.548100
0.541600
3.181600
3.552100
1.067100
2.115100
2.128900
3.712900
0.543800
0.548200
4.291400
2.668100
3.753400
0.534900
0.534100
3.146500
3.733700
0.546200
2.664900
2.193600
2.147900
2.093700
0.548500
2.134400
2.630200
1.953800
1.603600
0.532900
0.562600
3.173000
0.544400
2.642700
2.751500
0.533900
0.542500
0.532500
2.063400
2.675300
0.590800
1.769100
2.690200
0.527400
0.547300
2.110700
0.537100
0.545900
0.536600
1.514900
0.535800
0.537400
0.525700
2.139000
1.067000
2.622900
0.538800
0.551700
3.705400
2.694300
0.540600
4.408800
1.587700
4.800500
2.070300
1.623300
2.910500
4.327300
0.582700
2.673100
4.236300
2.123500
3.515300
0.538900
4.227700
3.529600
0.569600
2.662500
3.704300
2.103400
0.566300
0.544500
2.641400
3.373200
1.630200
0.543700
0.538000
1.052000
2.651400
3.752800
0.553500
0.549500
0.557000
0.532800
2.631200
3.177100
0.590000
0.525600
3.195300
3.225100
4.284400
2.082500
2.655400
0.556300
2.683700
2.128400
3.672600
0.593000
2.499300
4.802900
2.658000
0.542800
0.534000
2.513400
4.748100
0.551000
0.549700
1.923100
3.396700
2.057600
3.063600
0.545100
2.643900
3.728100
3.179300
0.544100
0.506200
2.653300
4.279900
0.506000
1.100100
2.651200
1.603200
0.537900
3.684700
2.476200
2.627900
3.170200
0.532800
2.670100
4.375400
0.506700
3.701500
0.548300
2.061000
0.532400
1.149100
1.587300
0.546100
2.631800
0.537400
1.076800
0.529900
0.009800
1.588700
0.541900
1.515100
0.549100
2.121900
2.133900
0.507900
1.596800
0.529000
0.541200
0.505800
0.535400
0.550000
1.588800
0.548300
0.542700
0.548800
1.075900
2.662300
0.533400
0.545300
1.515700
0.541000
0.541000
0.523000
1.602600
1.596400
0.531500
2.666500
0.540400
2.635600
2.149300
0.534000
3.179400
2.165400
0.553300
2.115300
3.756500
0.536800
2.825300
2.690300
3.256200
0.539400
1.514700
4.748300
4.031000
0.534400
0.541000
4.255300
2.051000
4.051100
2.678900
1.080700
3.156500
0.527300
3.133700
2.072000
0.583400
3.179200
2.663600
0.535600
4.112300
2.138200
0.535500
2.140300
2.088200
2.647500
2.114300
0.534600
2.663600
2.089300
0.547400
3.703100
2.469200
1.058700
0.554500
0.544600
2.129500
4.717600
2.734500
0.543200
2.550900
2.115500
0.506500
0.506800
3.701000
0.533600
2.103700
3.709700
0.543300
0.544900
3.208200
0.535400
2.650700
0.543900
1.632800
3.683900
3.688900
0.544700
4.640700
3.678700
0.530200
2.140400
0.539000
0.540800
0.539000
3.218500
0.537400
0.540400
4.044300
0.000000
3.751000
2.875200
0.554100
2.422800
1.046000
0.560200
0.553800
0.585500
0.527400
0.536600
0.507100
2.674800
2.157900
3.179100
4.909500
0.557000
2.637900
0.544800
1.096300
3.187200
3.208800
3.159600
4.241100
2.065500
4.731500
3.219100
0.548700
1.593600
2.677500
0.535900
0.543300
0.540300
3.174700
0.540400
3.688500
2.640000
4.809300
1.514800
3.225800
3.265100
2.111700
0.548100
0.507500
0.506500
3.829500
3.399300
2.683500
4.233500
2.688900
2.648500
2.697300
0.545900
3.187500
1.626300
3.182500
2.072700
0.538200
4.215500
2.016600
0.533200
1.609800
4.230000
2.660700
2.685800
0.540300
1.590300
2.674500
0.565600
3.674600
3.753900
3.260000
4.284400
0.546000
2.146400
2.050500
0.542800
4.684100
4.334400
1.085300
0.542300
4.301300
3.685900
2.155400
0.506900
1.083800
2.644000
3.153500
0.528300
2.942200
0.540600
2.064500
0.567800
0.540800
2.686800
2.123700
1.514300
0.507000
3.220500
4.188900
0.533600
0.538600
3.773800
3.184300
0.506200
0.538600
2.660700
4.298200
2.672300
3.163200
0.551300
2.118400
0.539400
1.514900
2.640200
2.173900
2.155200
3.175700
0.533300
0.553700
3.930700
0.546000
0.532100
0.534300
0.527900
1.063500
3.179500
0.529600
3.174400
1.069000
4.196600
0.541600
0.533000
1.055000
0.545400
0.506500
0.540500
0.507700
3.669200
2.633900
4.852800
2.932900
4.494600
2.101800
3.714500
0.549100
3.692300
2.636800
0.537800
3.669500
1.055500
4.740500
0.540000
0.547900
0.560300
0.541500
2.702000
0.544700
4.169000
0.528000
4.263100
3.737700
3.954400
4.149800
3.180200
2.114700
2.958800
2.143700
4.716800
3.745700
2.709100
0.000000
1.042100
4.180300
2.177600
4.758800
0.506600
4.214200
4.262800
0.525700
1.085400
4.771700
2.513400
0.507600
4.303900
2.150700
4.441700
0.507200
0.534300
2.694600
2.649000
4.151100
0.530300
0.526400
2.072900
2.673700
0.542700
2.638100
3.657600
0.506300
3.716000
4.770200
2.141800
4.779000
2.653200
1.064700
1.037500
3.986300
2.608500
0.545300
4.230800
4.776200
2.126900
2.091900
0.532000
2.128000
3.177600
2.872400
0.549700
2.645900
4.514700
2.127300
0.552300
2.142800
0.531600
2.108600
0.534800
0.541300
0.544900
3.125500
1.611600
0.533200
0.541000
0.530900
1.127500
2.654700
0.536900
0.545200
0.544600
0.530900
2.514300
3.066400
0.539200
2.515000
0.548700
2.112000
2.119500
2.654700
1.515400
0.548900
0.544600
1.581200
0.538500
0.538700
2.153600
3.707500
2.514500
1.089100
0.549200
2.679000
0.529800
2.499000
0.545400
2.681700
0.534900
4.266700
2.650500
0.535600
0.533600
1.099500
2.629600
3.718600
0.527300
0.530800
2.105400
0.545200
3.739400
2.134400
4.749500
0.547800
2.650300
3.785100
4.530000
0.538500
0.548400
4.711400
3.179400
0.554500
0.551400
2.140700
2.683000
0.507000
1.596100
4.797000
2.665500
3.213200
0.506300
0.546900
0.538600
3.146900
6.480400
0.544700
0.506600
4.203300
3.190600
0.042800
2.071400
4.237500
4.225600
3.095200
1.075000
0.540700
4.394600
0.538900
0.548100
2.670800
0.536000
0.528100
2.489700
0.540000
0.534700
1.035600
2.514300
0.545600
2.114300
2.120400
0.554000
0.561800
0.529600
3.190300
1.087900
0.545100
1.514200
0.550700
2.664500
2.513400
0.544200
0.533400
3.054600
1.573000
0.508200
0.532700
2.649100
0.534600
1.041000
0.528000
2.062200
2.126200
0.532700
2.135400
2.116300
2.129200
0.508300
0.545800
0.532900
0.506900
0.540700
0.597400
1.061500
2.109400
0.551200
0.531100
0.541000
0.506800
2.632300
0.576000
1.580000
0.534700
2.701100
1.515500
2.154900
0.543400
3.695700
4.212000
2.654800
0.507300
0.529600
4.744000
1.575500
3.180200
2.062900
2.098100
0.545400
0.539300
0.530500
4.771700
2.651600
1.047200
1.085200
1.589900
3.168600
0.537700
0.534100
1.516400
2.148000
3.627000
4.250000
3.697000
2.658400
4.095200
0.509400
4.146700
0.556700
1.963800
2.630500
1.041300
0.595800
2.131300
2.173100
0.544200
0.542800
4.746100
3.199700
0.539600
0.530000
3.992100
3.220400
2.654000
3.714000
0.546000
1.607400
2.653100
0.539200
2.035900
2.061200
1.489800
0.533000
0.540600
1.040900
0.538500
3.647100
0.538400
0.531600
1.054400
0.542200
0.527800
2.877400
0.557200
0.539500
2.825300
2.671300
0.654200
0.529100
0.554800
0.551600
0.543100
0.570700
3.173500
2.715300
3.729200
0.506200
2.654900
1.039900
2.681700
2.733000
2.140700
2.655200
3.170200
2.974300
3.670300
3.172000
3.153900
3.163000
0.545300
4.767300
1.584800
0.535300
2.705800
3.047300
2.816000
0.538900
1.104700
3.019000
4.207100
3.723000
0.579600
4.031700
2.642300
0.545700
0.542100
0.542000
0.529100
3.000600
3.636600
2.875900
2.174400
2.129600
2.336500
1.054500
0.540500
4.912300
2.135800
0.532000
0.540500
3.172600
4.734300
2.725700
0.539700
3.162400
2.657600
0.544400
2.237700
2.716700
4.208300
0.539300
3.749200
0.546600
3.514800
0.538300
0.541200
1.547800
2.464500
3.155100
4.520100
2.648800
2.125100
0.537100
1.581400
2.133800
0.539100
2.644800
2.126500
0.539400
0.689900
0.528400
2.644700
1.594600
2.106000
0.536300
0.547800
2.144600
0.548200
0.538700
0.568200
0.506900
1.074400
0.506600
0.544600
1.605100
0.540000
1.140800
1.039900
0.538300
0.541900
0.506500
2.099100
3.175400
0.543900
2.652200
0.551200
0.545800
1.515300
0.549100
2.514900
2.136900
0.000000
0.548300
2.145900
0.506500
3.185000
1.058600
2.067400
0.535000
0.542700
4.234500
2.050900
0.540300
4.258600
4.514900
1.612200
0.506600
0.506300
4.557500
1.134700
2.138300
3.698800
4.057200
2.101600
2.139400
3.205500
2.307600
3.760100
0.537600
2.976800
3.998500
1.104300
0.557600
4.230700
0.537500
0.539100
3.754800
2.129600
4.235800
0.545500
2.138300
4.753600
4.052200
0.575800
3.785100
