262.066600
285.214900
289.840200
281.026200
303.215200
419.885600
802.780000
805.352200
918.958400
592.403600
444.753400
932.164100
1330.657800
951.598500
1593.445300
1259.755000
1695.520800
1728.597300
1470.436200
763.361000
1724.618100
1315.330300
995.338700
1412.122700
1577.760500
1794.941600
1203.186100
1646.027100
1764.287100
1970.729300
641.885900
2181.200500
602.724300
1349.007300
1794.181200
3100.005400
2137.246600
2576.755400
963.099400
455.880700
2874.211300
1445.785000
1773.418900
84.203100
1726.897800
139.029500
2204.111900
843.445500
2386.495900
137.192500
2765.136100
2286.894700
1705.674100
2528.135800
1054.044000
2288.317200
486.112700
661.031000
1077.285200
501.873700
4145.915800
1866.149200
3926.129600
2385.351600
1599.911900
2642.691600
507.754200
499.754400
4317.986000
114.113600
3046.064700
968.980100
2800.872800
2708.898800
3246.018900
1660.899100
431.322500
4261.974300
1862.536900
2382.488500
3823.743800
653.944900
866.983600
941.376400
1511.882600
3668.947400
2041.899400
491.709500
1321.957600
3216.755800
3312.837000
3794.779400
1635.749900
1134.861500
884.292100
1134.532900
1036.445200
1095.481900
5006.170600
1319.006700
1200.463700
3232.793700
1116.639000
4680.642300
1477.679800
1194.220800
1341.582300
1951.408800
907.984800
562.486600
1653.269900
345.815900
2484.712200
2035.016300
2092.482000
1532.759300
2025.401000
2829.653300
1359.967600
2110.758200
706.054700
2869.613500
1300.545800
1357.567000
1573.078800
1883.004000
1587.146800
2064.027700
295.996100
251.869900
365.811200
179.230700
400.342400
555.614500
539.033300
166.410900
1125.378300
1168.557600
1552.782800
271.997900
1493.241600
1741.825800
761.713500
1340.173500
1117.276500
1868.139700
1861.615300
1505.629800
1894.822900
779.507200
879.219300
763.281500
2006.888500
1211.171400
1286.485100
160.678500
1603.300900
1548.076500
450.981800
1614.279300
611.627800
1836.025900
221.508500
2531.683100
807.682900
2189.910100
2323.145000
1953.134500
218.930000
2781.668100
692.905700
1840.953600
1736.209300
2298.134200
312.174700
2451.132700
2533.046800
2769.549200
1727.066000
3450.018700
2405.656600
2701.939800
2104.251500
1765.775000
3640.850400
2982.349100
2577.803100
1493.224800
2852.214500
2570.384900
3202.563100
3084.238600
2487.420300
4056.217800
3180.271900
3488.871400
2244.861600
2942.626800
360.978600
3634.742500
242.050900
832.070500
4033.679700
1358.498000
3955.902500
1119.024900
1523.277800
3312.484800
3632.366900
2617.643100
3369.033100
4024.480200
2878.329700
4172.376000
1599.329600
1436.397800
3984.868400
2974.625100
4179.445000
5129.685000
4617.494600
988.026500
819.240900
2856.727400
980.711200
4852.881600
517.793200
1332.962700
2000.089400
4986.554100
3388.029200
2885.810700
3542.207600
4478.084800
4923.787200
2842.622300
4437.604300
812.023100
4569.698700
2387.840700
232.062800
217.847000
4904.246200
4051.259200
3658.104300
4842.898900
5194.125500
4577.575200
2741.168100
2599.716300
3589.016000
4831.386100
3607.388100
2715.679200
3034.629400
5187.494200
4600.796000
1678.545600
2265.697000
2218.361500
3486.698900
1942.465200
2149.665800
5298.394700
2509.635300
1786.685300
3911.323700
4899.686600
2639.349800
1418.552700
1144.697700
1547.489000
2821.484900
3338.026200
5864.119800
6636.505100
4300.908700
3219.942100
1361.661600
727.957500
3357.621700
5658.539700
1864.041800
3072.598000
6793.011000
3535.013500
5011.182600
5739.517600
282.998900
5835.960800
4275.732000
4352.468100
2304.095300
1693.846900
6698.741300
1147.471400
1971.570000
857.392600
3919.791600
8144.434500
4724.638500
1021.678900
1493.448600
1609.386500
1557.751800
1730.650700
1017.932300
794.113800
1768.458000
720.144400
643.253900
615.809600
1322.987600
1269.035300
1302.384000
1602.132700
1381.100700
4377.696300
1018.050600
1971.882000
507.347600
344.255000
2060.501600
1555.663900
853.639700
1989.198600
716.963000
2228.054000
1485.330900
2075.949200
310.715100
2292.672300
211.573600
2707.644800
8577.423300
2497.116200
2628.508200
207.493000
1921.565700
1586.847200
1876.083000
5355.308700
2654.726600
465.886700
2597.649900
1588.557900
1406.996400
942.752400
2630.533600
2327.587900
1474.929700
8205.112600
3344.721700
2937.781000
962.043100
2773.442700
1936.430900
8389.356000
2960.487100
2452.602000
1822.649500
5781.735900
1890.378100
2348.555600
1861.389500
2334.594500
3611.009500
2910.809700
1751.528900
287.419000
355.893200
419.870700
419.870700
246.551600
743.043600
465.455000
175.520900
729.442300
793.413700
1020.654100
292.223400
1474.178600
953.538700
186.560600
205.812100
1087.449700
1017.614900
1083.422300
1590.022100
1793.292100
1704.935400
1823.684000
156.431500
1126.605400
1959.558300
174.141400
1070.861200
1831.399700
280.661300
988.073800
1478.772800
1142.026100
2180.478900
732.457200
533.098500
2317.151800
1987.441000
2148.869600
2139.551900
1134.326000
2452.603300
1774.708600
1924.624200
1187.159100
1475.283700
1120.258200
1855.546300
960.328100
827.264400
238.605200
1727.987200
3120.370700
1810.635200
552.006300
1649.956900
1792.302600
555.571100
971.140100
628.975700
2050.169100
1475.464700
773.409300
929.397500
834.970100
3280.486000
2068.955600
2228.249700
1228.835300
1200.131900
898.319600
3442.552300
279.327200
663.853800
818.915500
2614.320000
2272.390400
230.242700
3515.512500
673.508700
546.089900
1693.446300
2569.050000
3458.690400
140.573400
655.570600
3489.368700
2200.225200
1465.764900
1959.714500
877.089600
677.558300
971.564200
462.984600
3396.837200
2134.533800
3722.546900
2033.761800
2860.091800
2210.983800
1541.961900
327.738300
244.453400
286.681000
284.204600
661.407900
206.645000
248.077000
768.745300
579.455000
895.332000
267.313400
950.913800
558.187500
384.315400
1169.092600
1389.083800
1380.195800
1406.083200
1459.251200
1389.550700
1481.035200
621.578100
1564.280900
1613.859800
1628.332700
1541.312400
1617.509700
1586.767500
756.622900
1604.010000
925.105400
1645.925300
563.356200
1687.860700
1500.094300
1753.200100
1847.535900
1813.469000
215.849000
1927.776700
970.105400
2108.322700
148.251700
413.491600
190.772300
252.094300
330.162500
455.467000
214.982400
532.116600
572.382400
589.520200
214.658300
497.960600
511.286300
450.313300
742.176600
287.709300
766.065800
766.350700
241.829700
390.012100
182.669600
320.311500
333.501800
460.635700
510.219800
815.606900
412.505500
122.475500
225.183400
229.596400
322.512900
396.923200
429.921400
383.857200
652.527000
717.019400
741.748900
892.748200
943.328600
881.147400
783.107300
381.049700
513.732100
323.754200
467.829500
839.148000
983.456000
1079.362500
1206.286400
1259.462700
1209.680200
572.842400
1534.084400
534.046400
1486.769200
974.325500
866.158400
982.575500
1147.358200
1021.784800
1573.509500
637.063300
788.545100
683.949500
1440.371100
2421.576100
2397.945600
2316.932900
2262.022200
2339.105500
950.453400
588.293800
859.212700
1865.615100
2727.378200
2068.694900
2753.020700
2255.305500
2834.307300
2827.108300
2447.367900
2857.955200
2516.386200
3104.242900
1912.797200
2368.508400
2931.089500
3041.850000
3344.655400
3276.625700
604.832500
3119.887000
3298.125700
3185.082800
3655.327100
2784.628300
1513.782500
977.549000
3334.681500
1047.597700
2800.512300
3548.503600
3425.363100
3457.669400
3346.872000
2572.995100
3680.823500
679.037000
3165.173500
3342.642300
3585.413600
1824.795000
1198.872700
2986.546100
4190.015300
3233.355800
3863.179500
883.325200
2046.579000
875.808500
928.329400
3589.649900
3954.977400
909.749200
1674.501400
1237.977900
1382.985800
948.849500
2116.486700
2566.947500
1594.922500
5285.898300
1989.044800
1418.249800
2059.855500
1582.532300
5010.801800
2826.975600
4792.837800
1558.152100
1896.325700
5236.620700
2788.897900
579.578000
6475.960400
3170.500400
3631.312100
1085.527400
3622.874400
3539.211400
4050.588000
2976.496800
6714.646400
233.848000
3255.526400
3152.847700
310.714600
323.342100
6265.982800
361.361000
391.173300
434.656800
1536.017000
4410.202300
507.927200
477.830300
444.444300
477.354400
399.613700
4481.071300
2042.920900
2197.982200
96.009300
1296.288300
4690.828100
166.009300
234.472800
6853.516900
291.721700
7460.258300
635.158600
704.394100
735.943100
503.759900
627.513000
785.036300
680.386200
786.271400
650.286700
1003.530200
911.909800
904.908600
1137.651800
716.287300
739.292300
1102.715300
882.195500
1002.956100
1121.818900
1009.060200
1170.498600
1066.171700
1235.770100
585.850100
1209.071700
1271.772100
861.078500
1295.807300
743.984000
1815.164200
2294.817600
158.818600
208.957100
219.483700
117.997900
511.394400
227.301500
292.133600
332.135200
396.265100
399.518300
463.594600
452.191500
467.179600
337.404000
343.406000
447.312800
296.702800
419.241900
550.871200
518.361700
179.861900
350.455700
414.952600
908.792800
485.552400
338.894200
325.349500
998.887700
1162.386900
1039.172700
1495.148600
1660.760900
2050.082300
2093.529100
1833.765900
2023.045200
163.771500
350.434800
317.362500
322.359600
368.810100
402.693200
338.394900
380.561600
296.353900
553.518400
635.514600
432.806100
316.395100
405.607800
649.936700
1128.411500
1071.482100
1640.737800
1648.264300
1669.593700
188.185500
271.387900
294.720500
174.118700
394.238700
965.278100
928.327000
978.874800
446.149800
684.674700
1018.559400
1089.501500
1124.601100
787.363700
866.655700
1188.558000
976.862000
1067.978700
1047.625700
1058.501500
1017.276600
1100.171100
995.878600
293.760300
1113.850500
334.364700
415.934100
490.460300
302.595600
512.817600
563.975100
575.518200
419.172100
474.916800
375.531600
458.774400
249.316100
404.490600
873.063300
1418.208000
548.255000
107.664000
470.170800
898.182800
442.485500
1443.393300
483.890200
466.503500
213.258800
1074.709400
603.802500
558.561400
514.419200
158.022100
610.210800
443.703400
486.052300
542.129100
602.793100
1413.326800
243.986100
833.408200
231.246800
262.486100
1636.139600
278.128100
191.337500
392.180200
153.810500
177.719000
147.195500
148.187100
2050.319000
571.524700
1014.618800
592.529600
100.931800
1632.917100
160.049000
365.055300
233.922300
518.882500
351.171100
3033.331400
427.366800
390.017500
2637.748300
3383.204700
181.126600
176.669100
531.189900
488.420300
2203.735700
3299.669900
4018.504800
3953.459900
4350.941400
4194.645600
1201.519800
902.636200
1686.836600
671.433600
606.890200
3018.650200
853.772500
3572.872600
816.741700
1580.263800
765.863100
4390.486600
929.904600
951.431800
1685.489700
2030.609800
3866.465600
142.135300
4917.031800
4315.560500
4860.402000
3398.739200
4711.473800
4478.803800
208.886300
4833.432800
661.564900
5260.544900
128.670500
5552.170100
2867.380100
4932.450900
892.923900
5875.024600
2849.822900
1099.392100
5545.104600
1488.353800
966.877800
361.253400
522.993700
1128.105800
374.930200
873.574700
890.788300
6049.001600
6476.640100
1185.370600
4028.447400
1743.623500
1237.365400
4000.617400
6933.447100
3558.387700
6431.491900
6447.565700
6359.721800
6690.993000
7054.288200
6828.131600
6680.150400
2237.087300
2013.641100
1424.660300
7217.827500
2398.519900
2438.608600
7755.188600
2191.419400
2616.577800
2211.286200
4790.636100
7347.702000
8045.556500
7862.570000
7010.632000
873.321100
7089.687600
1733.084900
4629.626000
7769.898200
5093.847100
3110.597000
3165.778000
2861.497000
443.217000
2377.584400
3399.096400
2369.652500
352.179200
2394.201800
1521.899100
2401.482100
8421.961100
5303.412500
5547.756000
1485.975300
2111.510000
9041.457100
735.645700
1714.622800
5631.457400
5895.512100
3261.249500
1010.209700
5110.022400
3900.838100
2991.243700
9214.525900
9366.954400
1231.367500
2273.830700
3920.258500
8506.852200
9625.812300
9077.093800
2562.555400
3016.409900
2620.988900
9217.929000
9734.030100
9762.638600
9731.021500
2837.808800
6342.390700
1848.317900
9138.589600
2926.762600
3437.587900
1090.236300
8999.862200
8965.984100
5883.948800
4107.508100
2633.495400
10053.804400
3278.597800
6483.003000
2596.228200
9735.978200
1037.952700
3082.426900
2460.138900
3571.652600
3175.226400
10631.335600
4073.928400
3624.396400
4475.945100
7523.321400
3481.267300
4006.796300
3092.058600
4381.776500
10134.671400
3920.785600
1509.360800
1143.055600
1479.420000
9856.021000
871.056600
1770.653500
3380.009300
3087.151700
974.793300
555.352100
4148.229200
916.785700
1102.176900
2298.633500
1362.198700
3525.804400
878.050100
1493.205100
10576.027000
1127.388600
5297.380300
4892.930900
3566.618000
2188.430800
2794.436100
1950.769600
2470.354100
1877.348000
2214.056400
2344.600500
3825.399400
2062.363900
5724.354700
136.016900
2462.046100
6667.230900
2229.683300
6231.494000
379.356000
122.291900
2841.952100
935.932700
970.319300
611.169200
544.547200
398.614500
935.130300
3664.902200
1362.231100
4699.005100
147.932000
293.784600
196.690700
283.687200
323.422200
527.037600
403.436200
650.127900
605.503100
568.966000
697.068700
801.722400
508.551500
784.715700
920.394800
962.236900
465.616800
657.042500
360.299200
362.837000
1276.526200
656.896900
885.925000
412.874100
1362.179100
439.047600
992.092100
430.321700
1358.002000
685.146300
1490.000500
1417.120700
1569.374000
1823.636300
1682.114800
686.057300
1972.298900
666.393300
894.621600
620.654400
1972.443800
1847.576400
1630.711100
1486.849800
1670.439300
389.580700
1940.322200
2153.011900
2007.672400
691.984000
2275.939000
2093.150600
1494.648700
2394.458800
2485.854200
2318.546300
1081.600500
2219.345800
2122.563000
1457.877200
1154.475600
2826.603400
2150.260900
3224.848900
3098.022200
106.000600
3359.492400
160.799300
183.035600
127.893900
211.307800
329.244500
714.950000
879.652800
618.271000
965.277000
818.402600
634.768300
419.131500
1106.443500
711.552700
1232.373200
824.629500
1223.371500
1298.315500
877.446700
343.206900
1257.303900
491.102400
1249.156200
1251.559600
422.777600
1262.810000
1962.261300
1960.299700
1918.829800
2102.713700
2492.395200
336.575800
276.534300
355.537400
2672.355800
2729.049400
660.032200
2328.371100
691.403800
527.449200
138.463200
196.342900
607.581100
623.570000
441.139500
896.403200
747.790700
909.208600
795.549200
865.073100
993.744800
602.316100
1066.524600
601.833500
607.829100
914.396700
1087.745800
1072.514800
908.216400
613.948800
1198.856800
434.076500
945.898700
1191.099300
1516.163300
1816.223000
237.004200
285.706600
324.220000
2070.155000
1798.554200
1772.082700
1846.943600
2218.769000
925.559600
207.597100
