1.829700
2.444400
2.617200
12.516500
0.542100
11.682500
13.187000
13.696000
13.696000
27.810100
10.657700
6.865500
7.874600
13.485500
16.514200
16.007400
21.723900
23.720500
17.180200
18.998300
18.998300
17.994000
25.993900
32.001500
26.997300
11.999000
23.002700
26.997400
33.998100
17.999300
17.997700
3.999600
30.000300
25.000400
7.998300
23.002900
21.000400
4.998500
19.000600
15.997100
23.703300
11.598100
17.929400
17.929400
14.216500
11.156700
24.845800
7.156000
11.998000
19.737500
26.670500
19.671200
29.434700
24.952000
10.536400
9.581100
22.019100
26.763700
15.878600
19.574700
7.782900
4.686400
2.771500
16.279100
18.437600
22.288200
19.297800
1.378000
11.796700
4.014500
15.985400
18.710800
8.001400
8.002600
10.003700
13.999700
6.002900
3.997500
6.000200
7.998200
9.004900
3.004700
3.003100
3.995700
1.001200
1.001200
4.001800
6.003100
1.996600
7.131300
3.600500
3.162400
4.134800
7.519800
7.756200
14.607400
10.995100
8.997300
9.000300
6.002200
6.000800
11.996800
16.712700
8.517100
14.000600
9.000800
15.003800
15.994800
20.036100
12.541700
6.961800
6.961800
3.376300
9.198600
11.459800
10.050400
9.001800
13.014800
6.999800
6.000300
10.829900
3.726700
17.985900
14.203500
16.436200
13.617900
8.801500
0.999600
21.772000
10.747100
3.008100
14.616000
11.385400
4.256900
12.057700
1.887600
15.202500
1.000000
0.998300
14.999300
6.001100
6.970100
5.968700
9.197900
12.375800
6.596200
7.447800
13.753500
24.722300
8.439500
10.158000
15.737700
16.832200
17.833800
10.503900
7.754800
12.403000
18.933200
7.610300
11.803900
7.235400
3.070900
9.467400
9.821200
4.280800
9.116200
13.771300
2.192100
17.309200
8.830000
8.908900
16.781200
13.008300
21.319100
12.270700
15.270000
6.518300
15.535200
16.100900
10.422400
19.597800
5.579500
13.545300
11.625000
11.096700
9.410700
11.464900
14.200200
4.943100
12.232300
8.093900
4.078300
4.586000
8.636200
0.994900
1.437600
0.994900
0.663900
4.795500
4.681400
10.690800
18.209400
10.792300
10.792300
7.156800
7.515000
11.517600
15.519200
6.632400
8.635800
8.635800
5.995800
11.659700
10.912700
16.914700
6.002000
13.000200
21.999300
16.002400
11.006500
14.000400
9.994000
9.994000
1.516200
10.987800
13.450500
4.294300
4.518300
5.183400
5.183400
7.543900
1.085400
7.093700
5.000500
5.000700
5.998900
4.000500
4.000500
6.979500
1.996700
5.997700
6.000000
6.000900
6.000900
9.221200
14.499300
14.472300
22.273500
22.273500
17.055900
7.095400
8.103100
8.612400
10.485100
27.116200
9.492700
13.067400
7.747600
8.073300
5.147400
5.044700
13.052300
20.561000
11.116400
6.006400
14.393000
13.993600
15.722200
15.378600
11.400800
9.347900
17.363600
17.159800
6.093300
10.897800
7.655900
13.258000
3.995700
10.615900
2.231100
5.296500
25.897600
24.900900
39.900500
37.694000
37.556200
30.824500
27.516600
57.316100
107.038500
56.313000
77.433700
56.314800
6.817200
6.817200
23.784100
39.248900
39.285300
27.766200
17.702800
14.741000
20.580300
11.438200
23.653500
19.640500
23.777500
10.473800
20.251900
9.754200
7.014500
20.524100
20.060100
14.704100
6.270600
36.095100
23.691900
32.913800
19.515300
10.001300
9.000800
18.002100
18.002100
18.999900
22.994900
29.995000
6.000200
14.001500
15.003600
4.998700
12.996600
12.996600
20.996000
16.671600
8.682800
7.003400
8.001000
7.001900
1.010900
4.380500
7.568400
0.975800
8.093100
0.251200
4.427600
4.427600
9.524100
7.001000
10.002000
6.002900
17.004400
9.004400
9.000000
12.997500
12.997500
5.998700
9.995100
2.000600
5.999400
7.996600
4.997000
4.998000
0.000000
1.001700
1.001700
0.000000
1.004000
7.000000
6.002100
0.507000
7.185300
3.517300
3.702600
5.101400
5.975600
4.116300
3.176900
2.530600
4.466900
3.745600
7.145600
3.883300
6.935500
5.000700
4.000300
6.996400
4.007000
3.998900
5.998500
6.000400
3.998700
0.999800
0.999800
3.026000
5.006300
5.974000
4.000800
0.000000
5.999600
0.000000
0.000000
3.001500
0.000000
0.000000
0.000000
0.000000
0.535200
0.557100
0.528900
0.535400
0.528000
0.000000
1.067200
0.537700
0.537700
2.515600
0.541600
0.541600
0.998100
0.998100
1.001800
0.998800
1.002500
0.000000
0.541500
0.550900
0.531400
0.531400
1.002900
1.002300
0.000000
0.000000
1.003000
0.999900
1.161200
9.346300
1.683100
17.927700
17.402200
3.999000
4.998700
4.998700
6.818200
1.516400
1.516400
2.517300
6.300400
2.708700
1.061500
2.339800
3.714300
0.545700
1.072900
1.072900
0.999000
1.002300
0.999400
0.529500
1.132500
1.132500
2.166000
7.946300
0.524900
0.539300
0.537900
0.533700
0.529600
0.518300
1.081900
0.547800
0.554800
0.521700
0.521700
3.559100
3.254000
0.546500
0.561500
0.537400
1.035200
1.073600
0.536800
0.523700
0.551500
0.551500
0.504700
0.548400
0.532100
0.528200
0.520800
0.524200
0.531000
1.126900
0.536600
0.532000
0.531100
0.532200
0.508800
0.539900
0.535600
0.538900
0.541200
3.198200
1.609800
1.609800
3.200100
4.800000
5.830700
3.153300
5.261100
2.116900
3.209700
0.557300
0.551500
0.533000
0.599300
0.543100
2.942100
0.533800
0.533800
0.519300
0.531500
0.533400
0.531700
0.530300
0.519900
0.000000
0.518300
1.084000
0.580400
0.541400
0.541400
1.499000
1.652600
0.533700
0.533800
0.528300
0.517800
0.534700
0.538500
0.533100
0.542800
0.538800
0.533300
1.057100
0.540000
0.537200
0.599500
0.576300
0.526800
0.537000
0.524100
0.534100
0.537500
1.079300
0.556200
2.086500
1.096000
0.550600
0.522600
0.550800
0.547300
0.542900
0.509700
0.527500
0.539500
0.536600
3.168600
1.086900
0.536700
0.548200
0.547500
0.533400
0.549900
0.523500
1.050800
3.141100
5.911400
2.651800
2.651600
1.166800
0.991000
0.535100
0.524000
0.532600
0.527000
0.068600
0.514500
0.542900
0.529200
0.530700
0.560000
0.528100
0.536300
0.529300
1.058500
0.527300
0.000000
0.530500
0.526200
0.532400
0.538100
0.541800
0.534900
0.529800
0.532400
0.530000
0.000000
0.534800
1.066000
2.002300
1.004100
11.646800
22.027100
20.007200
27.217400
25.770600
6.260500
6.260500
2.207500
7.312100
13.998000
5.000000
3.997000
5.000000
17.995000
12.993800
3.997000
3.997000
10.515400
21.843300
7.133900
7.133900
8.142800
5.433200
7.314700
2.643900
4.106900
2.967800
4.004200
1.386400
1.945300
7.841600
2.972500
0.524300
0.524300
0.533700
0.533700
3.141500
0.581200
1.033000
0.532800
2.803900
2.826200
2.919800
0.521700
0.594300
0.551100
0.621600
0.507400
0.536700
0.506700
0.541200
1.002100
0.170300
0.554100
0.530800
0.715100
0.527000
0.535200
1.072300
1.199800
0.534000
1.059000
0.544000
0.544000
1.057300
4.273900
1.992900
1.000500
0.000000
0.000000
0.000000
0.535600
0.533000
1.069600
0.543500
1.062600
0.523200
0.534500
0.536300
0.534700
0.521700
0.540200
0.521900
0.571100
1.245900
0.535400
3.697400
0.540100
0.566300
0.021600
0.536200
0.587700
0.535100
0.000000
0.532200
0.536500
0.536500
4.766600
1.173200
0.540100
0.552000
0.532400
3.186000
0.551500
3.179700
0.530700
0.548900
2.644100
0.526900
0.532300
0.544400
1.148800
0.546300
0.532100
0.527300
0.533100
0.571500
0.543800
3.197400
0.010200
2.598400
2.149500
0.542500
0.542500
1.077600
0.564200
0.564200
0.533600
0.548800
0.535100
0.535400
0.526500
0.017900
0.531500
0.552600
1.094100
0.534300
0.534300
0.529600
0.520100
0.537000
0.534100
0.541000
0.547200
0.536700
4.385600
3.758300
2.130300
3.563600
0.527200
0.552900
0.539400
0.544900
5.839700
4.266000
4.306000
5.289500
4.779000
3.636400
6.001900
3.999300
2.000800
0.000000
4.875800
5.281900
0.548300
4.152800
3.470500
0.579100
3.661900
0.530900
0.518400
0.518400
0.541600
1.068700
0.536600
0.539500
0.530700
0.524700
0.538600
0.552200
0.558200
3.145900
1.654600
0.533700
0.541400
0.536300
0.551900
3.306100
1.564100
0.554600
0.545400
0.541600
3.069100
2.674400
6.472300
6.239700
0.554800
1.064100
1.064100
3.838300
8.363200
9.009800
10.328000
16.338000
9.333500
14.565700
16.174600
6.748500
16.136600
16.136600
9.000700
7.000800
12.001500
10.003200
3.002900
27.997100
23.994600
7.000700
9.000200
10.000200
8.998900
3.003100
7.272900
7.627500
4.764100
3.150600
2.505500
2.110500
0.532800
1.091700
0.511400
0.000000
0.284000
0.534800
0.996200
0.000000
0.532000
1.000900
0.526400
0.539300
0.508200
0.534800
3.227700
0.539600
0.539600
0.550300
0.542600
0.535900
3.048700
0.527000
2.645800
0.533000
0.518700
0.535900
0.541400
1.074200
1.051300
0.545200
0.531000
0.532000
0.019200
0.527900
0.528200
0.532200
0.562100
0.027400
1.171100
0.538200
0.533000
0.537200
0.526100
0.532300
0.537800
0.538600
0.543300
1.065100
0.532000
0.536200
0.522300
0.563900
0.538700
0.537800
0.539600
0.531500
0.551300
1.041600
0.528400
0.531400
0.529500
0.534400
0.539400
0.532800
0.533500
0.541300
1.626000
0.541900
3.246900
1.266100
2.689500
3.117200
5.025100
4.273400
4.224200
5.716900
0.531800
0.531800
6.066200
0.531400
5.156000
4.603500
6.124800
4.629600
7.325100
5.775900
6.054100
6.054100
6.054100
3.906000
9.122100
6.238500
5.079700
1.960000
5.972600
3.737100
3.646100
1.107000
5.308400
1.672700
0.561700
1.068700
1.087500
1.581300
3.073100
0.538500
0.562600
0.536200
0.540500
0.546600
0.539000
0.532400
0.518500
0.540200
0.523400
1.069200
0.555300
0.555300
0.561300
0.539300
0.516900
0.535900
0.524900
1.071700
0.532400
0.536100
0.538000
0.534300
0.529000
0.000000
0.552200
0.521300
1.149400
1.074600
4.729600
0.520800
0.520800
0.507400
0.506300
2.087300
0.540200
1.600900
0.558800
0.536100
0.527500
0.553500
0.553500
3.266700
0.575600
0.575600
3.222400
0.548300
0.535300
1.629100
1.667100
3.308800
2.650900
6.244200
4.080900
1.737400
2.794900
2.571900
5.530900
8.719500
8.501800
5.808800
12.030200
7.885500
4.299500
9.633800
15.935200
4.664900
6.704600
22.638600
21.917900
10.717500
7.005300
12.189400
10.788300
5.453900
12.030200
3.192200
5.704700
7.998200
7.999600
6.999700
2.999400
6.000000
5.932300
5.261700
2.636100
1.598800
0.532700
0.535300
0.539600
0.539600
1.071300
0.552300
0.000000
0.534500
0.018100
0.539300
0.532000
0.547400
3.834400
1.144600
17.400500
33.694100
18.917000
8.073600
15.694500
14.697300
33.320600
34.832200
19.675400
17.674200
25.571800
29.275800
11.677900
28.097800
16.765000
9.997200
22.766000
37.368600
37.368600
11.944300
11.187800
20.376900
18.236200
31.482200
31.482200
13.616200
25.836300
26.831800
13.009100
20.970900
17.904300
12.816700
19.295200
1.224500
7.204800
47.051000
47.139300
25.979200
12.001800
16.001900
2.999100
14.999100
25.999100
13.000200
4.998300
20.999700
1.999900
8.762100
3.070100
3.070100
3.183200
2.642900
0.024000
0.529500
0.506200
2.603600
3.799800
1.972100
0.532400
4.270200
2.660900
3.718500
2.042300
3.015900
0.530400
0.561200
2.883900
0.534900
0.000000
5.340000
0.531200
0.533900
0.533000
0.538100
2.128100
0.572500
1.061200
1.062600
0.551000
3.776300
0.538400
0.553800
0.530800
0.528400
1.107300
0.529700
0.541200
0.534400
0.540200
0.544000
0.532100
0.537500
0.020000
0.542000
0.532700
0.555000
0.539000
0.550200
2.723600
3.266200
1.603000
4.895600
1.094900
0.000000
0.538400
0.531000
0.529100
0.526900
0.537500
0.534300
0.518700
0.525900
1.087700
0.537500
0.531100
0.546400
0.532500
0.559200
0.012500
0.528300
0.567400
0.530200
0.538700
0.530100
0.521300
1.069500
0.554700
0.542000
0.525900
0.545700
0.522900
0.537400
0.533100
0.534700
1.110100
0.535400
3.719800
0.551100
0.532000
0.642400
0.505800
0.537800
0.537100
0.538100
0.538100
0.541600
0.537100
0.531900
0.526300
0.535700
0.537600
0.533500
0.536800
0.537400
1.000000
0.516100
0.527000
0.535400
0.537200
1.619200
1.619200
10.397800
6.100900
5.577800
6.111700
3.841300
3.709800
7.845100
5.619100
4.896500
2.515900
0.000000
0.000000
0.541900
0.536300
0.541300
0.526400
0.528600
0.533600
0.541100
0.000000
0.544000
0.541500
1.092400
1.019900
0.549900
0.531200
0.529400
0.538900
0.534900
0.525700
0.527000
0.516800
0.546600
0.528300
0.546200
0.539600
0.533300
0.537700
0.562400
0.524700
0.524800
0.537000
0.553300
0.547300
0.530900
3.808900
0.534200
0.547800
2.171900
5.141900
2.129700
2.666300
0.528000
1.275800
1.275800
0.522800
0.539000
0.539500
0.540500
2.126800
0.537700
0.543200
1.052700
0.534300
0.553500
0.544100
0.537300
0.524100
0.544000
0.540400
0.541400
0.539900
0.539900
0.523900
0.523900
1.129000
1.055700
5.863800
5.349700
9.837400
5.325400
5.325400
6.321200
6.321200
1.590400
12.705800
4.481200
11.862800
11.862800
4.772900
8.489900
15.061200
4.642100
9.997600
3.053200
6.806700
1.071900
14.380700
4.791200
4.866700
3.766700
1.597500
1.597500
2.230800
1.113600
3.206200
1.517200
0.542300
0.642400
0.534000
0.551400
0.538500
0.000000
0.524200
1.063900
3.196800
0.550300
0.541900
0.729600
0.540400
0.529100
0.000000
0.529800
0.526200
0.508600
0.988400
0.974300
4.298500
7.163100
5.065800
2.720800
0.521300
7.291700
5.186700
4.004800
1.605700
0.555900
0.543300
0.543300
6.567100
3.961600
4.569900
3.694500
0.529200
0.534700
2.049400
0.533100
0.541700
0.527900
1.376700
1.050200
0.545800
0.534900
0.542000
0.000000
0.538300
0.516800
0.527800
0.538000
0.534700
1.087200
0.535600
0.541200
0.541200
0.572900
0.572900
2.164300
3.235100
3.252600
5.504900
0.541100
4.142100
4.819900
2.681800
0.540000
0.603200
0.527000
0.531300
0.540700
0.534500
0.532200
0.529400
0.531500
0.532100
0.532500
0.533000
0.531200
0.538600
0.539800
0.557200
0.529000
1.116800
0.550200
0.527700
0.532100
0.540200
0.530800
0.539500
0.522400
0.543700
0.527400
0.532300
0.553900
0.532400
1.073400
0.559600
0.000000
0.535900
0.542500
0.532700
0.541300
0.543600
0.530600
0.530600
0.537700
0.533000
0.536500
0.550800
1.111100
0.523600
0.538400
0.515300
0.543700
0.518700
0.000000
0.532500
0.516000
0.528500
1.049600
0.540200
0.534900
0.019700
0.516300
0.556800
0.534300
0.529300
0.538200
0.526200
0.526700
0.533200
0.591100
0.530200
0.530200
0.542700
0.019600
0.532600
0.549900
1.076100
3.359600
1.634800
0.542900
0.542900
6.964700
3.730700
0.538600
0.542600
0.526500
0.560300
0.542400
1.911100
1.603100
0.525900
0.522100
0.536000
0.539900
4.635500
6.941900
1.095400
0.584400
0.529900
0.532100
0.535400
0.000000
0.000000
0.519200
0.525600
0.533100
0.000000
0.528600
0.507900
1.091100
0.548100
0.535500
0.532200
0.533700
0.540200
0.542800
0.529000
0.526300
0.533400
0.523400
0.528600
0.542700
1.064400
0.544900
0.542900
0.531800
0.554100
0.535500
0.518600
0.533600
0.522100
0.528500
0.526200
0.535300
0.548500
1.056600
0.541100
0.535800
0.547200
0.000000
0.536100
0.530400
0.538700
0.531700
0.540400
0.531500
0.536000
0.020600
1.060200
0.534000
0.540800
0.000000
0.544100
0.536400
0.532100
0.543200
0.529000
0.525500
0.014800
0.526400
0.523000
0.517100
1.075400
0.537400
0.531500
0.529300
0.533200
0.765700
0.544400
0.534900
0.000000
0.537200
0.528400
0.548300
0.520100
0.529400
1.092600
0.540600
0.540600
1.590800
0.538700
0.534900
0.505800
0.545900
0.579600
0.561800
3.945000
3.747500
3.747500
4.741700
1.770200
0.531000
0.557500
0.525800
0.532900
0.532700
0.000000
1.075300
0.542600
0.535900
0.529400
0.518100
0.528500
0.538200
0.541600
0.520200
0.533100
0.000000
0.536900
0.524900
0.531100
0.535600
0.545200
0.538200
0.539500
0.526100
0.555300
5.968400
8.340300
10.541300
3.950200
6.440400
18.013800
14.629100
8.216700
16.228000
8.008300
13.072200
15.998300
14.992100
15.088200
28.931400
20.100400
15.998400
19.000200
15.998400
7.001000
12.998200
11.000900
7.091800
16.384400
5.620600
4.814700
6.571900
16.318400
7.616200
2.809000
9.569300
8.029000
8.551900
7.479400
11.461100
6.936100
6.936100
8.734600
7.934300
13.002100
12.255600
16.845400
8.474100
8.486800
14.414600
4.291400
4.801400
17.458900
5.606700
9.377800
6.988200
6.988200
6.008600
3.491000
3.491000
7.038300
6.430500
5.320300
9.005400
5.978700
4.782100
6.894700
0.523500
5.325400
1.062000
1.062000
8.317800
3.129300
4.130000
6.280300
4.130000
10.468500
0.605900
0.613800
2.139100
8.570100
9.337700
1.161000
3.347900
8.776300
11.360800
12.950900
4.400900
8.404800
12.809900
18.272300
10.501700
5.490400
16.539300
19.591000
23.599400
29.447000
31.105800
30.549500
29.468300
8.807000
6.447700
14.951500
14.951500
14.407800
14.407800
13.454300
16.912900
15.848100
12.159300
19.694700
6.059500
19.460900
11.699600
6.317300
11.699600
14.122700
10.368500
17.918400
11.601500
15.532400
11.601500
16.897900
19.621600
3.144700
6.930600
14.215600
12.609600
13.028500
8.643400
6.514200
12.744400
21.389500
10.595400
2.510700
14.517200
17.776100
5.277300
5.967500
13.720800
4.633600
10.674900
11.079600
12.531600
8.364900
8.277400
1.299600
9.149000
6.490300
6.530800
3.680100
4.845000
11.664700
10.056500
4.394600
8.107100
6.374100
3.280400
9.748400
6.521100
20.227800
3.339600
12.709600
12.587400
24.415400
16.286900
31.177700
13.999400
13.999400
16.998900
3.933500
11.920900
13.923700
19.519200
22.525300
20.521400
16.652700
17.204300
17.200700
12.146200
12.146200
9.519200
19.518600
11.841400
21.979300
9.998900
11.922400
17.777200
10.517600
20.111700
10.518000
13.696600
7.506400
18.694000
6.748400
11.649800
4.998500
8.001300
6.998300
4.665100
6.370800
6.370800
5.209600
4.990800
4.999700
5.126900
3.998300
4.000000
1.000200
0.530400
0.533200
0.533200
2.655400
1.518400
0.539100
0.574400
0.960400
3.976400
0.536900
0.529900
1.072100
0.527300
0.533800
0.530000
0.532500
0.553300
0.521400
0.519500
0.523800
1.020500
0.543400
0.542600
0.526200
0.596700
2.924200
2.608700
1.572000
0.529800
0.526000
2.583000
0.240800
0.533300
0.533300
1.008900
0.524000
0.000000
0.541800
0.519600
1.113900
0.528300
0.537600
0.541900
0.521900
0.537300
0.548500
0.529800
1.172200
0.552900
0.553300
0.537000
3.202000
1.601100
2.130600
1.601100
2.130600
2.439000
12.465300
6.890100
14.554700
15.106600
7.410300
16.518600
17.045100
25.799100
4.980100
9.445700
17.715900
13.289500
21.850900
21.333800
9.607500
21.333800
20.276500
14.926300
21.622900
23.432200
21.069200
17.449500
13.105500
8.165200
17.297700
9.585600
15.203500
14.323900
8.914900
3.731600
4.240700
5.951700
0.541900
0.526600
3.041000
0.539000
0.539000
2.134100
3.800700
3.278900
4.788500
1.233600
0.558200
1.233600
4.391600
5.780600
13.438000
4.273500
4.850100
10.467500
19.030500
13.569900
11.304600
10.211100
9.112000
14.033800
22.645700
12.983300
97.537000
103.743000
2.995600
12.347700
40.006000
40.006000
43.009400
50.593100
46.007600
48.008500
49.444300
57.003700
56.878400
57.308300
28.994900
28.994900
28.994900
9.787900
61.594600
8.777800
43.857400
58.181000
55.180500
55.180600
46.037800
43.182800
58.700100
32.141300
38.662200
26.508200
21.518700
17.747600
20.746900
32.603400
34.598700
34.598700
30.438600
48.598200
47.598400
42.950200
36.324400
32.324000
32.324000
29.469800
28.853600
0.530300
66.130900
71.264100
77.607600
38.234800
36.400500
101.720900
93.888700
10.904400
63.665200
58.016100
72.387200
49.760900
51.326100
96.846100
89.907200
82.756700
69.265100
70.367600
69.845000
87.617800
89.718600
79.009500
75.740100
101.527400
108.259700
56.518700
96.388400
61.812500
76.518100
75.515400
66.998900
78.000400
44.003400
44.003400
44.003400
45.004800
60.002600
42.000000
6.999300
6.999300
54.000500
27.997800
26.993000
54.000500
33.508000
31.514900
63.523600
69.137700
54.135500
69.137700
57.473900
58.472300
66.467600
45.227000
47.379700
47.379700
49.543000
39.550900
37.044600
35.462500
55.104100
1.072700
43.860200
42.855900
41.860000
58.877200
30.391500
1.074200
63.245200
24.620800
12.999000
60.688500
28.843000
28.843000
47.387100
14.998600
30.997100
52.002800
14.521000
58.514400
47.514900
36.520200
19.999400
13.205900
34.207900
29.924600
48.541300
34.768200
30.038800
22.292500
28.713300
55.921800
57.444700
61.054500
115.522400
52.128200
41.682400
45.433300
82.079700
90.583700
148.028900
132.026500
67.635900
104.585900
64.511200
69.833100
65.189000
64.510200
82.861900
82.180400
83.180600
87.179800
127.180900
92.814900
101.569800
135.551400
178.583500
138.550900
167.734700
14.266500
27.036100
114.034100
120.708800
106.854300
72.239600
89.474700
83.476300
129.702300
169.874800
192.902400
171.891600
178.902400
179.901300
177.356600
192.896200
162.539400
164.536800
175.686600
174.702700
184.357500
188.892800
186.902200
185.334800
229.917600
56.001400
218.899500
218.899500
123.199100
186.660900
242.892700
145.827500
97.712800
151.198700
93.504700
89.522300
96.097500
117.811300
107.813200
92.921000
73.920800
74.603200
83.357400
85.361200
102.357600
94.059400
93.054400
93.077500
87.293700
85.013600
92.112400
89.101300
81.132700
81.597700
5.611100
8.131800
88.762400
156.282600
114.281300
160.054000
113.846300
105.238100
105.238100
172.184200
27.491100
163.690200
112.749000
59.453300
130.997100
111.782400
129.911300
96.918900
68.076600
95.567700
94.564200
72.495300
73.597600
74.077900
83.011200
56.717700
83.589100
82.094600
70.679100
81.286100
52.449000
70.954300
70.170300
78.551400
66.339100
72.108700
65.447000
66.644600
59.496400
62.009600
68.813200
72.812000
72.812000
76.812500
67.023400
85.017900
82.504900
109.524500
84.499200
121.387000
132.758900
102.381000
94.936500
113.486600
102.750000
140.785700
106.250100
80.569700
86.210600
77.106000
105.209500
96.918200
106.092400
66.971800
67.495900
75.665700
98.972200
76.396300
80.869500
82.345300
71.914300
79.647100
75.647800
67.638300
50.718600
48.823100
55.567900
64.838400
67.984100
70.631100
62.031500
64.031400
84.067200
84.067200
89.496800
54.619700
75.547100
68.726700
77.705800
111.726300
111.726300
115.617700
75.516000
91.513300
73.996900
66.089100
62.090600
64.090900
96.087600
77.283200
92.278900
80.283100
84.283100
85.284300
81.279600
89.933200
87.844200
98.673000
101.283700
90.193500
113.194500
102.190000
103.191200
106.193700
113.193200
77.615900
43.999100
106.427100
93.893000
80.892900
80.892900
54.894700
72.887900
121.409400
124.413400
87.889600
83.892300
62.892700
68.892200
71.896700
92.895000
92.895000
69.810800
71.493200
77.299600
74.138500
79.774400
75.839500
109.082300
98.779600
124.217000
145.793900
132.371900
122.869200
99.312700
157.443200
100.763100
74.670900
99.952100
59.953000
172.168400
58.952600
64.268600
66.793700
58.136000
150.043100
150.064600
62.962800
73.142100
77.137700
136.067100
81.176200
81.706300
77.651500
72.763500
73.456700
98.806100
127.272800
117.393000
124.213900
134.220900
149.218500
125.219600
120.027500
166.624400
86.661600
170.335500
70.942000
163.722700
167.055700
166.684500
140.443500
128.309200
95.579200
97.576400
102.573700
96.577800
142.406700
97.579200
93.577600
129.951300
88.213500
140.562400
110.716100
88.951500
91.086200
84.086100
84.086100
84.086100
97.235700
99.285800
84.212800
80.209400
83.210600
77.208600
66.208700
64.894000
67.210200
53.225100
41.942700
55.225200
55.225200
53.616100
45.132700
40.136000
61.133700
56.133000
63.433000
57.435000
41.357700
50.466300
52.464400
49.415500
55.076900
54.726400
61.145200
65.665500
58.476200
82.664800
72.176000
90.173400
97.174900
96.175000
70.996400
79.994700
107.455100
56.998600
89.888600
94.372200
67.848900
73.576600
80.555000
72.551600
73.554500
88.261900
87.918500
70.478700
66.577200
62.429700
53.636300
52.001300
97.621500
40.291800
98.738600
56.936200
56.936200
97.266100
67.563600
58.687100
102.098100
68.162700
10.162000
68.721600
26.409300
67.718800
22.260400
8.000000
23.998300
87.722700
134.718900
125.719200
119.245000
99.247400
99.247400
98.036800
148.052100
46.925700
98.452800
40.268300
143.514200
137.309500
31.729500
146.200400
86.794400
81.265000
125.784600
68.793600
85.134000
67.752800
150.968200
93.892000
147.969100
91.000800
146.268500
92.000200
97.001700
84.005100
66.478300
62.299100
137.299000
138.302300
136.303000
64.300100
79.816500
77.818700
127.063800
136.134700
115.937200
128.883300
132.297400
113.231500
105.184100
134.182900
101.596400
29.878500
10.999500
80.878700
14.000500
90.078800
145.611800
31.523000
144.550500
99.401200
122.930800
101.081600
88.606800
94.592900
80.733500
44.209500
113.607300
112.608000
83.730500
66.210900
97.981700
103.732800
68.208400
80.216800
80.216800
62.477400
69.717400
88.265600
80.482900
54.635400
76.831500
93.847000
77.832400
105.847100
104.355500
102.835900
103.632000
76.638800
87.638100
77.625200
91.638000
85.659400
84.000500
108.633300
86.002200
79.942600
84.767400
79.358300
141.355500
67.357200
69.098100
62.097400
154.750900
169.793000
150.655900
122.530300
128.831000
142.595400
130.845400
103.578200
91.372200
85.318800
29.548200
66.909800
26.902500
47.823600
10.996700
43.822400
107.978300
51.826200
119.972700
112.285300
63.694900
26.390300
60.213600
59.815600
76.247600
60.342200
68.247400
69.248600
65.670000
66.379800
77.209500
62.596400
62.596400
55.600100
64.596400
63.599000
42.997000
63.599000
60.600800
60.600800
69.598200
60.600200
53.942400
49.423500
51.209200
82.417300
97.386400
152.958300
98.188700
105.863700
87.082800
89.079000
223.953200
70.519100
57.195700
44.042500
54.273600
252.729200
204.873300
171.028900
152.512600
88.513900
65.989700
70.991200
69.987100
64.991400
69.987100
66.152400
70.172700
70.172700
70.172700
45.174500
60.170900
53.167300
47.904500
46.414800
42.415700
42.415700
53.937500
72.588800
42.415700
21.961900
37.962300
72.966400
120.775500
120.775500
118.775000
122.606300
127.604600
60.638300
121.603100
121.603100
146.605900
145.605800
152.609500
143.609300
151.608500
142.974900
136.222700
69.895800
92.429500
49.500700
84.633200
155.654600
187.506800
122.014000
192.617700
114.013000
159.969100
160.928100
143.625100
147.121400
169.475600
164.868400
171.618900
125.556200
185.222300
124.872400
101.665200
172.873800
143.871000
98.642400
83.720100
95.916700
100.729400
103.021800
103.021800
62.763600
63.619900
64.144100
68.055000
69.674400
121.351300
125.376700
73.713400
74.711000
74.711000
74.711000
78.232900
81.140300
8.520900
137.521200
119.728500
115.730200
6.521000
61.399300
6.520300
137.008600
137.008600
138.008200
107.393000
171.227100
134.759500
142.385600
73.764300
182.668000
169.606400
166.608100
116.085500
168.083800
83.251300
155.084100
223.597000
46.999600
57.998100
54.473600
243.338500
243.336500
144.912700
60.730200
148.049000
64.730000
66.728500
50.729800
42.996800
53.731600
281.812800
193.049700
161.727900
157.732500
275.815600
175.956600
231.645400
144.728600
140.344100
131.871200
236.334600
133.138200
131.189300
220.257800
109.046600
232.458400
101.729000
136.895700
136.897300
13.000600
144.820800
165.805800
35.296000
165.775700
19.677500
156.779300
157.775900
149.991000
144.534800
27.996800
28.998300
219.709100
236.863200
232.589200
98.018700
86.835900
237.642300
239.474000
224.592800
78.918900
316.726800
78.086400
288.561200
291.562100
84.643000
277.654700
85.119900
210.685100
108.267800
83.656300
207.689300
245.677600
245.677600
87.997500
235.680100
103.690200
103.023700
98.997400
136.774300
87.000500
141.287800
167.570400
148.572000
138.770900
83.050300
125.112100
83.050300
83.050300
138.641100
84.027900
92.033000
97.024500
98.031800
98.031800
84.712000
116.134900
105.532700
96.849300
104.356000
107.365700
106.599300
166.912300
211.949900
201.953700
194.953800
210.946500
177.953400
181.898000
193.741100
175.239400
175.239400
126.271300
9.127700
9.127700
11.124400
11.124400
12.646900
11.124400
130.784400
226.707900
227.729100
89.630100
89.630100
350.075500
345.866600
232.189000
381.845300
95.698900
342.657900
82.389700
297.291000
264.707700
75.103700
293.525000
275.708000
274.836500
84.106300
279.838700
277.842000
162.528200
278.132300
278.676500
96.737700
90.463400
73.886400
75.855900
79.937900
125.475300
126.475600
310.964600
114.360700
123.359500
209.781300
81.948900
166.909400
110.358900
183.711500
132.444500
175.980600
111.880000
127.254700
105.879800
167.984300
117.878300
178.201000
138.753700
182.285500
150.396600
153.491300
160.433200
162.946600
173.797100
161.107300
168.532600
166.531700
158.528600
164.531400
157.531900
58.687600
58.687600
140.357400
56.490100
53.490600
49.714700
48.714000
126.392600
47.712500
45.710600
57.402300
271.990000
270.991300
68.779000
60.067500
276.720900
80.998600
199.620900
318.850400
316.849200
125.154700
307.893100
302.696300
208.588600
289.213900
201.586600
282.381300
251.650500
148.777100
253.713500
248.769900
258.087100
252.284400
149.731100
263.415000
249.719100
243.929800
149.305000
135.541400
156.706600
139.975100
193.125400
145.761200
130.431900
122.453900
122.628500
116.623500
115.631000
120.152900
135.718700
144.723200
148.718100
96.397600
92.401600
36.000500
92.401600
36.998000
31.997900
33.998800
94.631200
22.999700
26.005100
108.845300
112.377500
112.377500
42.884800
125.464500
42.424700
146.194600
150.988800
148.502100
196.063700
195.219200
151.503900
200.153800
199.618200
62.414500
160.504400
217.869200
217.869200
198.234100
237.406500
234.478300
200.678600
237.695000
207.476400
250.330000
242.313400
241.310500
236.312500
125.718200
108.429600
211.848500
92.431800
87.431200
187.850900
63.371800
110.040700
105.043500
118.482500
130.362400
168.702500
168.172800
190.527600
201.506000
203.696700
188.689300
199.917400
229.503700
237.502300
232.504200
234.506100
112.192600
223.732100
260.840700
214.166400
216.166900
230.272400
264.842400
194.547500
197.428700
131.331100
121.613300
64.312300
112.612000
121.611300
66.291200
67.094400
67.116400
194.405900
113.610000
118.611900
140.759700
90.781100
142.117000
76.460500
95.621600
166.079100
171.689800
172.233100
180.500900
181.548200
183.907700
174.299200
182.135500
185.299300
195.812700
194.266300
155.704200
139.678800
151.704700
164.704300
125.032500
145.387000
128.039500
197.121600
130.037700
173.706500
164.702900
163.703900
126.413300
172.704000
148.039600
123.226300
122.823700
158.751100
162.853800
135.136500
130.315200
148.541200
145.665200
121.402800
182.148500
203.634200
129.348000
132.135200
127.066500
155.913900
123.914700
167.407500
169.020900
69.407600
155.052200
60.674100
72.673900
215.327500
170.847000
60.912800
177.489800
158.707700
159.707900
154.712600
158.707700
159.707600
49.256800
207.796400
209.983800
146.759500
165.761200
154.082400
56.878400
72.881600
112.967400
63.296800
97.570300
57.296300
58.297700
68.854900
86.292800
68.854900
85.293200
153.785000
99.297800
135.283700
135.283700
153.281600
158.721400
192.720800
187.197200
192.080300
199.932300
203.305300
204.307200
206.968400
193.653500
147.653400
209.512400
208.510500
212.082900
72.443700
255.773800
232.672700
126.780600
129.780900
158.303000
220.034900
210.004700
210.004700
205.006500
242.345700
292.564500
282.866100
227.278200
320.136500
277.053400
279.056800
211.719500
309.691000
198.720200
201.718100
260.163800
254.230700
212.011500
313.130400
245.011100
266.716500
87.884900
207.014300
257.721000
213.015900
208.014100
209.011800
214.870700
219.422300
219.422300
221.133400
221.133400
211.882200
244.941500
167.813000
167.813000
170.811200
178.333300
82.930700
69.932000
244.942700
355.093200
169.810400
127.637800
222.956800
212.436500
328.078400
251.746000
223.904100
270.354800
232.552700
354.686600
242.555700
142.675000
138.379700
146.390800
161.392100
161.392100
160.386700
160.386700
169.084900
163.062800
164.773900
164.252700
142.293100
142.293100
167.932700
154.636600
155.721400
246.479600
229.685900
82.964000
89.340100
94.344100
175.914100
195.918200
72.003500
80.330300
194.912600
196.916500
80.553200
195.912500
67.588500
193.499500
203.500200
312.266800
71.586200
209.442900
72.585800
323.229800
94.590700
335.715400
110.871400
135.062500
338.838900
317.397800
302.885700
194.895600
196.545800
199.465000
316.806800
202.469300
171.361000
171.365000
163.367100
171.361200
174.358400
306.187900
317.460400
306.187900
190.564500
168.092400
166.094100
164.338400
173.095200
191.210000
199.479800
198.006400
208.537100
195.488100
196.013600
192.417600
181.490100
160.448300
150.508700
157.307700
80.200400
80.797700
79.796200
64.274000
61.062900
55.532000
58.391600
48.583600
48.244100
60.939200
60.411000
160.512600
53.509400
52.509000
52.013600
56.027300
161.555000
48.268200
150.179400
271.902900
203.495100
284.630400
300.603800
234.070000
339.166300
358.168600
274.849500
394.235600
318.074700
390.398800
326.077600
329.077400
339.075300
396.395800
331.073100
378.032900
382.076200
382.076200
371.076700
244.622900
363.077500
247.489000
385.635900
381.036900
250.750300
251.285200
227.702500
371.954400
240.237500
208.403100
210.404900
248.908200
297.318300
291.339700
242.105100
291.343000
194.694300
287.792700
226.146200
168.450500
218.141800
221.143700
65.998200
52.000300
136.905800
41.999100
39.997700
228.143500
134.138400
38.514100
41.514500
41.514500
38.514400
40.508800
136.659600
40.436400
129.712900
43.437000
130.763700
42.433400
242.411200
47.958000
157.834800
67.167800
64.918200
270.078100
278.829300
186.693200
186.693200
186.693200
92.178900
342.653800
221.202000
221.202000
124.251800
356.652700
233.196500
235.199800
102.025900
367.654300
367.654300
234.199800
262.202800
279.202300
150.873400
401.649700
407.654700
405.653200
368.340300
386.653700
294.196000
298.202200
298.213200
391.346800
390.339500
373.688300
362.807100
362.807100
363.805900
179.129000
337.806400
338.811300
337.813500
337.809500
338.808800
339.806600
318.328100
318.328100
355.102500
362.624900
362.624900
188.622800
376.821800
338.304900
375.823200
310.570300
390.816300
235.617300
252.037900
261.564600
227.787500
229.792300
274.076400
243.068700
239.078700
238.068200
237.076100
273.939800
258.937200
243.941500
257.937900
258.337900
287.892200
295.754300
322.067700
321.068900
317.069000
319.067100
331.134400
331.134400
269.432600
191.008700
191.008700
191.008700
367.472500
182.141400
185.186700
385.487900
390.709200
183.379800
401.707000
191.378900
404.707600
404.707600
192.378400
404.707600
361.697800
191.376000
314.700400
294.843200
293.842900
257.370300
298.238200
307.091600
366.166800
372.712200
340.675900
333.596800
334.994700
208.175100
338.080200
338.763300
222.903700
222.891100
222.891100
465.238800
227.682600
348.363000
233.886700
325.961600
337.075000
246.734200
352.964700
258.526400
401.748300
364.596900
356.070400
246.342100
398.311900
342.905800
406.800700
202.113600
202.702900
420.140200
336.990200
430.808700
402.448700
343.815800
361.818900
229.585700
225.271000
229.585700
361.453800
209.081400
332.713100
351.081900
209.268900
216.272400
218.269700
331.712500
201.559900
261.898600
170.717600
194.732000
167.714600
168.717600
158.719000
212.734400
200.454200
191.719000
193.324300
207.487100
205.881800
155.885500
233.471700
200.125200
143.756800
264.474200
165.750400
236.638200
174.755200
175.751400
173.757700
173.757700
240.635600
181.755000
186.753700
187.755300
189.751500
189.751500
190.755300
189.751500
227.190700
230.190700
245.187400
211.025700
225.188500
245.187400
216.023800
240.761600
275.620900
275.620900
255.972400
255.976600
245.972500
240.976800
226.387400
217.385900
215.388300
211.388800
218.384300
226.380800
221.383800
341.974600
223.383900
339.976100
189.582900
171.947500
186.948400
291.383300
278.860300
168.467300
167.473300
170.470400
257.856900
266.857100
182.474100
181.471700
213.471400
196.413300
211.106600
224.554900
245.548300
239.554400
239.554400
251.555300
238.556200
245.073200
308.072700
258.076700
324.071200
271.077500
324.074900
316.965600
286.152300
290.876500
287.620700
337.501300
296.606500
318.248800
292.248500
282.026600
290.805600
320.905200
350.330400
348.328800
306.976700
310.973200
368.977900
304.343700
307.364700
361.519400
312.305100
314.304600
325.306100
333.303200
333.303200
338.307900
335.306500
338.305300
335.306500
325.303200
297.852200
325.305400
291.857600
264.856400
275.853200
341.305900
312.854800
257.338700
303.340300
361.859200
252.853000
263.535700
365.856800
291.338100
361.858400
348.853800
277.257100
265.909400
259.805800
291.337700
303.246200
267.124400
256.123500
255.003500
278.334200
239.760200
235.275500
255.450000
263.386900
235.944500
244.470900
240.466700
264.468100
241.461100
272.463900
210.464900
223.468900
285.460300
219.465000
307.509200
245.828100
338.827300
335.830600
245.827700
245.827700
344.825500
234.411800
310.834800
240.415400
329.828900
331.827200
250.791900
332.829200
333.830300
252.789600
259.789600
254.028700
254.028700
246.960700
250.421400
136.796000
240.899300
137.796800
340.825000
319.542600
141.798300
240.596200
310.794900
317.775900
236.884300
126.999900
126.281600
138.785200
337.574900
257.151000
143.785600
141.786700
246.148900
331.816300
328.819700
250.150200
237.152800
226.152100
130.782900
316.716400
324.984700
237.894200
131.093500
135.093400
132.094000
135.091000
217.099500
303.460200
298.462400
298.458700
275.460900
227.095700
171.094500
167.094600
250.108100
155.097400
169.088300
148.672500
174.303800
155.860100
249.971400
249.971400
176.039900
251.035800
251.035800
184.897800
184.897800
190.128300
190.264900
190.450700
244.451700
246.294000
236.288500
178.499300
174.700200
174.700200
199.653500
214.313100
210.982900
271.429200
260.669400
275.558800
267.559000
255.792900
271.253700
271.497800
255.751000
273.847200
278.269500
365.606400
174.909400
153.261600
152.874500
142.075500
380.769900
292.982400
292.453200
116.773500
84.204100
85.205700
275.571100
373.219300
124.772200
80.821800
86.313400
85.890100
275.359500
58.292300
60.711100
85.892000
379.751600
54.724900
54.195400
440.922700
574.296500
574.706700
442.213500
591.535300
471.723200
484.379100
533.665800
606.685300
448.428400
420.417600
577.004700
418.419400
580.003200
583.111200
334.579100
569.904500
373.871500
423.391200
367.804500
611.969700
624.105900
290.697100
348.295900
358.274200
370.474300
334.965000
355.923600
408.252700
371.473900
430.188800
334.471100
395.773900
334.471100
575.031200
343.268700
240.152400
354.554400
378.490100
209.720600
219.910100
210.721400
212.719700
215.142000
290.384200
290.384200
217.704700
218.210200
215.227800
152.667300
143.059700
284.967200
188.706300
189.709300
138.766600
144.770400
174.110600
181.417700
180.423900
179.388200
240.452000
241.722200
388.779000
349.260300
350.261300
376.510400
370.259900
347.061500
264.017000
364.294000
367.296500
364.874200
364.874200
365.546300
367.296500
369.876600
369.876600
371.549100
369.876600
368.875800
379.065300
369.873400
369.873400
370.874200
351.823400
356.455400
375.016000
318.718100
350.664700
298.869200
284.928800
352.690900
346.159100
314.539900
317.545000
376.014100
367.295100
382.262000
219.931100
223.503900
351.980900
406.325500
257.696400
308.068900
311.737700
319.083800
310.386500
398.915800
313.390400
400.554300
318.388100
409.545200
328.386700
395.661900
337.480100
336.701900
336.701900
346.488800
540.036600
528.616500
425.507100
376.156800
384.528800
528.676200
528.990100
319.564300
527.116000
417.256300
527.127500
546.183800
543.437600
417.149200
417.927400
519.225700
482.631600
433.785900
422.945000
424.047300
426.882000
426.882000
470.016300
458.996900
457.868400
468.712600
474.915000
500.614000
500.614000
501.004100
503.592000
478.231700
487.882800
497.360700
494.367200
502.369500
479.231300
477.776000
450.870500
453.747900
485.999700
486.580600
490.517400
491.038300
451.584900
439.395100
345.377300
367.091100
360.678700
354.408000
334.297300
301.603600
331.442900
319.849100
280.659500
280.648700
358.996800
343.882200
345.936200
347.011300
285.299200
332.226400
300.295400
299.301500
299.303200
348.262600
350.169700
295.611700
288.843900
291.323500
291.846700
344.248600
357.893800
261.678000
355.655800
265.202800
266.202700
352.146500
351.062700
275.195200
272.196200
347.060400
269.193100
273.199900
348.063300
355.926200
297.341700
285.635900
285.635900
291.633300
291.633300
298.784200
350.807900
290.217100
299.215300
306.215200
316.558900
379.715900
368.416200
376.413600
342.412300
301.490900
385.027600
342.790700
315.391900
328.812200
309.666600
319.367800
313.116300
315.115900
316.114400
315.641800
318.642500
267.293200
318.642500
305.014800
262.476100
256.340900
308.293600
308.293600
306.298200
265.534900
310.470000
323.472700
338.044400
346.728300
336.799200
346.797200
335.798900
355.835100
388.776500
364.355100
331.745400
345.399100
349.463100
389.352900
355.042000
392.397900
360.351600
399.893900
398.566500
311.104900
310.560700
316.380600
379.470700
396.480600
349.631500
340.566600
340.566600
382.416700
388.421200
358.570200
390.063300
424.569300
442.782000
442.782000
453.829000
446.823600
454.819800
467.826000
457.827900
475.825700
518.826500
512.825600
533.824500
539.824700
442.360900
443.362600
511.897400
540.898200
511.895200
472.250900
477.589500
503.089200
443.821000
476.105300
453.338500
480.106000
478.605500
472.500600
474.030700
477.451500
427.448600
477.652400
428.134500
433.763900
468.324800
450.709800
485.426800
438.231400
492.360000
456.236700
456.163400
463.197700
430.939600
454.253000
433.941200
423.941700
429.947200
458.936800
444.937600
440.640700
440.640700
422.745200
439.615300
429.681800
414.756000
439.788200
425.899800
406.906600
412.906000
413.900400
412.897100
416.897200
397.394400
441.645700
443.645800
442.419400
442.419400
435.323500
433.179100
433.179100
443.087000
441.088900
410.640700
415.201600
446.495100
455.222800
403.391200
402.348100
403.391200
398.222400
386.248900
467.935000
346.573900
325.050400
327.051000
331.050000
331.049900
448.584700
446.590400
447.588900
303.776900
305.144100
471.586900
470.581600
307.078900
468.237000
464.223300
437.674200
422.577700
309.089200
416.053500
415.052300
413.049700
362.863800
407.695900
408.696800
409.695300
409.413600
413.937500
422.929200
383.133100
405.420900
426.307600
412.337500
410.307500
415.858000
414.863700
414.863700
422.809300
431.921600
430.914100
420.321100
393.333600
395.394600
395.303700
387.170800
415.436900
390.460400
391.457900
366.715900
424.578600
386.632300
425.375500
405.265100
408.249000
408.249000
407.253900
394.278600
398.222800
398.222800
401.931200
395.978200
393.554300
383.037400
384.038400
482.026200
344.353100
477.420100
491.937700
478.817000
360.884500
490.687800
336.842100
472.989800
337.842500
336.840300
336.840300
376.912300
479.686800
497.687000
375.841600
489.685900
495.688400
494.683100
373.843600
373.843600
392.842300
364.196200
390.840900
329.523500
328.030300
494.658900
473.183800
518.604900
356.404600
426.528500
341.401900
510.801500
335.403100
484.282900
479.283500
471.634600
472.645200
472.645200
479.635400
511.280200
457.199500
442.042200
432.085600
427.448800
421.529500
513.280100
313.854600
520.156600
317.196000
514.635800
423.405600
524.647800
429.405100
429.405100
422.487700
392.300600
387.039500
515.782200
517.926300
525.928000
501.927400
504.181300
511.341700
407.280400
403.587900
491.277200
361.363900
475.045000
370.606500
486.047100
371.605800
516.981100
487.654200
381.210100
473.653600
376.117400
490.560500
389.118900
476.562200
491.419900
424.069400
420.075000
419.606500
414.910200
398.914700
387.338700
388.338600
389.663600
507.911800
529.908300
490.314400
514.825700
412.584800
409.804000
400.236200
308.018600
592.894800
593.900400
295.993500
597.833600
294.993400
293.987100
280.223400
283.289600
417.831100
631.017800
296.245900
637.706600
308.059900
311.815400
277.326000
702.305600
272.417600
268.975900
265.281600
507.051100
701.942800
274.283700
726.957100
286.919100
525.214100
727.810800
726.809100
299.400200
728.985600
741.737800
557.523200
756.393900
340.481800
786.184500
601.544400
759.923600
747.979000
756.978400
727.831300
703.682800
730.085700
659.183400
660.186200
627.272200
608.900400
662.181600
661.181000
535.704100
742.064300
749.485800
734.330500
732.703400
679.414000
423.123200
685.531400
670.902500
664.900000
669.431500
405.319400
719.909600
726.855800
725.795200
715.428200
706.638500
715.606200
374.625300
707.218200
589.700200
371.790100
383.050600
587.230500
554.097500
544.667900
512.785700
522.493000
505.576200
502.505400
378.396200
378.172300
422.258600
375.128500
426.462300
406.443300
353.675900
369.432900
429.967500
432.367000
406.335900
459.807200
432.335600
438.336300
394.789100
394.792100
401.665300
397.914000
397.914000
398.277900
398.277900
433.281400
398.277900
394.365400
432.399800
441.407400
560.707800
396.352000
564.583800
386.812800
457.691900
463.692800
454.105300
374.169700
573.244200
371.056700
568.766400
567.212200
567.212200
570.695500
450.171800
440.172500
440.172500
447.174800
544.698000
449.166300
448.164400
449.166300
589.692800
589.695500
550.696300
590.699000
551.699800
170.234800
449.537900
576.696400
586.695100
628.697200
190.780700
488.534000
490.534100
619.695900
483.527400
188.799400
475.573800
629.694500
597.695300
637.691800
485.115900
485.115900
183.215900
186.992000
608.807000
598.804100
193.275000
652.332100
603.802700
609.804100
614.589300
623.591200
211.791000
212.404300
607.577500
217.427100
223.425800
624.264800
228.099300
549.890000
551.563600
266.826400
719.997200
563.308400
573.920300
266.830400
273.374000
272.371600
659.963500
554.250000
659.963500
561.323700
763.545300
585.887300
846.654700
850.298000
856.570700
872.570200
876.571900
874.576100
848.939100
826.111600
816.112000
824.110700
802.111000
815.108900
735.357600
728.402800
728.402800
728.402800
743.405500
686.833800
700.605100
702.711500
421.342400
406.700600
910.858900
913.859500
704.677600
915.583800
920.586400
920.586400
935.587700
916.586400
688.678200
607.045800
628.300600
482.565800
653.321400
912.684400
623.998800
643.783500
913.302100
629.203000
633.767300
615.655700
617.663900
913.678300
913.678300
599.304800
913.678300
913.678300
917.471700
907.470000
661.097800
879.164700
585.578700
878.214900
632.962200
633.962000
633.962000
622.503000
636.789300
648.454800
753.820000
639.778000
642.778800
699.780500
691.780500
697.264500
731.432500
844.462600
832.720200
833.248900
754.139600
820.911900
831.027900
762.907200
832.161600
837.166100
722.544300
718.630500
821.972000
719.439900
711.514400
772.085400
763.026100
764.112000
734.034300
775.024700
678.387100
722.011200
776.110600
651.005800
786.037200
787.037100
794.033600
850.653200
788.035500
823.822900
823.298800
816.396200
821.908700
821.908700
785.908700
785.908700
812.909800
807.906200
809.907100
803.701400
794.669200
799.191800
716.957100
693.957400
778.942500
491.679100
288.229600
511.679700
736.117300
317.267800
541.363400
777.640600
304.552800
782.169200
721.642100
526.893500
526.893500
526.893500
715.650300
793.461000
307.708100
294.537100
300.536200
300.536200
315.536500
311.537100
544.884200
545.885000
311.657600
312.657600
548.885700
313.833100
313.137300
293.140000
561.911000
552.160700
754.271300
309.019800
309.019800
295.410700
297.414300
298.298800
306.388800
306.388800
517.682100
331.042800
332.389100
332.044000
334.302900
343.596400
344.601700
344.231400
347.802100
534.817300
570.461500
389.548900
568.843400
386.551100
394.227400
394.556500
394.556500
740.397900
581.764300
598.793900
702.087400
640.724500
605.701100
838.053800
818.055100
819.054400
591.704500
583.825200
825.052200
827.349800
826.442200
828.194000
574.447100
557.452200
821.221700
426.515100
626.843300
427.513200
433.511900
440.169800
410.139100
405.672200
815.493700
791.894200
816.376000
796.895700
437.599000
437.599000
437.890600
440.824300
441.655400
625.467800
449.325200
792.080500
645.747700
449.593500
449.593500
456.594000
660.032100
658.034700
662.033300
652.701400
627.901400
624.901200
623.901800
594.898700
579.364900
458.953100
567.570600
567.570600
567.570600
468.426100
714.688400
714.688400
724.150600
556.676100
525.816400
527.833500
742.678400
474.425400
548.771900
547.723600
746.881200
565.503100
565.664000
565.664000
740.914800
745.916300
758.151100
756.664400
771.665400
766.667700
560.497300
560.497300
769.804100
748.926000
764.917000
755.267400
558.496100
708.497000
554.498500
558.496100
552.498900
557.098100
562.098500
560.463100
563.053600
630.184900
564.350200
632.167000
560.400000
646.709500
615.377200
587.497100
587.497100
627.504900
659.504500
588.283200
589.798700
683.329600
683.332900
588.522300
697.333100
682.794400
681.888400
710.747700
663.086600
651.650300
639.053600
636.536000
654.481200
637.603700
623.647100
689.639300
685.164400
648.169700
686.168400
626.171900
663.957300
627.443100
674.948400
615.912900
607.911500
672.946700
672.946700
609.912800
610.913000
692.948300
638.910000
641.913100
715.945800
762.945800
602.482600
603.172700
593.652200
605.009000
594.960900
772.473100
568.479900
578.359500
553.912400
742.477900
730.959400
784.994400
724.195400
791.820600
717.055000
791.912300
785.671600
789.667700
790.671000
786.108000
786.106200
733.814000
755.878800
745.334900
745.334900
753.335200
748.335900
716.858500
704.858700
715.856800
716.858300
702.859400
713.859500
719.856600
717.857700
724.857000
717.855700
453.920200
611.596500
436.919100
438.777600
587.146300
587.146300
572.014700
408.279700
595.382000
406.565000
405.564600
593.067700
806.350000
416.176000
415.136700
570.799800
571.804000
415.590500
577.800800
415.590500
778.350200
566.804600
565.805600
573.807700
437.399500
582.805800
442.399800
757.993700
752.910600
599.718000
604.718000
436.311300
433.312100
433.314400
431.311700
762.291700
770.291700
757.178100
451.784200
451.784200
767.184800
761.721000
583.090900
769.716700
767.716300
768.717500
770.717000
767.716300
613.030000
732.240500
585.831200
740.238200
567.306900
746.242300
610.965600
558.375600
540.985200
540.125400
539.618600
601.021900
606.982300
596.482200
523.865500
592.624800
595.146300
521.164600
591.136400
541.168100
543.023000
546.024500
552.312200
552.312200
553.561900
533.566400
533.566400
536.561700
413.492300
415.492300
532.562300
535.562300
528.848700
417.286000
692.465900
538.737400
430.218000
521.825000
406.561000
520.253900
647.590000
650.067600
525.848500
654.067600
530.612700
533.934900
419.654900
666.065800
425.655100
423.407700
675.298000
694.298900
671.162800
585.054000
434.414700
431.087700
679.895500
662.831900
451.884300
674.877800
640.804800
467.888900
662.452000
524.034000
524.697200
652.613600
697.410800
528.490200
489.818400
489.915200
533.143200
702.687800
638.770400
702.225100
706.631600
630.974600
608.631600
548.112800
549.112200
548.112800
706.548900
548.112800
727.096700
708.482300
607.568900
699.729500
579.724300
695.450000
541.444100
684.964400
556.316400
688.967000
679.969300
578.224100
659.877000
578.998900
576.035100
662.358700
668.355300
584.942500
700.446700
562.539500
561.540700
698.921200
633.204000
611.020500
578.535300
565.667000
728.923900
515.141700
570.292300
583.290400
521.138400
735.920900
755.492300
565.354000
749.467200
544.997300
553.628800
741.200100
536.005700
614.205900
611.205400
524.008900
618.997400
510.257400
603.365700
506.154000
493.754100
480.164000
481.498400
627.145900
635.139900
477.556600
460.892000
631.119900
433.379500
649.623400
669.383200
603.613900
745.723200
745.723200
615.614800
601.079100
748.723400
748.732700
589.144000
590.143000
571.136900
567.140800
615.639800
602.636600
608.636600
607.859000
613.886300
605.988200
608.433800
816.091900
813.059900
813.059900
616.483400
621.576100
602.938200
607.762600
833.806400
849.047400
840.402700
589.849400
591.854900
848.401800
839.071700
832.115600
599.827700
838.116100
608.642000
608.642000
821.113000
815.959800
466.087300
465.088700
804.382600
466.606800
466.903800
612.089100
465.527200
611.021200
462.860100
465.864000
473.539100
473.539100
626.684500
622.685400
624.598300
459.364300
471.730600
508.911200
683.911400
537.147000
533.144200
689.483600
675.209400
549.153300
565.412000
696.068300
706.598300
728.129300
913.402100
748.230300
754.229800
758.232700
911.388600
777.791300
780.423200
769.053100
762.665400
939.262300
540.892200
745.675700
745.675700
927.035100
927.428100
534.887900
514.557000
514.030000
514.030000
506.675500
760.636100
503.667700
504.911900
777.876300
952.242700
952.242700
958.242800
503.748400
783.173700
952.536900
767.174700
731.627900
715.589900
722.937600
743.261400
964.449100
518.963400
714.239400
715.323100
716.883600
744.582500
750.812500
709.630100
965.905000
697.731000
1000.708700
1029.068500
732.032200
1034.955400
509.600100
521.913500
1017.610400
753.938100
749.940700
509.537400
1024.235200
757.661600
506.066600
504.751900
506.760500
512.209700
511.744800
510.765300
508.343700
508.343700
508.343700
782.766800
523.852700
796.286000
560.782300
864.333100
862.132600
571.252800
569.250900
884.472000
753.640400
611.443200
745.657200
587.275600
744.047900
739.765600
569.458700
740.173200
734.548900
735.319800
718.266800
711.181500
684.041800
969.132900
711.892700
682.412700
943.610200
570.519000
574.849400
937.605800
924.284800
915.614800
918.735200
617.734600
577.610800
601.987000
598.562700
595.298600
895.647100
586.856700
586.856700
871.152000
869.883200
594.129600
592.128300
822.760000
826.093700
593.346400
587.043400
820.490900
802.218400
776.506800
824.167000
589.855000
641.024200
650.618100
653.681400
639.214100
659.712000
570.258400
573.258600
669.349200
572.794400
660.049700
657.192400
571.187900
623.502900
620.186600
611.297400
579.786800
665.633700
588.649000
616.283500
675.132600
624.545900
699.871800
655.041700
641.308500
648.427900
638.421200
639.422100
582.496900
523.694100
552.910700
523.694100
568.552400
530.696500
595.779600
523.721000
588.555200
511.255600
580.840900
501.180300
543.849600
535.855500
542.851600
534.267100
525.259500
518.636300
536.260300
580.315800
523.264600
579.709000
504.528700
561.830200
584.297100
584.297100
523.889000
523.889000
533.742000
531.620400
596.953600
581.703400
582.703300
592.699600
589.835800
603.703700
603.514400
607.513900
647.506800
655.365500
654.319700
647.161900
696.892700
700.397600
590.737900
592.408900
579.733800
589.766800
579.203600
699.594600
576.360600
574.876700
582.850300
582.850300
601.942300
599.974800
598.237500
597.306600
597.306600
676.533400
665.207100
606.273800
606.823900
663.833300
600.264300
624.782600
605.266000
604.263400
604.280800
590.611200
592.956800
696.960500
704.123400
704.123400
721.950000
618.142900
622.692300
606.944300
543.888900
729.923500
538.060500
535.675900
675.756000
704.206900
524.947300
526.943000
528.945900
676.509100
691.394800
679.693800
685.023800
657.237300
643.278300
683.944600
630.563200
607.378800
690.831000
613.872100
604.580100
598.622900
602.166600
703.859800
603.891100
607.395300
602.916800
605.916200
698.715600
689.996300
599.538900
610.994000
615.718500
615.226900
615.981000
635.568200
709.579600
657.001600
708.578200
657.001600
649.017100
657.875500
708.570400
693.074900
690.969600
689.904300
670.425600
674.954600
681.955300
554.664300
547.770200
542.582900
653.972800
654.898300
536.488100
648.267700
537.343000
633.421200
638.374600
538.092300
661.232000
635.476900
634.442600
553.332000
625.895100
644.444400
550.859300
542.095300
553.462900
547.780400
543.744700
540.243700
540.485800
540.485800
540.219500
641.345000
531.593500
597.737900
523.503100
608.160400
547.287800
612.450800
501.062800
513.493100
584.764700
571.471200
521.419100
525.916900
544.149800
592.876800
579.175500
589.121200
666.887100
655.010700
655.010700
655.743100
653.386400
656.566600
663.102900
656.927900
660.329200
661.100600
660.107900
647.525100
634.462300
712.378500
648.715400
648.715400
723.644400
663.337100
661.341800
792.286500
654.882100
664.800800
814.469400
816.014200
792.647400
687.640500
669.516100
797.650900
794.646800
802.651100
672.010900
764.646200
767.595500
808.394200
802.396200
795.396000
741.318500
749.493900
746.492900
827.316700
768.515600
769.742100
779.867000
779.867000
816.059400
816.059400
817.062200
780.869800
750.873900
857.838700
845.194500
842.196100
754.082700
824.358100
758.379300
806.361900
855.361500
841.360300
860.357400
811.357100
811.357100
845.359700
884.359800
839.362700
779.272700
883.358100
844.586800
847.169300
832.548700
853.063500
772.391900
917.171500
860.548700
763.469600
759.288300
759.288300
759.288300
728.277300
651.688600
686.620100
639.350600
863.536500
864.157500
865.278900
916.290600
875.205700
875.205700
937.295000
937.295000
945.292400
951.783400
892.694400
897.697200
891.579000
886.225500
878.675700
879.382400
804.728000
795.244700
790.244200
806.849400
801.094500
793.710200
806.278400
830.241700
830.745400
600.461900
822.346800
593.564000
598.332600
599.929900
925.131500
559.672200
567.845000
907.130600
548.921800
815.899700
541.625200
890.110500
800.570900
797.249700
538.688500
538.547000
542.396700
533.252700
853.885300
851.908700
540.432600
787.674900
793.176700
538.126500
532.068400
540.065600
788.866400
522.957800
803.177900
806.222000
543.957100
786.166700
563.629900
595.783100
822.380400
618.276900
830.095900
836.666200
646.084500
835.033800
622.826800
837.493700
647.582400
648.584800
839.601500
837.879300
661.383900
663.466500
829.438300
655.420900
657.115900
671.055900
666.057100
677.055600
735.055700
731.051900
733.052900
703.053600
648.957200
647.978700
731.053400
727.056300
683.055500
686.057200
676.056500
688.055900
691.057400
689.054100
628.976700
620.976000
602.562000
602.562000
613.646100
607.777800
569.331200
571.101700
573.209500
547.581500
552.783800
549.806500
542.765300
569.492200
567.158500
556.902200
550.626100
583.594600
563.181500
666.468100
658.468400
586.397000
588.396900
642.504500
635.202700
649.765300
632.495800
628.301300
632.107400
632.639200
628.137500
620.485200
651.635600
650.471000
668.806200
668.806200
678.336600
682.047900
682.047900
683.049600
676.054400
677.050800
672.053400
672.053400
672.053400
676.054200
670.053400
672.052100
603.969500
579.132300
580.819900
538.956300
649.942900
539.262400
575.254500
573.175000
535.143700
688.561700
574.662300
553.849700
553.325100
635.536800
665.706200
665.706200
666.947100
673.572400
617.804800
581.551900
612.444200
615.751400
651.619900
564.852100
638.749800
664.189600
638.210100
592.768800
537.317900
544.521400
598.888200
599.886500
584.430800
587.490400
572.759700
634.572300
579.294200
541.790600
583.249600
542.792000
637.988300
637.988300
586.573000
631.993100
598.241500
569.802700
548.975200
618.962000
618.741300
626.621100
595.152700
601.694600
592.662600
539.406500
568.001300
540.850300
551.980100
556.763700
581.335300
581.335300
587.198600
599.511000
602.625400
603.405800
592.960500
650.265200
650.265200
584.017500
577.464600
574.198900
581.110800
675.200400
581.608900
535.936000
548.433900
548.942200
558.979700
581.608900
538.936400
529.754500
689.511300
680.760700
677.729900
526.708400
683.040700
527.441600
493.196700
704.686500
716.614000
711.747800
713.373800
544.732700
544.732700
533.734000
539.046400
733.427500
699.904300
703.212000
536.453000
533.010000
533.561900
527.291300
530.292000
536.291200
615.171200
591.066100
527.273200
578.067200
551.067300
538.043100
525.275700
526.279100
526.279100
520.276000
503.838300
512.237800
489.801000
474.426200
477.424500
522.756600
520.235900
508.839100
494.082400
489.424800
616.066300
502.435400
501.429700
502.435400
655.112700
655.112700
696.496100
692.468000
720.979300
776.909800
784.452200
780.951700
732.627100
776.769400
775.251800
599.903200
718.409400
606.016200
778.319400
708.575300
733.395200
746.336600
746.340300
742.893800
833.740900
832.743600
740.162200
648.260100
742.197500
681.558600
868.684400
867.678700
858.786100
861.072000
684.990700
854.078200
685.011900
843.203600
843.716000
842.927400
702.990000
737.307100
728.753300
722.721700
695.550400
696.492800
720.020300
714.345500
818.153900
782.474900
736.304200
723.142400
724.365000
711.522800
793.373600
806.462900
795.372300
695.174200
696.173200
796.612800
705.171000
712.544300
711.949800
712.678200
708.183400
832.077100
864.591200
853.031900
856.262400
859.391600
837.817900
876.926300
864.515600
870.481500
869.753100
891.604000
870.679500
843.033000
881.872800
852.263900
852.263900
803.771100
756.032800
888.808900
889.808100
878.148800
743.860600
884.404200
716.685500
705.073800
848.050200
685.005000
842.743000
687.743800
812.036100
798.983200
785.983200
768.383300
769.324400
761.025200
768.914600
771.320000
770.733100
915.552700
771.870700
792.087900
800.088300
942.088200
942.086200
802.381600
790.210900
944.598900
780.250200
749.063600
885.238400
854.480300
760.786300
793.262100
825.938600
792.985200
793.984300
769.887200
805.509000
774.765800
671.043100
796.324500
786.041200
765.472700
776.476000
776.476000
737.795200
813.018000
810.591600
802.824500
746.826700
720.822200
812.825000
707.830100
729.372600
824.501000
820.499200
744.846500
732.848800
736.081100
833.730400
723.294300
716.297400
830.948400
824.949100
704.789400
800.295700
709.325400
685.317600
751.300000
677.992700
642.982100
636.244800
701.315600
657.865700
646.367800
655.762900
744.209300
692.900400
720.882400
764.887900
677.690500
678.233800
684.633900
686.984600
701.985700
700.989000
771.184200
798.310900
791.242200
716.985200
707.987400
692.988200
684.988600
670.886300
669.887100
712.987500
645.686500
662.208600
731.982900
636.212700
618.213700
734.964900
740.174500
627.639700
623.167900
754.181400
754.182700
760.195400
761.180600
757.726200
763.654400
753.301000
741.923700
652.564000
656.329600
646.893600
698.918600
692.920200
633.353700
633.353700
681.235500
680.695700
686.620400
687.694400
680.861900
681.388300
643.353000
660.356000
634.348100
639.351300
645.350800
649.863100
658.197400
662.456600
660.780500
660.271500
665.510900
650.021600
693.220000
692.066900
669.818800
682.341100
650.421200
644.121400
686.336000
686.336000
686.336000
623.424800
700.596200
580.203900
577.719800
578.000600
722.988600
581.880100
586.779800
737.811100
588.894300
674.709500
648.481500
743.812400
688.476700
642.890400
648.342500
648.346500
653.339000
594.671900
655.871400
667.871800
643.199500
670.871900
650.201100
664.369000
663.436700
643.748200
642.749300
680.201700
687.703900
643.257900
643.257900
633.549900
673.767400
688.424800
637.070100
638.076400
665.671800
655.669800
676.758200
693.825000
694.826600
677.826900
689.764700
679.045200
690.832100
668.707100
669.246300
672.482900
698.826500
703.827200
639.696900
623.704100
627.421100
616.421100
695.893600
725.488300
741.328000
748.589900
673.407300
741.649300
722.486500
727.733600
710.734500
720.985900
742.815600
727.816100
702.971700
709.837400
727.348100
709.837400
760.542600
723.658300
719.180600
713.592000
713.370000
712.233500
684.868300
713.370000
689.043800
714.127800
768.111300
701.224800
702.271000
706.892800
804.076800
735.644300
823.027900
810.029100
792.518400
731.154800
822.028300
735.080200
857.994300
859.518400
859.006400
873.040700
884.616300
856.022600
887.625800
857.338400
775.425900
813.526100
788.228400
896.773600
896.773600
853.492100
853.598400
901.263800
859.364900
852.473700
864.473100
928.580500
865.986200
863.543200
871.535900
981.691500
939.987900
941.505100
953.813900
981.691500
914.990800
938.989900
894.540400
896.539500
880.012600
888.013000
873.010900
890.013700
879.009500
873.009800
887.821500
918.869200
911.053700
942.079100
953.077300
933.966300
810.310900
811.901800
808.703700
820.636900
825.436200
988.030300
793.928900
852.656300
810.517500
923.753100
849.130600
755.185700
766.094600
788.397800
752.078400
741.685300
831.900200
839.450500
840.449800
731.948100
732.470800
812.762200
783.277900
844.131300
717.196400
952.044600
952.044600
952.044600
927.738300
710.880000
795.603000
902.209500
787.837600
787.417200
770.802100
773.796800
711.568900
776.292100
674.366100
720.279400
670.424400
780.850500
674.624000
662.262300
720.916100
721.448600
680.336300
732.422800
711.261200
692.496900
687.510900
746.408900
744.023700
712.401100
716.397000
685.433100
665.462200
612.840400
722.225000
604.688400
594.482100
577.426000
577.949800
739.922600
751.140300
758.752100
562.321400
562.438600
733.574700
744.243000
718.728100
712.727500
719.733100
722.572700
600.506000
600.506000
599.394000
732.576800
574.641700
566.662500
561.921200
753.575300
752.575800
756.570800
567.753800
598.271600
586.756400
767.575900
761.358000
608.853600
607.851500
762.677100
624.851300
616.848300
617.849300
742.972500
616.848300
628.850800
628.850800
677.405200
678.406200
702.405300
735.310800
735.310800
742.310200
749.433800
757.431400
764.823400
764.823400
769.321400
771.438300
756.232800
767.822800
761.018600
765.412700
802.274400
795.470200
790.684400
795.470200
779.361200
790.445600
760.967400
758.967500
750.967300
843.204200
800.968900
772.967900
860.267200
744.220900
766.219700
779.220500
855.861800
770.707500
867.604100
776.705200
872.782900
818.336200
772.347400
844.847200
842.375100
838.427200
740.168600
740.168600
739.167500
793.985800
775.603800
924.161600
775.082900
929.680300
919.543300
771.465300
786.462000
923.182600
772.202400
791.680800
915.756900
783.678000
763.193800
762.660800
781.864800
789.865300
899.296800
766.089000
844.272700
774.104300
775.108800
847.471200
776.597800
783.600600
776.597800
774.596000
830.887700
821.261200
819.307900
785.491600
796.492500
778.701000
798.488500
801.488400
796.490100
797.492400
797.489500
800.489900
800.056300
826.487600
798.698400
789.524200
785.999600
763.769900
810.387800
677.237800
819.855600
786.640400
665.235400
790.639800
840.878300
847.911900
766.990500
723.988000
702.895600
681.369100
840.992700
840.989000
710.442600
733.475600
849.989900
859.990000
713.340100
718.338300
697.496600
713.340100
713.340100
830.989400
689.114900
677.682500
633.628500
815.091300
616.827400
731.254200
659.661400
633.505200
644.353100
644.353100
641.084700
624.393300
658.186000
669.503800
661.978000
663.498600
655.979700
604.466700
659.982400
649.462500
661.366600
661.366600
619.463500
596.467600
641.978800
631.979100
616.939200
693.530600
709.465200
693.428200
739.631400
722.806400
702.285400
683.120500
689.626700
725.795000
704.449600
787.458400
791.455400
791.455400
729.509100
760.998200
852.812800
787.636500
758.519200
875.401600
753.306100
900.553100
905.681300
709.267800
874.885000
768.792700
691.271200
691.271200
766.789000
923.884100
931.884600
902.884200
773.269500
902.885500
884.485900
690.274100
686.270200
686.270200
885.029300
763.274500
771.269300
771.269300
764.273500
761.274000
763.271500
759.267200
691.274800
890.773400
694.590600
693.073400
794.269000
794.269000
793.208100
875.919500
694.177700
702.126900
684.178400
694.177700
754.376100
744.824600
788.825500
872.767100
698.671900
748.658900
794.659300
794.658700
804.808900
878.806900
879.488700
801.816000
770.137800
878.355200
878.355200
884.894100
708.053200
772.896900
802.993100
690.881600
872.993600
680.629500
687.660000
795.995400
860.992800
858.992400
862.071100
860.073700
799.823300
796.875500
852.072500
689.082800
682.416600
704.473600
849.405700
736.042700
737.277600
728.280700
720.763500
713.764600
710.764600
733.536400
846.661800
720.368600
827.525000
810.490500
787.740200
736.293000
759.424500
763.648900
709.292700
692.288400
753.294000
748.295400
701.287800
751.384000
752.385200
728.366300
641.197000
717.859800
664.942100
834.641900
796.641000
781.786400
773.311100
651.480400
722.059200
667.650400
577.330500
764.527800
573.882100
652.275400
641.473000
573.288600
739.610000
565.286600
683.008000
682.958200
807.524100
794.526900
646.771100
564.286600
603.284900
614.540500
757.872700
608.504600
610.186100
584.187200
569.694100
595.695000
558.923300
748.050500
735.407500
693.529700
670.318800
646.596300
611.200600
684.909000
662.911300
660.911700
644.398700
687.627200
665.074600
632.964900
668.852500
634.207500
697.178900
698.231200
665.911400
708.453700
653.736800
657.516500
701.852100
649.514300
669.036600
660.962000
671.943100
691.393100
732.148200
658.473000
647.823900
647.680300
634.389700
684.406800
687.266200
687.338300
688.340100
680.796500
687.796500
712.180300
717.174500
731.096800
720.098000
733.077200
720.072600
722.990800
716.989400
737.542800
743.690300
768.515400
822.690100
781.449500
831.565000
793.288300
773.295100
770.292100
789.291200
843.565500
847.561100
828.773800
808.780600
804.778800
804.833500
830.260300
814.268400
814.813000
788.331900
812.336200
815.333700
815.333700
815.333700
815.551700
818.072200
838.651400
843.662800
785.988800
801.988300
788.954000
787.955500
858.336200
840.333900
835.341500
852.341800
813.343200
835.341500
827.340200
783.344100
783.344100
826.853500
784.009400
807.233100
831.233100
783.803700
815.953900
828.953100
840.178400
839.176400
821.181100
838.179100
819.179800
838.178900
815.050200
802.636100
863.722300
840.447900
846.965900
837.309200
807.000100
798.223800
798.061800
803.674200
804.036200
775.497400
771.520400
771.520400
771.520400
761.867400
740.864300
788.859000
787.861700
729.619000
755.619000
712.141800
769.281200
737.279100
752.465800
728.982400
721.465500
733.657200
679.488900
686.869800
721.095600
755.429000
674.117000
731.962900
759.427100
753.881000
754.931700
713.540000
761.325500
715.538500
742.953400
692.117800
754.840300
673.114900
734.935300
713.910300
760.748100
698.910000
733.829400
733.910400
691.909900
666.869100
668.866100
682.797500
645.867300
689.869200
655.977400
663.540800
658.438500
655.664600
651.672600
649.666000
646.668300
648.402400
647.752300
654.672100
658.018100
649.780100
653.511600
647.982000
647.982000
648.978700
701.782000
645.724600
712.326100
695.156800
681.607100
732.222100
715.506000
717.189000
666.197600
732.505600
753.605700
763.276700
768.396200
784.295500
747.711900
804.689000
766.277500
715.752000
773.971700
718.147900
724.787300
779.575600
773.877300
768.879400
809.373400
771.311000
759.787100
813.327400
821.760400
742.590300
764.789800
757.789900
773.786000
746.538200
743.012500
791.198400
769.990900
780.459400
762.595400
798.192300
771.115100
774.900000
769.538100
753.333100
742.821600
788.579900
746.157900
806.732900
807.104600
810.434600
807.959300
792.631500
803.346700
802.585500
777.813400
844.388000
849.384300
820.451600
846.165900
778.484000
792.482600
867.210800
812.275600
818.386300
812.482900
819.482000
833.484900
836.484900
860.481400
858.483200
856.483000
863.486400
867.486000
870.483500
827.487300
857.486900
849.075300
896.639400
895.637000
889.639700
893.637000
881.156300
837.155200
835.156000
875.858200
821.864900
859.268200
807.560000
802.562200
804.557000
807.613300
787.661000
758.363300
758.363300
789.597700
807.938700
828.891100
745.397100
754.903500
822.960900
771.638600
791.636500
793.633600
667.835300
786.902200
645.612300
638.629900
787.903800
786.396200
763.646400
758.195300
638.669300
736.195200
640.671700
744.197400
642.666400
744.667500
637.590200
638.593400
749.668900
639.613200
640.180300
668.070700
641.662800
626.624200
641.620800
640.622600
826.669400
816.671100
655.623900
720.612300
655.623900
733.535400
720.881900
776.878100
747.880700
725.011500
765.926700
774.582100
774.582100
746.614300
659.477500
784.614600
777.612000
650.480200
752.618600
751.616900
742.030500
606.849700
573.854000
563.851200
793.614000
674.954300
564.854500
562.861200
551.858800
550.859900
803.503400
697.939300
698.936400
818.609700
684.939400
605.939000
605.939000
793.563300
673.938200
677.939400
592.270300
592.270300
592.270300
718.832800
718.832800
719.836100
720.836500
654.643500
663.694800
769.001200
781.700400
757.542900
791.703600
829.268900
924.761500
918.776200
857.705100
851.467800
931.507400
937.508400
860.470800
931.451500
937.506600
861.470200
938.507800
794.939200
790.538700
795.537300
940.574700
942.574100
941.573800
943.574300
944.574900
937.575300
981.573600
767.537400
939.574500
939.574500
943.571500
768.538400
980.571900
764.535200
964.577100
765.538600
920.538800
765.538600
962.572700
760.538700
808.537000
963.534700
928.048800
960.488100
802.487900
896.660400
911.656100
912.663100
796.661400
784.180000
755.227900
758.911500
876.164000
880.179700
869.176800
868.177700
753.919000
772.422900
772.422900
772.422900
882.486300
789.646600
815.678500
804.829000
814.848800
820.053700
858.333900
865.713000
867.867600
874.033600
845.031200
896.689100
863.687400
893.678500
878.677300
882.677200
882.675900
882.675900
883.675500
897.808200
874.804400
881.807500
903.890500
893.903700
894.902400
904.897500
868.822900
867.820200
879.819800
881.072000
879.071400
881.072000
938.306800
825.846100
819.323200
813.877400
929.510000
931.510200
922.506900
937.508900
916.510300
739.527300
737.524600
853.833300
844.452400
697.604700
830.793600
828.791200
818.622200
592.728500
591.721200
598.224800
829.883900
606.959400
807.178200
600.958000
804.438000
804.019000
603.551900
615.850400
616.853000
808.499800
672.914900
619.849500
815.014700
659.942000
701.540700
689.943700
689.943700
716.937800
801.007300
713.943900
717.938300
696.942800
744.938500
817.012000
749.943900
805.008400
749.943900
768.944000
751.941700
742.761300
742.761300
757.999200
763.514300
782.713900
781.711700
802.606300
797.255600
789.349300
785.356900
788.353800
792.355800
810.549100
810.549100
804.027400
803.185200
804.183600
811.706100
812.236500
864.722500
825.081300
825.081300
830.082900
837.259400
830.375500
812.369900
805.847600
808.363100
812.369900
811.377500
812.369900
812.369900
836.799300
836.782400
816.012400
829.711200
822.013000
798.308000
781.697400
717.163600
776.806900
718.632800
766.442400
766.442400
769.617000
733.461400
752.628600
749.312400
771.876100
767.875800
770.563400
744.159500
782.748200
758.158100
788.565200
742.458800
749.058000
746.311800
802.564000
801.749900
777.157500
754.660300
764.181000
767.682600
757.731700
757.731700
780.445900
719.459500
781.798500
778.906000
754.238500
740.620000
743.617900
729.725900
726.020400
738.656700
735.961200
793.141100
786.869000
787.915400
720.313700
787.915400
711.183500
785.396500
787.105000
788.282800
798.056700
734.956500
721.955500
814.661400
817.000700
739.943600
723.851300
705.846200
842.379700
854.075300
716.829500
695.832500
694.833300
696.617200
678.857300
890.338900
881.422000
885.283400
889.488100
883.692900
714.853600
859.903700
829.056600
861.153900
823.059300
817.074700
780.083600
750.266500
750.266500
748.800000
751.262900
761.258200
752.502600
753.291900
708.198000
751.799600
703.349300
688.040800
689.556200
666.029500
728.782800
725.775000
674.743400
674.126300
675.127200
675.127200
666.129300
646.129900
651.142700
739.658000
648.608600
650.708700
658.486400
669.576900
679.444100
679.935500
766.851600
651.501600
652.509400
759.493700
756.484900
746.682900
665.046600
664.901800
762.195600
763.713900
757.369900
664.339600
703.708100
760.164900
678.539600
706.531100
706.531100
764.946000
706.036800
702.755500
725.146200
703.384700
719.764400
725.765700
710.508700
721.006900
721.006900
674.983800
678.994200
702.980700
735.848600
761.007800
761.007800
761.007800
761.007800
761.007800
693.871800
693.872900
684.874200
754.945400
723.174000
796.946900
796.946900
796.946900
796.946900
796.946900
779.948100
712.369000
745.875100
767.878100
698.588100
699.042500
701.564300
733.566100
731.786100
731.786100
703.211200
710.156900
695.468900
755.979800
741.980500
661.268600
734.430600
658.678700
708.155000
708.155000
696.684300
696.684300
644.005900
642.006500
667.789300
615.307700
620.329600
617.832800
603.313300
638.046200
676.964500
650.867900
648.076100
658.071400
658.071400
655.197500
655.197500
652.919700
673.438600
655.436300
691.428100
706.875100
695.923400
677.813600
681.652100
682.584800
690.115600
690.115600
711.182700
726.044100
707.212100
715.209500
718.719000
725.960600
719.960400
691.223900
720.162200
720.162200
739.075700
700.075600
729.603100
671.986200
658.155000
677.141000
733.763100
695.564500
670.944700
678.301700
854.966200
710.097900
706.737400
862.747200
708.638200
716.183900
839.193200
800.208000
727.654800
801.801500
717.394900
718.392200
711.439500
693.834700
692.833300
694.834300
693.834700
784.034500
779.541200
693.748700
718.955600
688.456200
735.955100
738.780500
739.782200
718.279300
715.280100
711.381800
708.383100
707.338200
702.033300
679.407800
694.397000
671.408400
671.408400
709.138100
714.736700
727.073900
729.336400
782.420800
779.609600
696.118100
721.253500
723.849500
656.193600
726.280900
701.241600
707.146100
692.445400
662.117900
697.950100
786.364100
748.370500
680.462700
756.367900
783.163800
668.518500
664.262500
788.688300
707.164600
788.139600
668.600300
668.596300
789.676700
675.753900
721.371000
726.373000
703.462900
686.809700
711.134600
724.466700
766.505500
747.501300
749.544100
735.843200
734.843000
772.703600
767.705700
774.737500
774.827600
779.132600
785.215500
787.334400
787.498700
797.701200
699.205500
678.902200
794.241900
796.568700
795.496000
796.026600
774.783100
778.775700
766.078300
751.156900
727.805900
735.728100
732.032300
738.959700
734.989500
688.408000
645.042500
745.854500
649.396900
758.582200
751.572400
746.573300
747.576300
754.255300
653.953500
761.075400
657.832900
658.387600
635.649800
645.649400
757.343500
762.399500
757.821200
660.062700
675.281000
672.644200
672.644200
801.011500
665.065800
831.485400
835.947000
843.992100
818.161300
692.626700
689.625300
723.839600
897.460100
730.499100
728.403900
925.822100
926.784800
932.821200
934.819100
774.148900
948.728100
949.728600
942.443000
948.647100
942.913800
932.970000
911.799200
911.310300
661.748300
890.864000
797.439400
643.379500
639.380900
631.380900
787.691700
769.634800
758.390500
752.547100
761.325900
614.521700
757.703800
780.160700
594.113300
761.712200
594.113300
759.848800
752.094000
588.656700
580.925400
581.927900
884.525500
581.305500
579.319900
588.684400
588.732700
586.030700
589.255900
595.051700
588.747600
752.815200
752.219000
569.759500
572.281400
761.302300
574.959300
592.401000
935.784800
593.403900
781.528800
779.047200
956.247100
934.348700
768.089000
605.951500
604.952600
604.952600
782.988500
769.486200
771.648800
762.379800
759.282500
630.801700
765.320800
922.936500
755.056300
757.440800
618.980600
760.774400
760.774400
929.372200
924.923100
927.508800
761.773300
761.257400
921.200500
752.252900
911.307100
753.256200
747.691200
745.487100
914.935800
901.946800
903.951100
651.698600
659.761600
638.541200
934.590200
780.858300
764.329700
773.493900
658.092800
656.461100
754.990700
733.255300
632.104800
503.297100
509.298600
526.296200
607.721500
508.293900
504.295300
790.063200
789.061000
789.650100
521.752100
780.403200
618.077800
515.267000
734.881700
676.950800
622.693000
549.003700
656.998200
561.766700
561.357700
670.079600
664.427800
569.533200
642.626300
614.577400
547.646300
547.646300
606.575000
654.137000
663.129400
667.828600
612.159800
612.863400
614.861400
614.038200
624.284600
624.284600
580.230100
578.238000
577.235600
746.286300
734.289000
741.283600
751.290100
737.285200
732.283700
731.277600
721.923400
686.008200
688.006600
732.583800
688.529300
688.529300
669.754800
686.980100
671.344200
637.668600
636.698400
629.694400
634.698600
695.887600
620.245500
625.239100
603.397400
602.399000
610.855400
607.103600
635.387100
759.010400
569.152400
759.537000
543.165400
759.059400
543.165400
813.577900
550.788600
551.646500
554.790100
554.790100
551.780100
701.521700
549.779700
650.443700
841.577400
636.735400
593.453700
584.529300
580.846900
582.366400
584.221200
584.908500
583.841800
585.221300
871.710200
627.037500
632.848400
632.848400
632.848400
629.338000
713.202300
796.382800
797.393300
869.319000
902.526600
886.319500
874.315700
876.247400
862.359600
836.385100
845.332800
855.419500
854.743100
856.473000
866.467900
860.760500
860.760500
861.250400
861.758400
858.248100
879.237100
854.146300
838.429300
835.904800
871.514500
863.650400
818.281400
862.930500
871.285700
864.976300
881.624100
881.080900
711.025400
716.021300
717.022000
883.885400
945.589700
967.561000
892.850900
899.376500
954.055200
954.591300
988.399700
795.098500
983.397400
985.398100
957.399400
973.397500
831.335000
825.936900
824.025900
822.030900
822.030900
916.089400
975.886600
961.402000
966.890500
959.703400
830.028400
948.590300
943.953400
944.284700
963.178400
953.651700
871.117400
947.365100
934.951900
867.954700
923.954900
869.473000
841.644200
830.643900
849.643500
872.645000
850.646600
856.647000
849.643300
850.646600
850.646600
809.383400
855.643200
807.484400
807.991500
828.191200
828.707500
831.250300
849.355000
849.355000
805.327400
885.529500
844.795300
842.245300
915.386500
878.789000
879.247300
881.081600
858.620400
905.754100
910.754300
905.754100
910.754300
878.317400
910.442300
919.463500
920.459400
920.458300
860.803300
850.515800
851.056300
856.057700
756.549400
706.717700
837.056500
663.910500
635.911800
609.860300
831.629500
604.013200
821.626600
612.416600
811.629300
796.447400
796.447400
795.747900
757.717700
592.030300
777.123500
776.124000
783.140300
635.550500
635.096400
773.915000
793.777700
773.475200
658.194600
667.103300
665.107700
660.107000
663.233000
664.104600
671.104400
751.592300
701.267300
700.623000
685.104900
699.260100
692.648100
691.256600
734.103000
727.106100
690.250800
732.104400
729.107600
729.107600
691.656500
703.977800
746.806000
679.272200
696.274800
689.271000
704.277900
692.890300
764.782400
650.050600
765.261100
653.561500
764.262200
759.063500
672.369100
778.328700
778.328700
777.782400
651.612600
649.610200
658.544200
562.980700
563.152700
549.494700
801.135000
632.768400
810.159000
534.206400
542.211900
650.998200
648.992100
819.680200
541.208100
535.208700
534.208800
528.211200
528.211200
656.626100
600.226200
616.826600
616.826600
610.319300
586.084900
612.677800
797.612500
604.249200
580.252400
601.252000
592.873400
589.874700
591.872700
762.075500
774.032700
581.299200
586.300200
574.426400
588.425900
759.782800
578.180100
584.184200
584.184200
748.598400
722.589200
735.727300
726.070700
726.889300
587.277500
688.648900
614.397100
677.877800
602.512300
617.739500
690.247600
684.353700
682.354700
611.634400
662.272600
697.964400
701.807300
675.417700
684.470100
681.469900
688.932700
688.932700
537.425200
538.094600
710.271400
532.155800
532.155800
532.155800
671.594400
603.604700
703.390400
704.962300
590.936800
739.725000
707.243300
707.764300
595.251800
640.639400
640.639400
594.223300
630.143700
633.142100
659.142000
565.145800
658.147400
560.530500
558.531000
647.142200
558.528000
640.138400
555.529800
554.526400
553.526600
642.610700
644.609000
643.610200
749.612900
734.616500
649.234500
745.614900
653.111900
746.612400
744.612000
744.612000
745.610600
576.480700
588.187000
588.187000
649.439700
575.202800
754.694900
591.095600
591.007800
678.273400
745.882000
667.508100
607.235500
623.621000
611.451900
688.059500
690.062400
690.062400
761.667500
623.177200
612.176900
609.373200
653.348500
598.530400
610.527000
616.526000
667.830800
664.830100
662.526400
559.020800
559.077600
756.934900
655.526700
650.531300
559.398000
653.525900
546.795100
704.632900
725.834800
723.743500
748.824000
755.714800
768.675000
770.122500
662.190200
661.192100
669.193600
671.253100
662.506400
661.626000
668.563400
788.259900
906.820900
898.259500
822.349200
822.349200
896.491200
703.854900
896.895000
824.507900
931.899700
828.506600
931.142200
931.145000
927.143200
834.519200
817.755600
802.431900
806.756600
802.446100
780.942400
782.939800
816.970000
817.443100
816.664800
816.664800
785.819900
784.738100
917.186500
921.368300
915.255100
907.442000
925.152000
711.867800
688.832400
830.225700
828.192000
930.438400
707.645100
859.440500
870.843400
733.512200
727.309400
851.368700
855.370300
855.502000
964.357200
747.788600
747.054700
745.962200
951.834800
994.580700
999.586100
1010.957200
785.554900
890.521400
867.763000
1016.957000
1017.956800
892.934800
919.679800
918.308600
915.939900
849.792000
950.064200
960.369000
1144.927900
1139.009200
1110.259000
1110.259000
1135.081600
1113.255800
897.511200
904.516000
902.514100
1085.197600
1171.568900
1108.064000
1184.359600
1137.098600
965.732000
972.241200
1140.256700
1142.509200
1245.223200
1149.440400
1152.525800
1138.062100
1249.246000
1148.521900
1122.306000
1251.358600
1298.695900
1298.695900
1132.917100
1133.917400
1132.918900
1294.729100
1160.906700
1301.685900
1307.683300
1307.683300
1315.738700
1218.816200
1253.828800
1275.723800
1188.976500
1172.719400
1166.895000
1231.783400
1259.518900
1261.516200
1261.516200
1198.329000
1199.330400
1258.766500
1185.510600
1199.946900
1200.946600
1297.260800
1300.234100
1333.635400
1332.977600
1311.308100
1302.945100
1295.420100
1302.053800
1447.674200
1447.152600
1427.918000
1331.094400
1331.603800
1408.285600
1316.903300
1467.980800
1473.616100
1467.320100
1455.353300
1328.749200
1354.089500
1373.744600
1355.149200
1352.491200
1400.142900
1353.240300
1355.238400
1321.408200
1277.567200
1306.569000
1306.569000
1257.435300
1208.691700
1167.300900
1370.194000
1165.640300
1116.298000
1122.418000
1155.753100
1170.827000
1118.892900
1121.884700
1117.294000
1326.611800
1123.296600
1114.297200
1171.230200
1171.561200
1329.336200
1336.075000
1150.121400
1337.076400
1342.077500
1342.077500
674.237500
520.595000
531.711500
510.878600
510.878600
511.881800
506.881300
502.107200
300.667400
309.703900
288.021400
276.803700
277.802300
263.800100
266.345000
255.350100
256.349500
1769.514700
238.156600
239.157000
222.451000
234.283900
247.284300
246.283900
235.285000
246.283900
246.283900
212.197700
215.195900
210.196700
1821.512400
272.228200
272.228200
266.517200
272.515100
276.245100
389.498200
392.760500
392.894000
393.417100
396.534600
397.107800
398.109200
398.109200
398.629800
394.283800
403.269100
417.265100
417.265100
424.266800
424.266800
424.266800
425.136800
418.912700
439.452100
431.645000
429.577800
611.051500
613.050500
555.174100
518.945000
569.536600
576.606900
595.241200
593.191700
772.275400
668.792200
686.401900
679.488800
718.983300
720.984300
711.984400
715.442100
714.445100
641.534800
646.746000
1522.568400
1546.063200
561.511400
1489.157000
1479.787000
327.430000
340.528800
290.432200
313.097900
351.414700
349.818000
259.876600
259.217800
258.032000
252.773200
247.062500
253.073800
234.072800
240.984400
254.123600
254.123600
265.313300
265.313300
269.123300
264.533300
259.036400
245.871800
238.393900
246.728400
246.728400
189.445000
194.243900
186.127900
188.648100
191.584700
188.194600
215.853400
219.988100
223.991900
268.104300
417.918500
419.015000
433.029900
439.279400
444.192200
441.202500
433.358200
425.401600
629.049900
628.046600
617.769200
545.710400
601.714200
545.188100
606.908500
605.730800
603.359000
550.778400
550.566600
550.566600
550.876800
562.156500
558.841700
559.398100
588.944300
559.363700
596.105000
587.934000
563.096900
559.415400
557.847400
287.258100
524.433400
536.432200
277.580700
540.906700
540.906700
277.753300
279.905500
541.504300
578.098400
576.818400
560.126400
559.240800
559.240800
560.309100
500.545800
517.150400
173.339500
563.380100
161.884400
563.859400
506.298000
563.859400
488.747000
166.451100
531.122200
531.122200
538.838600
527.300200
519.746900
531.122200
528.244900
528.244900
531.122200
531.122200
501.622000
492.583000
172.813300
176.507100
495.515000
495.242000
378.262400
121.184100
130.444200
132.444200
130.609100
124.043800
122.459100
363.447400
321.454500
314.458300
321.454500
303.644500
495.620000
501.077100
469.189200
471.541800
309.079200
468.566200
295.679900
297.126800
383.401900
365.038000
316.973700
321.660100
320.656400
317.095900
321.093400
321.093400
300.934700
144.286900
147.126700
333.464300
297.670500
341.659000
162.825000
302.873300
326.918300
191.078400
191.078400
312.754700
315.756300
315.756300
315.756300
318.757800
368.996500
211.307100
355.097100
355.097100
355.097100
380.817500
383.602700
381.659100
379.538500
373.586800
356.109300
392.106600
341.953800
341.953600
387.477000
326.954900
327.952600
483.742700
329.953000
496.099900
347.021100
494.242700
504.935000
475.827800
476.828100
347.379800
482.526400
519.638200
522.944700
569.260000
565.107700
569.501300
530.034200
530.556500
530.633100
576.456400
533.244100
576.456400
533.244100
548.138500
547.646500
552.989800
546.300600
620.336800
620.336800
623.003400
481.064900
526.632900
534.634500
395.082700
526.632900
627.717900
525.456600
502.178200
483.437100
627.539600
386.578700
488.608900
483.237600
485.043400
629.609200
604.639400
495.306800
604.639400
582.077300
584.071000
489.877400
481.419900
480.211900
480.418800
584.071000
584.071000
584.071000
481.419900
487.657400
376.445700
522.845300
526.849600
377.175000
376.000600
514.915300
529.852200
513.131600
502.924800
501.262400
360.861800
498.255800
500.524600
512.981200
523.979800
502.620500
467.603300
466.856300
355.208900
469.080100
458.961700
458.961700
465.963300
469.521400
469.521400
339.856200
375.698800
315.911000
296.954900
325.043200
296.499400
297.195800
297.959200
297.970000
297.437700
323.610600
349.649500
316.986800
309.676900
322.065200
321.543900
300.149800
358.519700
334.311700
337.682900
350.683500
338.203400
339.875200
346.656100
354.799700
359.187500
360.978900
376.612700
403.934200
402.935700
404.936400
409.623800
383.603000
419.929600
433.932400
431.931700
432.930200
424.933800
426.933800
429.838000
440.880500
440.880500
441.879700
433.735000
311.176200
302.352600
299.184400
476.312200
306.772500
471.288400
310.017400
307.021900
312.398500
464.097700
376.497600
461.303800
458.395600
406.424400
390.419800
377.475400
374.476500
326.437300
327.439700
368.238500
319.127100
480.907600
370.609300
364.610800
304.776900
365.211800
300.143400
364.942600
258.362000
239.428200
249.762200
249.762200
230.735000
457.322100
445.321300
448.320900
448.318600
443.317600
448.318600
446.098700
176.042500
179.919600
513.179400
456.095000
448.162100
181.196900
162.941900
167.077400
489.098300
497.096400
498.096900
138.618800
147.150600
149.128100
514.675800
440.019700
175.171100
434.617700
402.072600
446.026200
445.204300
453.341000
451.823800
451.823800
413.430400
412.363200
403.544600
264.970000
266.971200
270.970300
264.334700
466.783300
265.549600
465.974600
272.055100
272.055100
465.256000
434.730900
429.037900
432.357700
311.925700
412.241000
317.569300
317.569300
327.398100
446.715000
371.040600
482.846200
422.105900
379.151700
426.928400
423.927200
396.151600
338.092000
336.795900
339.118200
344.938200
334.636200
338.925400
280.078100
338.941900
353.820600
352.547300
353.262900
294.852200
410.269500
348.327800
293.463100
296.259200
346.138100
345.277800
400.070400
353.349100
405.722000
406.995300
352.197000
351.147900
395.801300
330.690700
382.258400
383.165900
331.970100
352.320900
342.448200
342.966500
367.320900
373.278700
315.004300
371.551400
371.551400
376.768100
316.180200
354.531100
355.574800
340.272000
315.864600
359.383600
350.344000
344.160500
286.634900
338.611400
328.319400
288.505900
332.075800
287.981300
307.672100
303.309600
296.535200
299.536000
301.569900
317.225900
322.047500
326.731800
320.282200
286.437000
329.534000
330.041600
302.925300
288.037000
317.712000
320.227200
320.227200
265.046800
262.047500
265.046800
289.086900
256.048800
289.086900
317.036400
260.051700
257.050000
289.086900
258.052400
323.036900
321.034300
259.714600
331.451300
332.450700
332.450700
332.450700
339.270100
339.131800
312.344900
332.143500
332.143500
331.700900
329.441700
323.446300
328.445600
324.448200
342.447000
345.449600
340.921100
381.557700
334.035900
319.465700
318.943500
318.943500
320.943000
387.762000
320.605000
265.687000
253.469500
249.470600
243.469600
245.472100
248.473200
332.178400
335.630800
333.848800
357.111900
357.111900
376.282500
374.232900
386.226600
327.853500
326.852100
315.855500
341.851300
341.851300
317.854700
303.473000
300.472300
302.472300
297.467500
301.470700
300.469200
300.469200
291.470000
286.205700
199.997100
186.040900
285.729400
183.883100
282.656900
201.832800
185.743300
191.743100
201.832800
163.812600
114.780900
111.780700
114.780900
121.040900
334.003800
324.005800
119.007900
303.690000
317.007600
130.422600
150.165200
312.131100
312.131100
284.039900
268.040700
268.040700
298.553900
303.524400
263.001200
257.005600
254.004200
276.001800
264.002700
266.999900
240.001000
238.305100
233.154500
293.318900
294.323600
260.615000
259.572400
330.311300
453.786500
437.309200
437.309200
334.977000
429.310600
330.276300
330.806100
330.806100
429.840400
429.840400
373.051200
371.059500
358.531800
370.497900
264.271600
325.271300
261.030700
326.271300
263.269600
340.276400
340.276400
296.038800
253.077000
254.077300
339.037900
237.598100
399.339800
252.593200
256.606600
393.420700
309.197500
398.172500
302.215100
308.211900
312.213100
306.988000
309.706100
330.773600
360.843900
361.844100
337.952700
397.212900
306.173000
333.689000
310.482000
392.070800
238.224800
153.197500
141.874800
143.562600
140.276700
137.431100
139.271400
158.111200
267.207500
182.148300
182.627600
280.208600
281.209200
304.270400
213.726100
337.997600
327.155300
236.048200
333.872900
334.139100
337.762200
346.499100
356.969500
352.459100
356.203700
273.950300
292.075000
376.454200
298.133500
314.476300
350.357500
360.308200
318.293500
355.517300
320.206300
364.519900
321.668100
285.433300
301.517600
303.226900
275.593700
308.753000
309.754600
288.792000
308.753000
309.273500
227.623000
231.821600
297.807400
272.224700
266.164800
260.753700
211.651900
298.642400
225.377700
244.550800
219.023300
295.597500
225.560200
245.048600
285.335300
242.775900
280.620000
244.536100
160.716900
226.029700
226.029700
226.029700
163.716900
166.718700
167.720400
163.726600
160.725100
201.988000
153.721700
198.989600
144.320100
206.405300
208.718000
194.719100
193.717100
191.718300
202.720000
194.611000
193.773800
196.390200
178.662600
207.389500
215.268100
214.745000
214.758600
188.638200
179.381900
231.966200
174.338800
171.340000
163.338900
170.335200
171.340000
162.934000
242.345300
239.182100
240.164500
230.058400
239.207400
246.568300
241.919500
137.071800
147.070000
229.684800
214.683600
218.683900
226.797300
222.730700
238.816900
215.865900
244.859500
265.865800
266.860600
269.863800
265.862500
239.866400
268.859500
265.182600
185.151700
192.711400
245.876600
247.874800
254.142900
234.633100
247.633200
247.695200
228.361800
250.381400
248.509500
248.205100
250.860200
252.811100
247.714400
263.295700
264.024500
262.935000
259.513000
262.357800
262.824800
245.873300
238.481600
230.083800
227.102400
223.436700
256.192100
231.817500
249.309100
257.822200
234.822000
206.822500
216.821200
210.819000
212.819800
213.823400
201.817800
202.823500
219.821800
219.821800
213.820300
202.824000
217.821500
182.002600
197.742100
142.992900
203.492600
207.428800
163.523200
166.160100
178.160800
152.499600
152.981000
195.158900
152.981000
197.161100
202.313900
127.420200
114.058900
175.291700
125.525700
116.782600
127.780200
117.544400
173.294300
170.237200
163.758100
147.756300
147.756300
176.068200
179.582500
181.581500
179.583200
166.585000
171.583100
201.573700
187.585800
195.587000
216.587300
181.586100
181.586100
186.583600
186.582900
163.314900
194.584900
194.584900
162.312700
169.312600
161.312700
156.743100
165.002400
173.624100
173.508700
195.950500
202.275700
199.814700
193.282900
196.285800
202.368300
249.108200
229.967800
236.967200
241.965700
224.452300
247.965700
247.965700
247.973500
246.448900
246.449000
246.449000
231.446900
209.447200
243.450200
229.840300
276.072400
276.588300
256.066100
253.065400
233.076900
237.596400
229.077500
208.134300
212.463500
156.019700
201.827200
152.129800
143.894600
180.830800
177.330500
162.866100
178.862500
157.861900
117.247800
130.247200
218.868200
141.246000
145.248300
143.244600
145.248300
192.865100
187.619300
135.159100
186.912900
177.427900
182.428900
181.429300
181.429300
197.196000
148.248800
156.250900
157.248200
193.304100
194.491800
190.209700
203.110900
148.867100
193.386200
190.863700
192.868600
189.868300
141.865600
190.866800
178.631300
181.630800
161.630800
156.628800
154.635200
149.630800
146.510500
150.359500
141.592100
169.628700
149.850000
157.315600
157.931500
159.869300
160.425000
164.229400
140.869200
132.479400
130.480600
123.479700
132.661000
122.833800
123.350800
123.425900
124.413000
124.413000
153.244600
153.787200
151.464000
157.676600
158.674300
162.583900
168.471200
166.473000
170.992800
188.132900
189.417200
194.420600
228.777800
206.777700
207.782500
207.782500
226.787600
216.828100
200.879000
206.141400
208.825900
209.828100
199.733500
199.205600
215.482700
242.808100
231.143100
219.063800
220.584100
287.489700
288.507900
275.252500
275.735800
268.118600
268.118600
272.506600
192.854500
185.398400
199.110200
123.792500
123.369000
124.611600
175.035500
177.798600
146.119500
139.114800
134.724300
149.114900
148.585600
150.113100
104.350200
130.149100
114.150300
111.151900
109.085000
124.960600
126.959700
123.958200
120.007000
161.132900
121.004500
125.004600
167.415500
123.808500
128.335100
135.673400
160.188900
156.192500
161.190400
158.732100
110.947800
118.710300
111.474200
177.041300
177.964300
176.959500
177.964300
177.964300
93.501100
214.024200
210.030200
208.025500
194.779600
194.779600
237.340100
156.628600
136.709600
225.885100
206.088200
263.261700
240.753800
261.675400
163.733800
168.731900
215.742700
204.593100
221.374300
175.727400
178.731800
152.575000
149.170800
152.650600
148.657200
149.655300
157.654500
156.651700
140.820800
169.390000
149.048800
182.388600
171.050800
175.858300
130.737300
181.062200
195.387300
190.128100
196.952900
160.387600
159.347600
164.691200
169.449600
165.453100
144.449300
145.448900
146.446600
138.252800
185.501200
179.724400
173.039000
126.303200
126.303200
128.611200
159.559900
128.820600
162.558000
136.717000
146.231700
129.732000
129.732000
129.210200
141.465800
136.249200
162.658400
175.321100
162.519600
145.798500
173.190900
149.797000
155.048200
145.145700
142.146200
76.700400
125.516600
113.594700
86.304400
79.342500
87.701200
87.701200
108.337200
103.339700
107.339300
138.480600
148.763500
154.389200
151.599100
155.602100
159.600500
147.168400
136.167500
129.104600
145.667200
123.231900
124.526300
174.570100
176.495600
159.996200
128.999300
158.995500
159.995100
171.157200
172.006400
171.000100
172.998900
172.998900
172.998900
36.560000
39.443900
172.998900
42.094200
172.998900
43.687900
54.345800
36.560000
36.560000
32.788700
37.007900
58.558800
56.276700
53.089100
52.270600
53.269100
65.278200
53.270300
53.270300
54.267800
61.271500
98.267300
98.267300
103.982200
93.810700
75.543500
73.546800
75.543500
74.546000
75.545800
121.815400
121.815400
151.592500
144.844400
112.844200
90.532500
89.523600
102.524200
88.523900
87.522800
141.190600
140.667100
140.667100
141.668200
119.666900
118.128000
126.325600
129.718300
113.342800
108.550400
86.974800
111.679400
120.988900
120.988900
109.266900
108.207300
98.972000
105.414700
109.825000
117.889800
93.838400
113.840000
113.840000
94.843300
93.838400
81.659400
76.824500
80.132700
80.728200
80.218400
79.734700
68.462700
66.565700
48.758000
43.353800
43.353800
43.353800
67.550100
72.430700
89.040600
102.028300
100.554900
111.548900
107.241800
107.241800
117.499500
109.115000
123.743400
123.169300
151.965900
151.440300
157.146000
157.146000
151.708900
109.830500
14.282000
17.077100
15.000500
17.077100
22.482300
22.482300
27.993900
23.475400
105.603600
135.065800
48.587000
48.587000
105.673100
48.587000
95.692000
96.009100
95.489300
85.488300
84.491900
76.013000
77.014100
89.491500
55.680700
98.606500
101.713900
107.879700
106.997500
106.691900
103.756100
112.749000
123.750400
97.816300
86.820200
89.169700
28.440000
43.425300
49.353800
40.643600
41.183300
54.201900
147.726600
100.165700
123.047400
130.050400
142.582400
142.805200
140.535500
81.896700
156.929200
112.111600
83.521000
97.861200
90.731700
44.836200
45.581700
37.088200
67.595000
81.595500
99.513000
71.644100
72.769800
63.832000
72.388200
76.220700
77.264700
79.380000
80.948500
106.300000
31.741700
33.098500
85.927600
88.927000
77.521000
22.764000
134.285200
134.279700
43.554400
138.255100
133.434200
107.950700
100.851900
100.851900
72.538700
71.981200
57.594800
54.058600
66.225500
47.335000
53.784000
60.826400
52.111600
55.109400
55.756600
71.808600
60.382300
61.939700
68.935300
62.436800
14.001000
62.618600
95.745400
94.740500
72.633300
96.874600
56.960100
95.298300
92.925300
95.441500
72.196700
84.309500
84.309500
52.113800
54.117300
31.030800
37.266200
37.266200
37.489500
37.489500
42.654000
38.136600
38.136600
42.654000
