0.543000
1.516300
0.508100
0.625100
0.000000
0.000000
0.000000
0.000000
0.889700
0.000000
0.000000
0.000000
0.000000
0.000000
0.000000
0.538300
0.541000
0.000000
0.000000
0.000000
0.543200
0.000000
0.540300
0.535600
0.000000
0.000000
0.000000
0.000000
0.000000
0.000000
0.546500
0.000000
0.536200
0.000000
0.000000
0.000000
0.000000
0.000000
0.000000
0.551700
0.513800
0.547000
0.000000
0.000000
0.530800
0.000000
0.000000
0.000000
0.000000
0.000000
0.000000
0.000000
0.774700
0.000000
0.548400
0.000000
0.000000
0.000000
0.041400
0.000000
0.535600
0.000000
0.534700
0.531700
0.000000
0.020800
0.000000
0.541300
0.000000
0.000000
0.000000
0.000000
0.000000
0.000000
0.028800
0.459000
0.000000
0.000000
0.000000
0.000000
0.000000
0.000000
0.000000
0.508100
0.030200
0.532400
0.528400
0.553600
0.000000
0.536100
0.000000
0.000000
0.000000
0.000000
0.000000
0.526200
0.545800
0.547400
0.000000
0.000000
0.000000
0.000000
0.000000
0.000000
0.000000
0.557400
0.000000
0.000000
0.544700
0.000000
0.000000
0.000000
0.028200
0.000000
0.000000
0.000000
0.531400
0.000000
0.509100
0.000000
0.000000
0.000000
0.000000
0.567900
0.000000
0.000000
0.550100
0.000000
0.000000
0.000000
0.000000
0.000000
0.000000
0.000000
0.052800
0.000000
0.000000
0.000000
0.000000
0.000000
0.758600
0.000000
0.000000
0.000000
0.000000
0.000000
0.000000
0.000000
0.271900
0.000000
0.000000
0.000000
0.000000
0.000000
0.000000
0.000000
0.000000
1.496900
0.000000
0.000000
0.000000
0.227100
0.513300
0.000000
0.523200
0.000000
0.000000
0.000000
0.000000
0.000000
0.000000
0.000000
0.000000
0.000000
0.000000
0.000000
0.000000
0.000000
0.529800
0.000000
0.000000
0.000000
0.000000
0.000000
0.530500
0.000000
0.000000
0.542000
0.000000
0.536500
0.000000
0.000000
0.000000
0.554400
0.000000
0.000000
0.537100
0.000000
0.525800
0.000000
0.000000
0.000000
0.240300
0.537400
0.528300
0.537900
0.000000
0.000000
0.000000
0.000000
0.000000
0.000000
0.000000
0.541700
0.536400
0.000000
0.524400
0.000000
0.000000
0.000000
0.000000
0.000000
0.530900
0.000000
0.000000
0.241500
0.000000
0.550300
0.000000
0.535400
0.000000
0.000000
0.533700
0.000000
0.000000
0.000000
0.000000
0.559000
0.000000
0.507300
0.000000
1.139800
0.286600
0.000000
0.000000
0.000000
0.537500
0.000000
0.000000
0.000000
0.530700
0.553700
0.533400
0.526700
0.000000
0.000000
0.545400
0.000000
0.534800
0.540100
0.529400
0.000000
0.000000
0.000000
0.741900
0.028800
0.000000
0.536100
0.525800
0.000000
0.000000
0.000000
0.000000
0.000000
0.000000
0.000000
0.529800
0.000000
0.000000
0.530800
0.000000
0.529100
0.000000
0.033800
0.000000
0.000000
0.025400
0.523400
0.000000
0.000000
0.000000
0.533500
0.554500
0.000000
0.000000
0.000000
0.000000
0.000000
0.508200
0.000000
0.000000
0.000000
0.539300
0.000000
0.000000
0.530400
0.539400
0.000000
0.530800
0.000000
0.000000
0.545600
0.000000
0.543700
0.000000
0.000000
0.000000
0.000000
0.524100
0.000000
0.030000
0.000000
0.000000
0.000000
0.000000
0.000000
0.625000
0.000000
0.546400
0.000000
0.521400
0.547100
0.537200
0.000000
0.533800
0.000000
0.000000
0.000000
0.534800
0.000000
0.532500
0.000000
0.000000
0.000000
0.000000
0.000000
0.000000
0.410800
0.000000
0.000000
0.000000
0.000000
0.530500
0.526600
0.000000
0.000000
0.851900
0.534300
0.000000
0.000000
0.000000
0.000000
0.000000
0.000000
0.000000
0.555800
0.000000
0.000000
0.000000
0.547400
0.536700
0.000000
0.000000
0.000000
0.000000
0.542800
0.000000
0.000000
0.458900
0.000000
0.000000
0.000000
0.000000
0.000000
0.000000
0.543200
0.536700
0.065700
0.000000
0.000000
0.000000
0.535400
0.546800
0.000000
0.000000
0.000000
0.000000
0.000000
0.000000
0.000000
0.525300
0.512700
0.536300
0.000000
0.000000
0.025900
0.000000
0.000000
0.000000
0.000000
0.037700
0.000000
0.000000
0.000000
0.000000
0.000000
0.000000
0.514800
0.000000
0.553700
0.000000
0.000000
0.000000
0.000000
0.525900
0.531600
0.000000
0.000000
0.534600
0.540500
0.000000
0.543500
0.527200
0.000000
0.537800
0.000000
0.542600
0.000000
0.534400
0.521600
0.511200
0.543400
0.000000
0.531800
0.533900
0.000000
0.538200
0.000000
0.000000
0.000000
0.000000
0.000000
0.000000
0.000000
0.000000
0.000000
0.000000
0.000000
0.533200
0.000000
0.520900
0.000000
0.536400
0.539700
0.000000
0.000000
0.000000
0.000000
0.000000
0.000000
0.539000
0.000000
0.000000
0.000000
0.000000
0.000000
0.000000
0.529100
0.000000
0.000000
0.089800
0.027400
0.534400
0.543500
0.000000
0.000000
0.000000
0.000000
0.000000
0.000000
0.000000
0.000000
0.535700
0.000000
0.000000
0.000000
0.539300
0.000000
0.000000
0.000000
0.000000
0.000000
0.536400
0.553200
0.000000
0.000000
0.000000
0.000000
0.000000
0.000000
0.568800
0.000000
0.000000
0.000000
0.000000
0.000000
0.000000
0.533700
0.000000
0.524600
0.000000
0.531400
0.000000
0.000000
0.000000
0.529200
0.000000
0.000000
0.000000
0.543100
0.000000
0.531400
0.000000
0.540200
0.525400
0.000000
0.000000
0.553700
0.543700
0.536600
0.000000
0.507000
0.000000
0.544200
0.534600
0.529900
0.000000
0.000000
0.151000
0.000000
0.000000
0.530800
0.000000
0.000000
0.000000
0.000000
0.046200
0.000000
0.000000
0.000000
0.538800
0.000000
0.000000
0.536100
0.529800
0.000000
0.000000
0.509200
0.000000
0.000000
0.000000
0.509600
0.000000
0.000000
0.032800
0.000000
0.000000
0.000000
0.000000
0.000000
0.000000
0.034300
0.542000
0.000000
0.000000
0.000000
0.523800
0.045600
0.000000
0.000000
0.000000
0.274100
0.000000
0.000000
0.000000
0.000000
0.000000
0.000000
0.000000
0.000000
0.000000
0.999700
0.534700
0.506700
0.000000
0.000000
0.000000
0.000000
0.000000
0.027700
0.000000
0.000000
0.000000
0.000000
0.000000
0.627000
0.000000
0.000000
0.000000
0.000000
0.000000
0.000000
0.639200
0.536700
0.000000
0.000000
0.531600
0.000000
0.000000
0.000000
0.253700
0.000000
0.512200
0.535200
0.000000
0.000000
0.528600
0.000000
0.000000
0.000000
0.528700
0.539800
0.000000
0.000000
0.000000
0.000000
0.000000
0.000000
0.824800
0.000000
0.512500
0.000000
1.012400
0.000000
0.000000
0.000000
0.000000
0.000000
0.508800
0.000000
1.019900
0.000000
0.739100
0.000000
0.000000
0.000000
0.000000
0.000000
0.000000
0.000000
0.065400
0.000000
0.527900
0.000000
0.000000
0.000000
0.000000
0.000000
0.000000
0.000000
0.000000
0.000000
0.533200
0.000000
0.686500
1.031600
0.000000
0.520900
0.545700
0.000000
0.000000
0.543200
0.524800
0.000000
0.000000
0.524000
0.519500
0.000000
0.000000
0.000000
0.000000
0.000000
0.541800
0.000000
0.000000
0.548300
0.545400
0.535100
0.000000
0.029700
0.000000
0.555900
0.000000
0.000000
0.000000
0.539600
0.000000
0.000000
0.000000
0.000000
0.000000
0.000000
0.000000
0.000000
0.038700
0.000000
0.000000
0.000000
0.523000
0.000000
0.000000
0.000000
0.000000
0.524600
0.000000
0.508200
0.000000
0.000000
0.000000
0.000000
0.000000
0.000000
0.000000
0.000000
0.000000
0.000000
0.000000
0.000000
0.584500
0.534200
0.000000
0.000000
0.000000
0.000000
0.542000
0.000000
0.000000
0.539500
0.000000
0.000000
0.000000
0.000000
0.000000
0.000000
0.000000
0.000000
0.541800
0.536300
0.543000
0.000000
0.533400
0.000000
0.000000
0.000000
0.532600
0.000000
0.000000
0.000000
0.000000
0.000000
0.000000
0.000000
0.800200
0.543100
0.000000
0.000000
0.000000
0.000000
0.538600
0.556800
0.542000
61.792800
62.851600
50.737500
56.983000
54.451500
46.996400
34.174800
16.138200
10.582500
19.386300
7.555400
1.080100
3.225800
0.767900
5.841000
0.818900
0.818900
0.537600
0.537600
0.536100
0.000000
0.000000
0.509500
0.000000
0.000000
0.000000
0.000000
0.000000
0.000000
0.532800
0.000000
0.000000
0.034900
0.024300
0.000000
0.542500
1.205300
0.000000
0.538300
0.000000
0.000000
0.000000
0.540800
0.679400
0.000000
0.000000
0.000000
0.217000
0.725200
0.000000
0.000000
0.546800
0.000000
0.999400
1.145200
0.554400
0.000000
0.000000
0.000000
0.000000
0.000000
0.000000
0.000000
0.000000
0.000000
0.000000
0.000000
0.111800
0.000000
0.000000
0.000000
0.000000
0.535100
1.048200
0.534000
0.000000
0.000000
0.000000
0.000000
0.519600
0.000000
0.539700
0.000000
0.000000
0.529700
0.526300
0.000000
0.000000
0.000000
0.000000
0.000000
0.540500
0.000000
0.000000
0.577100
0.527900
0.000000
0.000000
0.000000
0.000000
0.528900
0.000000
0.538200
0.000000
0.543000
0.000000
0.541800
0.531200
0.536200
0.000000
0.529700
0.539200
0.000000
0.543800
0.000000
0.914800
0.000000
0.528600
0.000000
0.000000
0.028600
0.508500
0.000000
0.527900
0.000000
0.000000
0.000000
0.000000
0.000000
0.999800
0.000000
0.000000
0.999100
1.001700
1.001300
0.000000
0.000000
0.535700
0.000000
0.000000
0.579900
0.537100
0.000000
0.000000
0.000000
0.028400
0.000000
0.000000
0.000000
0.000000
0.000000
0.000000
0.564500
0.545000
0.550100
0.000000
0.560500
0.000000
0.000000
0.000000
0.000000
0.247900
0.000000
0.000000
0.000000
0.000000
0.000000
0.000000
0.000000
0.000000
0.542400
0.536300
0.000000
1.656200
0.529800
0.546500
0.047000
0.522900
0.000000
0.552900
0.545900
0.000000
0.534300
0.000000
0.000000
0.507300
0.000000
0.506200
0.519400
0.530300
3.244700
0.000000
0.000000
1.003300
0.996900
0.561300
0.533600
0.534600
0.533300
0.534800
0.642100
0.000000
0.000000
0.547500
0.530100
0.000000
0.000000
0.000000
0.000000
0.000000
0.000000
1.060700
0.000000
0.000000
0.533900
0.209000
0.524700
0.506100
0.000000
0.000000
0.000000
0.023900
0.000000
0.000000
0.000000
0.000000
0.000000
0.000000
0.546200
0.187900
0.000000
0.000000
0.994900
0.999800
0.000000
0.000000
0.000000
0.000000
0.000000
0.999500
0.000000
0.000000
0.000000
0.000000
0.000000
0.000000
0.000000
0.000000
0.000000
0.000000
0.000000
0.000000
0.540300
1.004300
0.000000
0.535600
0.000000
0.000000
0.000000
0.588900
0.585200
0.000000
0.539800
0.000000
0.000000
0.000000
0.000000
0.000000
0.000000
0.547800
0.000000
0.000000
0.000000
0.000000
0.000000
0.000000
0.000000
0.000000
0.000000
0.000000
0.000000
0.507400
0.000000
0.000000
0.522100
0.000000
0.541800
0.532400
0.525600
0.000000
0.507900
0.000000
0.000000
0.000000
0.000000
0.000000
0.535200
0.530500
0.000000
0.534700
0.000000
0.545500
0.000000
0.511600
0.000000
0.000000
0.000000
0.015200
0.537100
0.000000
0.000000
0.000000
0.000000
0.000000
0.551900
0.555600
0.000000
0.000000
0.000000
0.000000
0.000000
0.000000
0.000000
0.000000
0.000000
0.000000
0.000000
0.000000
0.000000
0.000000
0.000000
0.000000
0.000000
0.000000
0.000000
0.000000
0.000000
0.000000
0.000000
0.000000
0.000000
0.000000
0.000000
0.000000
0.000000
1.002200
0.000000
0.000000
0.000000
0.000000
0.000000
0.000000
0.000000
0.544500
0.000000
0.000000
0.000000
0.000000
0.507700
0.000000
0.000000
0.546700
0.525200
0.000000
0.000000
0.000000
0.000000
0.000000
0.000000
0.000000
0.536900
0.000000
0.000000
0.522900
0.000000
0.527700
0.535600
0.000000
0.000000
0.000000
0.536400
0.000000
0.000000
0.000000
0.000000
0.000000
0.000000
0.000000
0.529800
0.536300
0.536400
0.000000
0.000000
0.000000
0.000000
0.026500
0.000000
0.000000
0.000000
0.000000
0.509500
0.027000
0.000000
0.000000
0.000000
0.000000
0.533100
0.000000
0.000000
0.000000
0.000000
0.000000
0.000000
0.000000
0.000000
0.539600
0.532800
0.000000
0.000000
0.000000
0.537900
0.532200
0.537900
0.000000
0.000000
0.000000
0.000000
0.999600
0.000000
0.000000
0.538100
0.000000
0.000000
0.000000
0.536500
0.527300
0.000000
0.000000
0.529400
0.000000
0.026600
0.000000
0.000000
0.000000
0.575500
0.534800
0.567400
0.000000
0.000000
0.535700
0.000000
0.000000
1.061500
0.000000
0.531100
0.536400
0.000000
0.000000
0.000000
0.535300
0.000000
0.000000
0.000000
0.000000
0.000000
0.578600
0.000000
0.000000
0.532700
0.000000
0.000000
0.528200
0.536100
0.000000
0.000000
0.000000
0.000000
0.000000
0.000000
0.000000
0.000000
0.538400
0.000000
0.562700
0.553100
0.537300
0.000000
0.000000
0.000000
0.549900
0.538200
0.000000
0.000000
0.531000
0.000000
0.000000
0.531300
0.042700
0.000000
0.507300
0.000000
0.000000
0.545200
0.000000
0.000000
0.000000
0.000000
0.000000
0.000000
0.000000
0.000000
0.000000
0.000000
0.000000
0.000000
0.000000
0.000000
0.000000
0.000000
0.000000
0.000000
0.000000
0.000000
0.000000
0.000000
0.000000
0.000000
0.000000
0.000000
1.031100
0.555700
0.518400
0.000000
0.000000
0.000000
0.543400
0.000000
0.000000
0.000000
0.000000
0.544400
0.544500
0.000000
0.000000
0.542700
0.000000
0.000000
0.000000
0.000000
0.048200
0.000000
32.970900
32.587300
15.129800
16.641300
16.641300
5.303400
5.447600
2.348200
0.553400
0.733300
0.111500
0.513700
0.517300
0.000000
0.566800
0.000000
0.189500
0.000000
0.000000
0.000000
0.000000
0.998900
0.000000
0.000000
0.000000
0.534900
0.000000
0.543200
0.000000
0.000000
0.549400
0.000000
0.537100
0.000000
0.000000
0.561100
0.046000
0.508700
0.998800
0.000000
0.000000
0.000000
0.000000
0.000000
0.000000
0.000000
0.000000
0.000000
0.000000
0.000000
0.509700
0.000000
0.000000
0.000000
0.000000
0.000000
0.000000
0.000000
0.000000
0.000000
0.000000
0.000000
0.000000
0.000000
0.000000
0.000000
0.000000
0.000000
0.609200
0.507100
0.000000
0.546800
0.545400
0.000000
0.046000
0.000000
0.000000
0.000000
0.545100
0.000000
0.538200
0.507900
0.000000
0.000000
0.000000
0.528300
0.000000
0.540100
0.000000
0.559600
0.000000
0.000000
0.000000
0.000000
0.000000
0.000000
0.175800
0.000000
0.000000
0.000000
0.000000
0.000000
0.000000
0.000000
0.000000
0.537100
0.514000
0.000000
0.000000
0.000000
0.000000
0.000000
0.000000
0.000000
0.534700
0.000000
0.000000
0.000000
0.000000
0.000000
0.000000
0.000000
0.000000
0.000000
0.000000
0.541400
0.000000
0.522400
0.000000
0.000000
0.040700
0.000000
0.000000
0.579600
0.526200
0.000000
0.000000
0.000000
0.529300
0.000000
0.519500
0.000000
0.541200
0.000000
0.000000
0.000000
0.000000
0.544500
0.043500
0.536200
0.000000
0.022800
0.000000
0.000000
0.000000
0.000000
0.000000
0.027700
0.536700
0.000000
0.000000
0.536900
0.538600
0.000000
0.024400
0.506800
0.000000
0.000000
0.000000
0.000000
0.000000
0.000000
0.000000
0.000000
0.000000
0.000000
0.000000
0.000000
0.000000
0.000000
0.536800
0.539700
0.000000
0.126900
0.000000
0.000000
0.024200
0.000000
0.506400
0.000000
0.523700
0.000000
0.000000
0.000000
0.000000
0.000000
1.063900
0.000000
0.000000
0.534800
0.556900
0.000000
0.558800
0.000000
0.000000
0.546900
0.000000
0.000000
0.000000
0.000000
0.525700
0.000000
0.000000
0.000000
0.000000
0.000000
0.000000
0.534900
0.529800
0.000000
0.523900
0.506200
0.000000
0.000000
0.571400
0.000000
0.745300
1.149900
3.019000
0.000000
0.000000
0.556400
0.559800
0.000000
0.000000
0.000000
0.000000
0.000000
0.000000
0.000000
0.000000
0.524400
0.000000
0.000000
0.000000
0.000000
0.543300
0.564600
0.526300
0.000000
0.000000
0.534900
0.543300
0.000000
0.000000
0.545900
0.000000
0.019900
0.000000
0.537500
0.000000
0.533600
0.000000
0.000000
0.508700
0.031300
0.000000
0.000000
0.000000
0.026300
0.000000
0.000000
0.000000
0.000000
0.000000
0.000000
0.000000
0.031400
0.000000
0.000000
0.520200
0.000000
0.509000
0.000000
0.000000
0.000000
0.000000
0.537200
0.000000
0.000000
0.000000
0.533400
0.042600
0.000000
0.000000
0.000000
0.541700
0.537400
0.000000
0.541200
0.000000
0.539200
0.000000
0.000000
0.527600
0.000000
0.548900
0.000000
0.000000
0.000000
0.000000
0.506900
0.000000
0.000000
0.537900
0.000000
0.000000
0.000000
0.000000
0.000000
0.000000
0.000000
0.000000
0.523600
0.530500
0.000000
0.000000
0.505900
0.000000
0.000000
0.506800
0.000000
0.000000
0.000000
0.000000
0.000000
0.000000
0.000000
0.000000
0.000000
0.000000
0.000000
0.000000
0.000000
0.000000
0.000000
0.000000
0.000000
0.000000
0.000000
0.520800
0.510200
0.000000
0.000000
0.000000
0.519900
0.000000
0.535800
0.000000
0.000000
0.000000
0.537800
0.000000
0.000000
0.583600
0.000000
0.000000
0.000000
0.000000
0.000000
0.000000
0.000000
0.000000
0.000000
0.000000
0.000000
0.000000
0.000000
0.000000
0.000000
0.000000
0.000000
0.539800
0.000000
0.000000
0.000000
0.000000
0.927200
0.000000
0.000000
0.000000
0.000000
0.000000
0.000000
0.000000
0.535800
0.527100
0.000000
0.000000
0.538900
0.035400
0.540300
0.000000
0.000000
0.465000
4.968000
6.960400
0.535100
0.521200
1.996400
0.000000
0.000000
0.000000
0.000000
0.000000
0.000000
0.000000
0.000000
0.000000
0.545000
0.000000
0.726800
0.521600
0.000000
0.000000
0.535900
0.000000
0.000000
0.000000
0.530300
0.018000
0.534400
0.000000
0.000000
0.000000
0.000000
0.000000
0.000000
0.000000
0.510900
0.000000
0.000000
0.536000
0.000000
0.534300
0.508900
0.000000
0.000000
0.029600
0.551600
0.000000
0.541900
0.000000
0.000000
0.031500
0.000000
0.554000
0.000000
0.000000
0.000000
1.002700
0.584500
0.537900
0.520500
0.000000
0.000000
0.000000
0.013100
0.000000
0.000000
0.000000
0.000000
0.000000
0.000000
0.000000
0.000000
0.530500
0.000000
0.000000
0.000000
0.000000
0.000000
0.528700
0.529400
0.000000
0.000000
0.000000
0.000000
0.000000
0.000000
0.634300
0.000000
0.000000
0.528700
0.000000
0.000000
0.000000
0.000000
0.000000
0.000000
0.000000
0.000000
0.532200
0.000000
0.000000
0.000000
0.000000
0.000000
0.000000
0.584200
0.000000
0.000000
0.000000
0.000000
0.537400
0.000000
0.000000
0.000000
0.000000
0.000000
0.000000
0.000000
0.000000
0.000000
0.000000
0.000000
0.000000
0.000000
0.000000
0.000000
0.000000
0.000000
0.000000
0.000000
0.000000
0.000000
0.000000
0.000000
0.000000
0.000000
0.557900
0.539900
0.000000
0.000000
0.521700
0.222100
0.780300
0.000000
0.000000
0.000000
0.000000
0.000000
0.000000
0.000000
0.000000
0.000000
0.596500
0.000000
0.000000
0.000000
0.000000
0.000000
0.000000
0.000000
0.000000
0.000000
0.000000
0.000000
0.000000
0.000000
0.000000
0.000000
0.000000
0.000000
0.000000
0.000000
0.000000
0.000000
0.000000
0.000000
0.523600
0.000000
0.000000
0.000000
0.000000
0.000000
0.000000
0.000000
0.000000
0.000000
0.000000
0.000000
0.000000
0.000000
0.000000
0.000000
0.000000
0.000000
0.000000
0.000000
0.000000
0.000000
0.000000
0.000000
0.000000
0.000000
0.000000
0.000000
0.000000
0.528900
0.000000
0.000000
0.000000
0.539600
0.000000
0.000000
0.506000
0.000000
0.000000
0.000000
0.000000
0.530700
0.000000
0.000000
0.000000
0.000000
0.000000
0.000000
0.000000
0.000000
0.024000
0.000000
0.000000
0.000000
0.000000
0.000000
0.000000
0.000000
0.000000
0.000000
0.000000
0.527500
0.000000
0.000000
0.000000
2.682800
20.328100
11.113600
21.398900
28.512200
42.108500
42.108500
16.486500
0.507400
0.000000
0.537100
0.508400
0.828100
1.992300
5.133100
6.375100
5.855200
0.117600
0.026700
0.581200
0.540600
0.000000
0.610900
0.000000
0.000000
0.637800
0.000000
0.000000
1.218400
0.000000
0.000000
0.000000
0.000000
0.000000
0.000000
0.000000
0.000000
0.000000
0.000000
0.000000
0.000000
0.000000
0.000000
0.000000
0.000000
0.000000
0.553000
0.000000
0.000000
0.522300
0.000000
0.000000
0.506600
0.575500
0.000000
0.000000
0.510700
0.534600
0.000000
0.000000
0.000000
2.841700
0.555000
0.000000
0.529800
0.000000
0.537500
0.000000
0.000000
0.510100
0.000000
0.000000
0.000000
0.000000
0.000000
0.531300
0.000000
0.000000
0.000000
0.000000
0.000000
0.542100
0.543100
2.423000
0.000000
0.000000
0.000000
0.000000
0.548900
0.565400
0.000000
0.538400
0.000000
0.000000
0.000000
0.000000
0.000000
0.000000
0.000000
0.000000
0.000000
0.000000
0.000000
0.000000
0.593100
0.000000
0.000000
0.000000
0.000000
0.000000
0.000000
0.000000
0.000000
0.567600
0.536600
0.592400
0.000000
0.526500
0.519700
0.000000
0.546800
0.000000
0.000000
0.998400
0.032400
0.533800
0.000000
0.000000
0.000000
0.531500
0.000000
0.000000
0.513300
0.000000
0.532000
1.008600
0.000000
1.000700
0.000000
0.000000
0.000000
0.000000
0.000000
0.000000
0.526600
0.622600
0.000000
0.000000
0.000000
0.000000
0.000000
0.000000
0.000000
0.000000
0.508000
0.570900
0.000000
0.040500
0.559900
0.024400
0.000000
0.552700
0.541300
0.546000
0.998900
0.000000
0.000000
0.000000
0.000000
0.550200
0.573600
0.551500
0.909400
0.000000
0.000000
0.000000
0.624800
0.000000
0.606500
1.000800
0.524600
0.999300
1.999300
0.666600
3.179200
6.065300
4.634200
1.072200
0.994500
0.993700
0.000000
0.000000
0.977700
1.998300
0.000000
1.008200
0.000000
1.000200
0.000000
0.000000
0.000000
0.540600
0.575400
0.995300
0.000000
0.000000
0.000000
0.000000
0.000000
0.000000
0.000000
0.000000
0.000000
0.000000
0.560500
0.000000
0.533700
0.000000
0.999800
0.000000
0.000000
0.000000
0.520400
0.634600
0.543900
0.000000
0.000000
0.000000
0.000000
0.580400
0.543100
0.000000
0.000000
0.536900
0.000000
0.000000
0.548000
0.000000
0.534700
0.000000
0.537800
0.000000
0.000000
0.000000
0.000000
0.000000
0.000000
0.571800
0.000000
0.000000
0.000000
0.000000
0.000000
0.000000
0.000000
1.001800
0.509000
1.001600
0.000000
0.000000
0.512600
0.530900
0.000000
0.000000
0.506900
0.000000
0.000000
0.000000
0.000000
0.000000
0.000000
0.000000
0.528900
0.000000
0.000000
0.000000
0.000000
0.000000
0.000000
0.000000
0.000000
0.000000
0.000000
0.997100
0.000000
0.000000
0.000000
0.000000
0.000000
0.524600
0.000000
0.541600
0.999200
0.000000
0.000000
0.000000
0.000000
0.000000
0.000000
0.000000
0.000000
0.000000
0.000000
0.000000
0.000000
0.000000
0.000000
0.000000
0.996300
0.000000
0.532800
0.887900
0.000000
0.000000
0.000000
0.000000
0.573900
20.590700
29.209300
44.379200
25.580900
30.577800
6.999100
3.000400
6.006200
12.925900
17.695900
22.733900
9.010800
19.179000
10.008200
0.993400
0.997500
1.701500
5.826600
2.999000
2.998300
0.000000
0.000000
0.530600
0.548300
0.000000
0.545900
0.542100
0.000000
0.537500
0.581000
0.536700
0.752900
0.521900
0.531900
0.558900
0.000000
0.571000
0.000000
0.000000
0.545100
0.000000
0.532300
0.000000
0.543600
0.138700
0.000000
0.000000
0.000000
0.000000
0.000000
0.000000
0.000000
0.000000
0.000000
0.000000
0.000000
0.000000
0.514500
0.000000
0.000000
0.000000
0.541200
0.000000
0.000000
0.000000
0.509900
0.000000
0.546400
0.000000
0.000000
0.000000
0.000000
0.000000
0.000000
0.548200
0.000000
0.000000
0.000000
0.000000
0.000000
1.001000
0.000000
0.000000
0.000000
0.000000
0.000000
0.000000
0.548600
0.000000
0.000000
0.000000
0.000000
0.000000
0.525400
0.000000
0.000000
0.000000
0.000000
0.000000
0.000000
0.000000
1.007800
0.000000
0.000000
0.000000
0.000000
0.000000
0.997800
0.998200
0.000000
0.000000
0.527100
0.000000
0.000000
1.001100
0.000000
0.000000
0.537700
0.529300
0.541000
0.000000
0.000000
0.543600
0.000000
1.005500
0.000000
0.000000
0.000000
0.531600
0.000000
0.000000
0.544100
0.000000
0.509900
0.000000
0.000000
0.542300
0.000000
0.000000
0.552900
0.000000
0.000000
0.559700
0.564500
0.000000
0.000000
0.507200
0.000000
0.000000
0.540800
0.529600
0.000000
0.000000
0.000000
0.000000
0.547100
0.030200
0.000000
0.000000
0.536200
0.000000
0.547400
0.000000
0.000000
0.000000
0.000000
0.000000
0.000000
0.000000
0.000000
0.000000
0.000000
0.000000
0.537600
0.000000
0.000000
0.544800
0.000000
0.000000
0.000000
0.000000
0.535300
0.550400
0.531400
0.000000
0.000000
0.000000
0.000000
0.000000
0.000000
0.000000
0.000000
0.000000
0.000000
0.000000
0.000000
0.000000
1.005800
0.000000
0.000000
0.000000
0.000000
1.000200
0.000000
0.000000
0.000000
0.000000
0.000000
0.000000
0.000000
1.007000
0.596900
0.000000
0.528400
0.000000
0.534600
0.000000
0.000000
0.000000
0.000000
0.000000
0.000000
0.000000
0.000000
0.000000
0.000000
0.555600
0.000000
1.001400
0.000000
0.000000
0.000000
0.000000
0.996600
0.000000
1.004000
0.000000
0.000000
1.096100
0.000000
0.000000
0.000000
0.000000
0.000000
0.000000
0.000000
0.592000
0.000000
0.000000
0.000000
0.000000
0.000000
0.000000
0.000000
0.000000
0.000000
0.000000
0.000000
0.000000
0.537600
0.538500
0.000000
0.000000
0.507100
0.000000
0.000000
0.999000
0.000000
0.000000
0.000000
0.615700
0.000000
0.000000
0.545100
0.587900
0.000000
0.000000
0.000000
0.000000
0.541200
0.000000
0.000000
0.308800
0.000000
0.000000
0.000000
0.000000
0.000000
0.000000
0.000000
0.000000
0.589900
0.000000
0.523100
0.000000
0.000000
0.000000
0.000000
0.000000
0.000000
0.584700
0.507900
0.000000
0.000000
0.000000
0.000000
0.000000
0.534700
0.000000
1.002100
0.000000
1.001600
0.000000
0.000000
0.000000
0.000000
0.000000
0.000000
0.000000
0.548800
0.000000
0.000000
0.000000
0.000000
0.000000
0.000000
0.548700
0.000000
0.000000
0.000000
0.000000
0.000000
0.000000
0.000000
0.000000
0.000000
0.000000
0.540500
0.000000
0.000000
0.000000
0.000000
0.000000
0.000000
1.002300
0.000000
0.000000
0.000000
0.000000
0.000000
0.000000
0.000000
0.000000
0.000000
0.000000
0.898900
0.000000
0.000000
0.000000
0.000000
0.000000
0.000000
0.000000
0.000000
1.017600
0.000000
0.000000
0.000000
0.000000
0.000000
0.000000
0.000000
0.000000
0.542500
0.526600
0.000000
0.000000
0.991000
0.000000
0.000000
0.000000
0.000000
0.000000
0.000000
1.429700
0.000000
0.000000
0.000000
0.000000
0.000000
0.000000
0.547900
0.000000
0.549800
0.000000
0.000000
0.000000
0.000000
0.000000
0.000000
0.542500
0.000000
0.545000
0.000000
0.000000
0.000000
0.000000
0.000000
0.000000
0.000000
1.002000
0.000000
0.000000
0.000000
0.000000
0.000000
0.000000
0.000000
0.000000
0.000000
0.000000
0.000000
0.000000
0.998700
0.000000
0.000000
0.032800
0.000000
0.000000
0.597000
1.181900
0.000000
0.000000
0.000000
0.000000
0.000000
1.000000
0.000000
0.000000
0.000000
0.000000
0.000000
0.533400
0.000000
0.577200
0.546900
0.000000
0.000000
0.000000
0.242600
0.000000
0.540900
0.000000
0.998100
0.000000
1.001200
0.000000
0.000000
0.000000
0.531500
0.534700
0.558700
0.559200
0.507300
0.000000
0.000000
0.000000
0.000000
0.000000
0.000000
0.015400
0.540600
0.556800
0.000000
0.000000
0.000000
0.000000
0.000000
1.002700
0.000000
0.000000
0.000000
0.530500
0.530900
0.000000
0.000000
0.000000
0.000000
0.000000
0.532000
0.000000
0.000000
0.000000
0.000000
0.000000
0.000000
0.000000
0.524600
0.000000
0.000000
0.000000
0.000000
0.000000
0.194000
0.000000
0.000000
0.000000
0.000000
0.000000
0.529400
0.531000
0.555700
0.000000
0.565400
0.000000
0.000000
0.545300
0.000000
0.000000
0.000000
0.000000
0.580300
0.551400
0.567700
0.000000
0.000000
0.000000
0.000000
0.000000
0.998000
0.000000
1.001600
0.000000
0.000000
0.508600
0.545000
0.527500
0.548000
0.000000
0.551000
0.545800
0.000000
0.000000
0.519300
0.093300
0.641200
0.549500
0.000000
0.000000
0.543600
0.000000
0.000000
0.543900
0.530800
0.545000
0.523500
0.000000
0.000000
0.538800
0.000000
0.508200
0.000000
0.538700
0.529800
0.000000
0.000000
0.000000
0.000000
0.527900
0.000000
0.000000
0.526500
0.000000
0.000000
0.000000
0.000000
0.000000
0.996800
0.000000
0.000000
0.000000
0.507400
0.000000
0.000000
0.000000
0.550100
0.595900
0.000000
0.000000
0.000000
0.649900
0.000000
0.248000
0.512300
0.533000
0.216600
0.000000
0.998700
0.000000
1.003800
0.000000
0.000000
0.000000
0.000000
0.000000
0.000000
0.000000
0.511500
0.513500
0.000000
0.670600
0.000000
0.000000
0.000000
0.542900
0.000000
0.000000
0.526100
0.554900
0.540600
0.000000
0.000000
0.996500
0.000000
0.530900
0.532600
0.546200
0.000000
0.540600
0.000000
0.528600
0.506600
0.000000
0.541400
0.548700
0.601500
0.538100
0.543000
0.530800
0.552200
0.000000
0.000000
0.000000
0.000000
0.525700
0.554300
0.000000
0.556200
0.726400
0.000000
0.000000
0.000000
0.000000
0.000000
0.540000
0.000000
0.000000
0.000000
0.000000
1.000300
0.000000
0.000000
0.000000
0.000000
1.008900
1.003400
0.000000
0.000000
0.995700
0.000000
1.004100
0.000000
0.000000
0.000000
0.000000
0.000000
0.000000
0.000000
0.000000
0.000000
1.000000
0.523100
0.000000
0.000000
0.000000
0.000000
0.000000
0.000000
0.000000
0.988300
0.550200
0.000000
0.553900
0.000000
0.000000
0.000000
0.000000
0.000000
0.000000
0.000000
0.539000
0.000000
0.000000
0.000000
0.000000
0.000000
0.000000
0.000000
0.000000
0.000000
0.000000
0.000000
1.001800
0.000000
0.000000
0.000000
0.998600
0.997500
0.000000
0.000000
0.536300
0.532200
0.000000
0.000000
0.000000
0.531100
0.506600
0.000000
0.552400
0.034200
0.546100
0.000000
0.000000
0.000000
0.999900
0.000000
0.000000
0.000000
0.507500
0.000000
0.000000
0.562100
0.565000
0.081200
0.667600
0.000000
0.000000
0.027100
0.995600
0.000000
0.019800
0.540100
0.000000
0.000000
0.000000
0.000000
0.000000
0.000000
0.000000
0.000000
0.996900
0.535700
0.000000
0.000000
0.569000
0.530000
0.529300
0.014300
0.000000
0.529900
0.000000
0.000000
0.000000
0.000000
0.000000
0.013700
0.539200
0.548900
0.000000
0.557600
0.000000
0.000000
0.000000
0.521300
0.548300
0.000000
0.000000
0.000000
0.000000
0.000000
0.000000
0.000000
0.000000
0.000000
0.000000
0.000000
0.000000
0.000000
0.000000
0.000000
0.000000
0.000000
0.000000
0.524100
0.000000
0.000000
0.000000
0.000000
0.247600
0.000000
0.541700
0.000000
0.521300
0.000000
0.000000
0.225700
0.524000
0.000000
0.000000
0.000000
0.509100
0.534100
0.000000
0.000000
0.522700
0.000000
1.000500
0.000000
0.000000
0.000000
0.000000
0.508900
0.000000
0.000000
0.000000
0.000000
0.000000
0.000000
0.000000
0.000000
0.000000
0.000000
0.000000
0.000000
0.000000
0.000000
0.000000
0.000000
0.522000
0.000000
0.000000
0.000000
0.000000
0.511200
0.000000
0.000000
0.000000
0.000000
0.320400
0.000000
0.000000
0.889400
0.000000
0.519500
0.000000
0.554000
0.000000
0.000000
0.000000
0.000000
0.000000
0.000000
0.000000
0.000000
0.555400
0.000000
0.000000
0.000000
0.553600
0.000000
0.000000
0.000000
1.000200
0.996400
0.000000
0.000000
0.000000
1.002500
0.000000
0.509400
0.539800
0.000000
0.000000
0.536700
0.000000
0.000000
0.631600
0.647200
0.000000
0.595200
0.595700
0.590600
1.084200
0.000000
0.535900
0.612100
0.000000
0.000000
0.522700
0.000000
0.000000
0.000000
0.000000
0.000000
0.000000
0.047300
0.000000
0.000000
0.000000
0.532500
0.000000
0.000000
0.000000
0.526800
0.000000
0.000000
0.000000
0.000000
0.000000
0.546900
0.000000
0.000000
0.000000
0.000000
0.000000
0.537300
0.000000
0.000000
0.558100
0.000000
0.000000
0.530700
0.000000
0.000000
0.000000
0.000000
0.000000
0.534100
0.508800
0.507100
0.000000
0.551500
0.000000
0.000000
0.536500
0.000000
0.000000
0.000000
0.000000
0.535500
0.000000
0.000000
0.534300
0.096000
0.000000
0.000000
0.000000
0.553500
0.000000
0.000000
0.000000
0.000000
0.525500
0.000000
0.000000
0.000000
0.000000
0.025800
0.000000
0.000000
0.530800
0.528000
0.507200
0.000000
0.000000
0.000000
0.000000
0.000000
0.000000
0.000000
0.524800
0.000000
0.000000
0.000000
0.000000
0.000000
0.000000
0.000000
0.000000
0.000000
0.000000
1.114300
0.000000
0.000000
0.000000
0.000000
0.000000
0.000000
0.000000
0.521100
0.000000
0.000000
0.000000
0.000000
0.535600
0.000000
0.521500
0.019200
0.536300
0.000000
0.000000
0.524100
0.000000
0.000000
0.538300
0.000000
0.000000
0.546600
0.531600
0.507300
0.000000
0.000000
0.000000
0.032800
0.507900
0.000000
0.000000
0.538500
0.524800
0.000000
0.507100
0.539000
0.000000
0.000000
0.000000
0.000000
0.000000
0.543000
0.000000
0.549600
0.537100
0.542200
0.000000
0.000000
0.542500
0.000000
0.000000
0.541700
0.555900
0.016200
0.000000
0.000000
0.000000
0.000000
0.543800
0.000000
0.562600
0.000000
0.000000
0.556100
0.544900
0.000000
0.000000
0.000000
0.000000
0.000000
0.000000
0.035000
0.533400
0.523500
0.000000
0.000000
0.542500
0.000000
0.000000
0.000000
0.000000
0.000000
0.000000
0.000000
0.534000
0.000000
0.000000
0.021400
0.000000
0.000000
0.000000
0.545100
0.000000
0.000000
0.000000
0.000000
0.213400
0.000000
0.000000
0.523300
0.000000
0.000000
0.510100
0.000000
0.000000
0.534900
0.024300
0.020500
0.508700
0.524900
0.000000
0.000000
0.000000
0.540400
0.000000
0.000000
0.000000
0.000000
0.000000
0.000000
0.000000
0.570100
0.000000
0.000000
0.526800
0.508800
0.000000
0.000000
0.000000
0.000000
0.541400
0.000000
0.000000
0.000000
0.000000
0.000000
0.000000
0.565300
0.551300
0.000000
0.535600
0.000000
0.000000
0.561000
0.534900
0.568300
0.000000
0.548200
0.000000
0.000000
0.000000
0.537600
0.541000
0.000000
0.000000
0.000000
0.529800
0.542700
0.000000
0.000000
0.000000
0.000000
0.000000
0.000000
0.000000
0.030000
0.000000
0.530400
0.000000
0.000000
0.000000
0.000000
0.000000
0.000000
0.000000
0.519400
0.000000
0.533300
0.000000
0.000000
0.000000
0.000000
0.000000
0.000000
0.547200
0.000000
0.000000
0.000000
0.000000
0.000000
0.000000
0.000000
0.000000
0.000000
0.000000
0.000000
0.000000
0.000000
0.000000
1.476300
0.000000
0.000000
0.529300
0.000000
0.000000
0.532500
0.000000
0.538600
0.000000
0.000000
0.000000
0.000000
0.000000
0.000000
0.000000
0.542400
0.000000
0.000000
0.000000
0.000000
0.543200
0.000000
0.538500
0.000000
0.000000
0.000000
0.000000
0.000000
0.000000
0.000000
0.000000
0.535000
0.000000
0.534400
0.000000
0.000000
0.533300
0.000000
0.000000
0.000000
0.524700
0.000000
0.537100
0.000000
0.531800
0.000000
0.000000
0.550400
0.000000
0.523200
0.000000
0.000000
0.028000
0.013000
0.000000
0.000000
0.000000
0.539100
0.506400
0.545200
0.541400
0.000000
0.524300
0.008900
0.526500
0.000000
0.000000
0.000000
0.000000
0.000000
0.000000
0.000000
0.534000
0.000000
0.529400
0.534700
0.000000
0.536900
0.000000
0.000000
0.000000
0.000000
0.000000
0.528300
0.000000
0.000000
0.000000
0.545500
0.000000
0.000000
0.541400
0.000000
0.000000
0.000000
0.031900
1.001400
0.000000
0.000000
0.000000
0.730000
0.235400
0.688700
0.530000
0.000000
0.000000
0.578000
0.000000
0.000000
0.000000
0.000000
0.998400
1.000200
0.293300
0.000000
0.000000
0.000000
0.000000
0.000000
0.000000
0.000000
0.000000
0.000000
0.000000
0.000000
0.000000
0.549100
0.530600
0.000000
0.000000
0.000000
0.000000
0.000000
0.000000
0.000000
0.000000
0.000000
0.000000
0.000000
0.000000
0.000000
0.000000
0.000000
0.000000
0.000000
0.999000
0.000000
0.000000
0.507300
0.000000
0.000000
0.000000
0.000000
0.000000
0.533100
0.000000
0.000000
0.533400
0.000000
0.000000
0.029400
0.534900
0.532900
0.000000
0.000000
0.000000
0.526300
0.000000
0.000000
0.000000
0.527700
0.000000
0.000000
1.000100
0.000000
0.000000
0.000000
0.000000
0.000000
0.000000
0.000000
0.000000
0.000000
0.536100
0.000000
0.000000
0.530600
0.000000
0.000000
0.508600
0.527000
0.013100
0.529500
0.019800
0.000000
0.034400
0.526900
0.000000
0.527900
0.000000
0.555700
0.000000
0.000000
0.529000
0.531300
0.000000
0.544900
0.000000
0.546700
0.000000
0.535300
0.000000
0.532400
0.000000
0.000000
0.000000
0.000000
0.545600
0.531600
0.000000
0.000000
0.000000
0.000000
0.550900
0.550300
0.000000
0.000000
0.000000
0.055800
0.000000
0.000000
0.000000
0.000000
0.000000
0.000000
0.000000
0.531000
0.000000
0.000000
0.000000
0.000000
0.000000
0.000000
0.000000
0.544000
0.542000
0.534000
0.000000
0.000000
0.540000
0.000000
0.000000
0.527100
0.015200
0.000000
0.539700
0.524700
0.000000
0.522300
0.000000
0.000000
0.000000
0.000000
0.000000
0.000000
0.555400
0.520700
0.000000
0.532900
0.530900
0.507800
0.000000
0.000000
0.000000
0.530200
0.000000
0.000000
0.536500
0.000000
0.000000
0.000000
0.510500
0.535800
0.533500
0.541400
0.534600
0.000000
0.000000
0.000000
0.534400
0.556500
0.000000
0.000000
0.000000
0.545800
0.545300
0.000000
0.000000
0.000000
0.000000
0.000000
0.000000
0.000000
0.000000
0.000000
0.000000
0.537700
0.000000
0.000000
0.000000
0.000000
21.999000
49.000800
14.003300
12.614900
26.236500
17.155000
17.190500
4.151700
11.729300
0.565600
0.534700
0.506500
0.657700
3.194700
2.158200
2.106800
0.000000
0.000000
0.541600
0.982800
0.998500
1.001400
1.000300
0.998400
0.998600
0.000000
0.559700
0.539600
0.000000
0.999400
0.000000
0.000000
0.000000
0.546200
0.000000
0.000000
0.000000
0.000000
0.000000
0.000000
0.000000
0.537800
0.000000
0.529000
0.524300
0.536300
0.000000
0.000000
0.000000
0.000000
0.000000
0.000000
0.000000
0.000000
0.548000
0.530700
0.000000
0.000000
0.000000
0.538900
0.557200
0.539800
0.000000
0.427300
0.543900
0.000000
0.000000
0.000000
0.000000
0.000000
0.000000
0.000000
1.001400
0.999800
0.000000
0.000000
0.000000
0.000000
0.000000
0.000000
0.000000
0.000000
0.000000
0.534600
0.000000
0.000000
0.535200
0.000000
0.000000
0.000000
0.000000
0.999100
0.537300
0.000000
0.000000
0.000000
0.000000
0.000000
0.000000
0.533000
0.000000
0.510800
0.000000
0.000000
0.538600
0.000000
0.000000
0.000000
0.000000
0.535600
0.000000
0.028600
0.510300
0.000000
0.000000
0.000000
0.000000
0.526000
0.507400
0.535500
0.000000
0.000000
0.000000
0.000000
0.000000
0.000000
0.000000
0.000000
0.527700
0.000000
0.000000
0.535100
0.521800
0.041800
0.000000
0.000000
0.000000
0.000000
0.000000
0.528400
0.000000
0.536900
0.000000
0.538900
0.533400
0.000000
0.000000
0.535000
0.000000
0.000000
0.000000
0.000000
0.522300
0.518900
0.000000
0.000000
0.000000
0.000000
0.000000
0.000000
0.530600
0.524400
0.000000
0.000000
0.024400
0.000000
0.530000
0.508000
0.000000
0.000000
0.528400
0.527800
0.000000
0.000000
0.000000
0.539700
0.000000
0.000000
0.000000
0.000000
0.541900
0.000000
0.541500
0.000000
0.000000
0.000000
0.000000
0.000000
0.549600
0.533100
0.000000
0.000000
0.000000
0.000000
0.527200
0.000000
0.534800
0.000000
0.507400
0.000000
0.520900
0.033900
0.540600
0.000000
0.000000
0.536200
0.015000
0.506900
0.533700
0.509800
0.000000
0.508600
0.000000
0.000000
0.533700
0.528100
0.000000
0.541500
0.027400
0.535500
0.540700
0.000000
0.000000
0.000000
0.000000
0.000000
0.550500
0.000000
0.025400
0.000000
0.000000
0.000000
0.000000
0.000000
0.015500
0.000000
0.546500
0.533900
0.536600
0.000000
0.525900
0.000000
0.000000
0.000000
0.000000
0.000000
0.563800
0.000000
0.000000
0.528800
0.537900
0.536700
0.000000
0.538500
0.000000
0.000000
0.528900
0.000000
0.000000
0.507300
0.013700
0.542300
0.000000
0.539000
0.532000
0.000000
0.000000
0.000000
0.519500
0.540400
0.013700
0.520200
0.000000
0.000000
0.000000
0.000000
0.000000
0.522700
0.000000
0.536300
0.532200
0.000000
0.000000
0.000000
0.000000
0.537200
0.000000
0.000000
0.546900
0.000000
0.000000
0.000000
0.539600
0.000000
0.000000
0.528300
0.028500
0.000000
0.032600
0.000000
0.000000
0.000000
0.530900
0.000000
0.506800
0.000000
0.028900
0.031100
0.000000
0.000000
0.505900
0.000000
0.000000
0.000000
0.032300
0.000000
0.000000
0.000000
0.000000
0.000000
0.000000
0.000000
0.538300
0.000000
0.507800
0.000000
0.000000
0.000000
0.000000
0.000000
0.521300
0.000000
0.000000
0.000000
0.000000
0.535400
0.000000
0.529600
0.524700
0.000000
0.524600
0.529900
0.531900
0.000000
0.519100
0.000000
0.000000
0.019300
0.533400
0.000000
0.000000
0.000000
0.555500
0.000000
0.000000
0.546600
0.000000
0.540900
0.537300
0.000000
0.000000
0.000000
0.030200
0.000000
0.535000
0.530400
0.525900
0.000000
0.000000
0.000000
0.508600
0.000000
0.000000
0.000000
0.000000
0.000000
0.000000
0.535200
0.533600
0.525500
0.000000
0.000000
0.525000
0.540300
0.000000
0.000000
0.525400
0.000000
0.519400
0.535300
0.000000
0.568900
0.533000
0.000000
0.000000
0.540700
0.000000
0.507300
0.521400
0.535000
0.000000
0.534800
0.000000
0.026000
0.547800
0.000000
0.545000
0.000000
0.034500
0.000000
0.000000
0.000000
0.519700
0.542100
0.530200
0.000000
0.538600
0.000000
0.000000
0.000000
0.000000
0.025900
0.000000
0.000000
0.025500
0.532600
0.000000
0.000000
0.535500
0.529000
0.000000
0.000000
0.000000
0.000000
0.533900
0.000000
0.000000
0.000000
0.000000
0.000000
0.000000
0.000000
0.000000
0.000000
0.000000
0.026400
0.522700
0.537500
0.545300
0.000000
0.000000
0.000000
0.000000
0.000000
0.539600
0.527800
0.000000
0.000000
0.000000
0.000000
0.000000
0.000000
0.000000
0.000000
0.000000
0.531100
0.000000
0.000000
0.000000
0.538500
0.000000
0.000000
0.506100
0.532100
0.506000
0.531200
0.000000
0.000000
0.000000
0.000000
0.000000
0.523300
0.000000
0.037900
0.000000
0.536100
0.000000
0.530200
0.531100
0.508900
0.524300
0.026300
0.000000
0.539800
0.519400
0.000000
0.578700
0.539700
0.000000
0.534500
0.000000
0.000000
0.000000
0.000000
0.000000
0.000000
0.532000
0.537300
0.000000
0.000000
0.000000
0.000000
0.528000
0.507200
0.000000
0.000000
0.000000
0.530600
0.538100
0.000000
0.000000
0.033200
0.000000
0.000000
0.506700
0.000000
0.521900
0.000000
0.000000
0.536200
0.531600
0.538600
0.000000
0.000000
0.000000
0.531300
0.000000
0.000000
0.000000
0.000000
0.000000
0.000000
0.534100
0.537100
0.000000
0.540000
0.000000
0.543200
0.000000
0.000000
0.000000
0.556300
0.013000
0.000000
0.000000
0.000000
0.549400
0.000000
0.543000
0.000000
0.000000
0.540000
0.000000
0.000000
0.000000
0.540200
0.537500
0.545300
0.550500
0.527900
0.000000
0.000000
0.000000
0.000000
0.537400
0.000000
0.000000
0.524100
0.000000
0.000000
0.522300
0.000000
0.000000
0.000000
0.000000
0.000000
0.000000
0.000000
0.534300
0.550700
0.000000
0.000000
0.520500
0.000000
0.540000
0.508000
0.000000
0.000000
0.000000
0.000000
0.531100
0.000000
0.532300
0.000000
0.000000
0.633100
0.602300
0.193300
0.000000
0.505700
0.000000
0.000000
0.000000
0.000000
0.532800
0.000000
0.000000
0.000000
0.000000
0.000000
0.000000
0.531500
0.000000
0.000000
0.000000
0.000000
0.013600
0.000000
0.542500
0.000000
0.536500
0.000000
0.000000
0.525300
0.000000
0.000000
0.533500
0.528200
0.000000
0.021200
0.536400
0.000000
0.536600
0.000000
0.537500
0.000000
0.565100
0.000000
0.000000
0.000000
0.000000
0.000000
0.000000
0.547000
0.507400
0.543500
0.523200
0.000000
0.000000
0.000000
0.532500
0.572600
0.000000
0.000000
0.000000
0.000000
0.536500
0.000000
0.000000
0.000000
0.000000
0.000000
0.000000
0.000000
0.000000
0.000000
0.000000
0.000000
0.000000
0.000000
0.000000
0.000000
0.000000
0.000000
0.542400
0.000000
0.000000
0.537500
0.000000
0.000000
0.000000
0.000000
0.000000
0.000000
0.000000
0.543300
0.000000
0.000000
0.000000
0.000000
0.000000
0.000000
0.000000
0.000000
0.000000
0.000000
0.000000
0.000000
0.000000
0.000000
0.000000
0.000000
0.000000
0.000000
0.000000
0.000000
0.506300
0.539500
0.000000
0.532500
0.000000
0.522900
0.000000
0.000000
0.541500
0.507300
0.000000
0.000000
0.000000
0.000000
0.000000
0.000000
0.000000
0.000000
0.000000
0.000000
0.000000
0.542000
0.000000
0.000000
0.000000
0.000000
0.545500
0.000000
0.000000
0.000000
0.000000
0.000000
0.000000
0.000000
0.000000
0.000000
0.520100
0.000000
0.000000
0.000000
0.000000
0.000000
0.557600
0.000000
0.000000
0.000000
0.520300
0.000000
0.000000
0.000000
0.000000
0.529100
0.000000
0.031700
0.000000
0.000000
0.000000
0.000000
0.000000
0.531900
0.000000
0.000000
0.000000
0.000000
0.513700
0.000000
0.000000
0.000000
0.544300
0.506900
0.536700
0.507800
0.182800
0.000000
0.000000
0.000000
0.000000
0.000000
0.000000
0.000000
0.000000
0.000000
0.000000
0.000000
0.000000
0.000000
0.000000
0.000000
0.000000
0.287400
0.000000
0.000000
0.000000
0.000000
0.000000
0.000000
0.000000
0.000000
0.000000
0.000000
0.000000
0.000000
0.543100
0.000000
0.000000
0.000000
0.000000
0.551900
0.000000
0.000000
0.255500
0.000000
0.000000
0.000000
0.000000
0.000000
0.000000
0.000000
0.000000
0.000000
0.000000
0.000000
0.000000
0.000000
0.000000
0.000000
0.000000
0.000000
0.000000
0.540800
0.548500
0.000000
0.000000
0.000000
0.000000
0.000000
0.000000
0.000000
0.000000
0.000000
0.000000
0.000000
0.000000
0.549700
0.543000
0.000000
0.998800
0.000000
0.000000
0.000000
0.000000
0.000000
0.000000
0.000000
0.000000
0.000000
0.000000
0.000000
0.000000
0.000000
0.000000
0.000000
0.000000
0.000000
0.000000
0.537100
0.000000
0.000000
0.000000
0.000000
0.000000
0.000000
0.000000
0.000000
0.527700
0.000000
0.000000
0.506000
0.000000
0.000000
0.534700
0.000000
0.000000
0.531600
0.535900
0.000000
0.000000
0.000000
0.546000
0.000000
0.000000
0.000000
0.539800
0.000000
0.536600
0.000000
0.000000
0.000000
0.564400
0.524800
0.509300
0.535900
0.551600
0.000000
0.000000
0.000000
0.506600
0.537000
0.529300
0.000000
0.000000
0.029900
0.548400
0.626100
0.000000
0.000000
0.000000
0.000000
0.533000
0.000000
0.063000
0.000000
0.557000
0.000000
0.000000
0.537200
0.000000
0.000000
0.000000
0.000000
0.530600
0.000000
1.175800
0.037900
0.543400
0.704400
0.000000
0.000000
0.000000
0.523700
0.000000
0.000000
0.534600
0.571200
0.000000
0.525800
0.507000
0.525100
0.000000
0.000000
0.000000
0.000000
0.000000
0.000000
0.000000
0.000000
0.000000
0.000000
0.000000
0.524100
0.000000
0.000000
0.000000
0.000000
0.000000
0.000000
0.000000
0.000000
0.000000
0.000000
0.991300
0.000000
0.000000
0.000000
0.000000
0.000000
0.000000
0.000000
0.000000
0.000000
0.000000
0.527200
0.536700
0.000000
0.000000
0.000000
0.532500
0.000000
0.000000
0.000000
0.546600
0.000000
0.000000
0.000000
0.000000
0.000000
0.000000
0.534700
0.000000
0.000000
0.000000
0.536300
0.000000
0.000000
0.000000
0.000000
0.000000
0.541900
0.000000
0.538000
0.019800
0.000000
0.000000
0.036800
0.512300
0.000000
0.551100
0.000000
0.000000
0.000000
0.000000
0.536600
0.523500
0.537600
0.000000
0.000000
0.000000
0.506000
0.000000
0.000000
0.023600
0.000000
0.000000
0.000000
0.014400
0.000000
0.070600
0.028800
0.546100
0.533900
0.526600
0.000000
0.508000
0.567100
0.000000
0.534500
0.000000
0.000000
0.000000
0.037200
0.031600
0.000000
0.543400
0.000000
0.000000
0.000000
0.507000
0.550200
0.000000
0.000000
0.000000
0.000000
0.537000
0.548100
0.041100
0.000000
0.534100
0.000000
0.000000
0.000000
0.000000
0.000000
0.000000
0.532000
0.509600
0.000000
0.000000
0.533100
0.000000
0.000000
0.000000
0.000000
0.000000
0.000000
0.000000
0.000000
0.000000
0.000000
0.000000
0.000000
0.000000
0.000000
0.000000
0.000000
0.000000
0.000000
0.698400
0.000000
0.000000
0.000000
0.000000
0.000000
0.000000
0.000000
0.000000
0.000000
0.000000
0.000000
0.000000
0.000000
0.000000
0.000000
0.000000
0.000000
0.280000
0.000000
0.000000
0.000000
0.544900
0.000000
0.000000
0.000000
0.000000
0.000000
0.508300
0.000000
0.164100
0.000000
0.538200
0.000000
0.000000
5.617200
1.097900
5.494500
0.000000
2.120900
0.000000
0.000000
0.526400
0.000000
0.000000
0.000000
0.000000
0.000000
0.000000
0.000000
0.000000
0.000000
0.000000
0.000000
0.507100
0.000000
0.000000
0.000000
0.000000
0.000000
0.000000
0.000000
0.533500
0.000000
0.000000
0.000000
0.057400
0.524400
0.534500
0.000000
0.000000
0.000000
0.000000
0.000000
0.510100
0.000000
0.000000
0.000000
0.000000
0.000000
0.016700
0.000000
0.000000
0.540100
0.537500
0.000000
0.000000
0.000000
0.000000
0.524900
0.000000
0.506800
0.000000
0.536400
0.018500
0.000000
0.000000
0.000000
0.000000
0.523200
0.000000
0.000000
0.554000
0.544900
0.000000
0.000000
0.542200
0.000000
0.543600
0.000000
0.000000
0.520000
0.000000
0.529600
0.548500
0.000000
0.534500
0.000000
0.000000
0.532600
0.000000
0.000000
0.000000
0.541700
0.000000
0.523400
0.000000
0.532200
0.000000
0.000000
0.000000
0.000000
0.000000
0.000000
0.000000
0.000000
0.000000
0.000000
0.000000
0.000000
0.000000
0.000000
0.000000
0.000000
0.000000
0.000000
0.000000
0.000000
0.000000
0.000000
0.000000
0.000000
0.000000
0.000000
0.000000
0.000000
0.000000
0.000000
0.997800
0.000000
0.000000
0.000000
0.000000
0.549400
0.533200
0.522900
0.000000
0.000000
0.000000
0.000000
0.528000
0.000000
0.533100
0.000000
0.000000
0.000000
0.523700
0.541500
0.529300
0.000000
0.000000
0.000000
0.000000
0.000000
0.000000
0.538500
0.000000
0.000000
0.000000
0.538000
0.536000
0.530600
0.535300
0.000000
0.533300
0.000000
0.000000
0.522800
0.000000
0.000000
0.000000
0.530800
0.000000
0.000000
0.000000
0.537000
0.000000
0.507200
0.509600
0.000000
0.000000
0.536200
0.000000
0.000000
0.000000
0.000000
0.000000
0.000000
0.000000
0.000000
0.000000
0.000000
0.000000
0.535300
0.000000
0.550300
0.000000
0.000000
0.000000
0.525900
0.000000
0.000000
0.556400
0.000000
0.000000
0.000000
0.542300
0.534300
0.526500
0.000000
0.000000
0.000000
0.000000
0.000000
0.000000
0.000000
0.000000
0.000000
0.000000
0.000000
0.000000
0.000000
0.000000
0.000000
0.000000
0.000000
0.000000
0.535600
0.000000
0.000000
0.529800
0.506300
0.000000
0.000000
0.000000
0.528100
0.000000
0.018500
0.000000
0.000000
0.000000
0.000000
0.000000
0.000000
0.000000
0.000000
0.000000
0.000000
0.526800
0.000000
0.540800
0.000000
0.000000
0.000000
0.536300
0.554600
2.088900
0.000000
0.542500
0.000000
0.000000
0.032200
0.000000
0.000000
0.000000
0.000000
0.000000
0.000000
0.000000
0.000000
0.000000
0.000000
0.000000
0.000000
0.000000
0.000000
0.000000
0.000000
0.000000
0.000000
0.000000
0.000000
0.000000
0.000000
0.000000
0.000000
0.000000
0.000000
0.000000
0.000000
1.003300
0.539700
0.531700
0.000000
0.000000
0.000000
0.000000
0.000000
0.000000
0.000000
0.000000
0.024100
0.525700
0.507400
0.535200
0.000000
0.000000
0.000000
0.000000
0.000000
0.535800
0.000000
0.529700
0.000000
0.000000
0.591200
0.000000
0.000000
0.523800
0.506100
0.000000
0.000000
0.000000
0.000000
0.000000
0.553100
0.539300
0.000000
0.000000
0.000000
0.541600
0.539500
0.551800
0.528800
0.000000
0.521700
0.000000
0.531700
0.000000
0.000000
0.000000
0.000000
0.000000
0.549000
0.020300
0.529200
0.547700
0.000000
0.000000
0.000000
0.025400
0.000000
0.000000
0.000000
0.000000
0.000000
0.529000
0.000000
0.529400
0.000000
0.535900
0.000000
0.507200
0.505600
0.508900
0.532100
0.507700
0.000000
0.000000
0.000000
0.000000
0.535800
0.000000
0.000000
0.522400
0.541300
0.000000
0.537500
0.000000
0.000000
0.508700
0.000000
0.000000
0.538600
0.000000
0.000000
0.531500
0.525300
0.507300
0.000000
0.536300
0.533600
0.000000
0.000000
0.000000
0.507500
0.522100
0.000000
0.000000
0.000000
0.000000
0.000000
0.000000
0.000000
0.021500
0.019200
0.000000
0.000000
0.042900
0.000000
0.000000
0.546100
0.545300
0.000000
0.000000
0.509700
0.555000
0.000000
0.545700
0.000000
0.000000
0.000000
0.539700
0.506400
0.000000
0.536700
0.530700
0.000000
0.542500
0.000000
0.000000
0.000000
0.000000
0.000000
0.030600
0.000000
0.000000
0.000000
0.000000
0.000000
0.023000
0.000000
0.541700
0.000000
0.000000
0.505900
0.000000
0.026100
0.000000
0.530600
0.000000
0.000000
0.000000
0.000000
0.548900
0.000000
0.000000
0.000000
0.000000
0.000000
0.000000
0.000000
0.000000
0.000000
0.000000
0.000000
0.000000
0.000000
0.000000
0.000000
0.000000
0.000000
0.000000
0.000000
0.000000
0.524500
0.000000
0.282400
0.000000
0.507000
0.000000
0.000000
0.000000
0.000000
0.000000
0.000000
0.000000
0.000000
0.000000
0.000000
0.000000
0.000000
0.000000
0.000000
0.000000
0.000000
0.000000
0.000000
0.000000
0.000000
0.000000
0.000000
0.000000
0.000000
0.000000
0.571100
0.539900
0.532900
0.537000
0.000000
0.000000
0.043100
0.000000
0.000000
0.000000
0.000000
0.000000
0.000000
0.000000
0.000000
0.000000
0.535300
0.000000
0.009700
0.036100
0.000000
0.000000
0.000000
0.000000
0.553400
0.000000
0.000000
0.534200
0.000000
0.000000
0.543500
0.000000
0.000000
0.000000
0.000000
0.000000
0.000000
0.000000
0.000000
0.000000
0.543200
0.000000
0.000000
0.036700
0.534800
0.000000
0.000000
0.529700
0.000000
0.000000
0.000000
0.000000
0.000000
0.000000
0.534900
0.000000
0.000000
0.550400
0.536600
0.000000
0.000000
0.547500
0.535300
0.000000
0.000000
0.520500
0.000000
0.000000
0.000000
0.000000
0.000000
0.000000
0.000000
0.000000
0.000000
0.507000
0.531400
0.027200
0.000000
0.542100
0.526900
0.000000
0.537100
0.540600
0.000000
0.000000
0.542500
3.147200
0.549400
0.000000
11.517500
29.575900
11.096900
32.557300
32.557300
32.315200
27.314800
8.059000
3.629600
4.319400
4.005900
4.345800
6.511500
0.531900
0.000000
0.526200
0.000000
0.548800
6.829300
0.000000
0.570400
0.000000
0.000000
0.000000
0.538600
1.000000
0.000000
0.000000
0.000000
0.000000
0.000000
0.000000
1.000800
0.000000
0.000000
0.000000
0.000000
0.000000
0.000000
0.000000
0.508600
0.000000
0.000000
0.000000
0.000000
0.000000
0.000000
0.000000
0.000000
0.000000
0.000000
0.000000
0.000000
0.000000
0.000000
0.000000
0.536400
0.000000
0.000000
0.000000
0.000000
0.000000
0.000000
0.000000
0.000000
0.000000
0.000000
0.000000
0.000000
0.000000
0.000000
0.506600
0.027400
0.022300
0.000000
0.000000
0.544000
0.534500
0.000000
0.000000
0.555900
0.000000
0.000000
0.541800
0.000000
0.000000
0.523500
0.000000
0.535000
0.000000
0.000000
0.000000
0.506500
0.043300
0.539500
0.601200
0.000000
0.000000
0.534400
0.528400
0.000000
0.000000
0.531400
0.000000
0.000000
0.000000
0.000000
0.000000
0.000000
0.000000
0.000000
0.000000
0.000000
0.000000
0.000000
0.000000
0.000000
0.000000
0.000000
0.526400
0.000000
0.000000
0.000000
0.508500
1.019800
0.000000
0.000000
0.000000
0.000000
0.000000
0.000000
0.000000
0.000000
0.000000
0.000000
0.000000
0.000000
0.000000
0.000000
0.000000
0.535800
0.000000
0.000000
0.000000
0.000000
0.030900
0.000000
0.000000
0.000000
0.563600
0.000000
0.029100
0.510100
0.000000
0.000000
0.000000
0.530400
0.000000
0.558100
0.000000
0.000000
0.000000
0.000000
0.000000
0.535400
0.525200
0.529100
0.000000
0.000000
0.543900
0.000000
0.000000
0.000000
0.542300
0.000000
0.532200
0.000000
0.000000
0.000000
0.525100
0.000000
0.000000
0.000000
0.000000
0.000000
0.008800
0.000000
0.000000
0.000000
0.998900
0.000000
0.000000
0.000000
0.000000
0.000000
0.520100
0.000000
0.000000
0.000000
0.000000
0.551200
0.000000
0.000000
0.000000
0.000000
0.000000
0.000000
0.000000
0.000000
0.000000
0.000000
0.000000
0.000000
0.000000
0.000000
0.000000
0.000000
0.539100
0.538200
0.000000
0.533600
0.000000
0.534400
0.522700
0.031400
0.000000
0.541500
0.000000
0.000000
0.000000
0.000000
0.527200
0.537700
0.000000
0.000000
0.543100
0.000000
0.000000
0.000000
0.000000
0.000000
0.025600
0.000000
0.000000
0.000000
0.539800
0.000000
0.533600
0.000000
0.526800
0.000000
0.531900
0.000000
0.000000
0.505800
0.000000
0.538700
0.000000
0.506800
0.000000
0.000000
0.000000
0.000000
0.029900
0.000000
0.554700
0.035200
0.531400
0.000000
0.507600
0.000000
0.000000
0.000000
0.541500
0.530300
0.541400
0.000000
0.000000
0.510900
0.000000
0.546600
0.000000
0.507100
0.016400
0.530300
0.557100
0.000000
0.571800
0.000000
0.000000
0.000000
0.000000
0.000000
0.000000
0.541700
0.000000
0.023700
0.530600
0.538000
0.506100
0.000000
0.000000
0.000000
1.002100
0.000000
0.535700
0.000000
0.000000
0.531600
0.552100
0.000000
0.534900
0.000000
0.548500
0.529100
0.000000
0.000000
0.000000
0.000000
0.000000
0.537600
0.000000
0.025600
0.000000
0.000000
0.000000
0.000000
0.029900
0.000000
0.000000
0.000000
0.000000
0.000000
0.000000
0.000000
0.000000
0.000000
0.000000
0.000000
0.028900
0.000000
0.000000
0.000000
0.530700
0.000000
0.000000
0.534500
0.000000
0.548000
0.000000
0.000000
0.533700
0.543000
0.000000
0.376000
0.509900
0.557900
0.508400
0.000000
0.998600
0.000000
0.000000
0.000000
0.000000
0.000000
0.000000
0.000000
0.000000
0.000000
0.000000
0.000000
0.000000
0.000000
0.000000
0.000000
0.000000
0.000000
0.000000
0.000000
0.000000
0.000000
0.000000
0.000000
0.000000
0.000000
0.000000
0.000000
0.000000
0.520100
0.000000
0.000000
0.000000
0.000000
0.000000
0.543100
0.000000
0.540600
0.000000
0.000000
0.000000
0.000000
0.000000
0.000000
0.000000
0.000000
0.000000
0.000000
0.000000
0.000000
0.000000
0.000000
0.000000
0.000000
0.000000
0.000000
0.528700
0.000000
0.532200
0.000000
0.532400
0.000000
0.533200
0.000000
0.000000
0.542700
0.024500
0.543600
0.000000
0.525700
0.532100
0.540500
0.024700
0.530800
0.000000
0.525700
0.545500
0.538800
0.542500
0.000000
0.000000
0.000000
0.540100
0.029000
0.534400
0.000000
0.000000
0.549900
0.513200
0.545900
0.544600
0.000000
1.000700
0.000000
0.000000
0.000000
0.042800
0.000000
0.000000
0.000000
0.000000
0.543600
0.000000
0.032500
0.508000
0.548400
0.543900
0.000000
0.000000
0.000000
0.000000
0.000000
0.525300
0.000000
0.000000
0.000000
0.000000
0.529800
0.530800
0.000000
0.000000
0.000000
0.000000
0.000000
0.575300
0.000000
0.542700
0.535400
0.000000
0.000000
0.000000
0.524500
0.533300
0.000000
0.000000
0.000000
0.562300
0.511200
6.003000
4.873700
0.544200
5.767200
0.529700
0.000000
0.000000
0.696200
0.536700
0.527400
0.000000
0.559500
0.530800
0.997500
0.000000
0.000000
0.000000
0.000000
0.000000
0.000000
0.000000
0.000000
0.000000
0.000000
0.000000
0.000000
0.000000
0.000000
0.000000
0.750400
0.023200
0.541800
0.000000
0.000000
0.530500
0.000000
0.508900
0.000000
0.016600
0.523900
0.513200
0.000000
0.536500
0.000000
0.540500
0.532000
0.000000
0.000000
0.026000
0.551000
0.000000
0.000000
0.553300
0.020500
0.000000
0.000000
0.520900
0.538500
0.000000
0.000000
0.000000
0.000000
0.000000
0.526300
0.536700
0.000000
0.000000
0.000000
0.035500
0.547700
0.000000
0.549500
0.000000
0.000000
0.540700
0.000000
0.000000
0.534200
0.000000
0.000000
0.540600
0.532000
0.000000
0.000000
0.000000
0.526600
0.000000
0.000000
0.000000
0.000000
0.000000
0.000000
0.000000
0.000000
0.000000
0.000000
0.000000
0.000000
0.000000
0.000000
0.000000
0.000000
0.000000
0.000000
0.000000
0.000000
0.000000
0.000000
0.000000
0.000000
0.000000
0.000000
0.000000
0.000000
0.000000
0.000000
0.000000
0.000000
0.538000
0.000000
0.530800
0.534800
0.531600
0.532700
0.000000
0.533700
0.509300
0.524400
0.025400
0.000000
0.535500
0.000000
0.000000
0.000000
0.000000
0.024900
0.000000
0.000000
0.534800
0.529700
0.000000
0.030000
0.000000
0.000000
0.000000
0.543800
0.000000
0.000000
0.000000
0.000000
0.000000
0.000000
0.000000
0.000000
0.000000
0.016100
0.000000
0.543400
0.000000
0.532600
0.532600
0.000000
0.543600
0.000000
0.000000
0.511400
0.524600
0.000000
0.000000
0.000000
0.000000
0.000000
0.530800
0.000000
0.000000
0.000000
0.000000
0.000000
0.543800
0.537900
0.000000
0.523900
0.000000
0.000000
0.000000
0.000000
0.000000
0.000000
0.000000
0.533600
0.000000
0.024600
0.539000
0.526900
0.552200
0.000000
0.000000
0.000000
0.000000
0.000000
0.535800
0.508600
0.531400
0.000000
0.000000
0.000000
0.000000
0.529400
0.000000
0.529300
0.000000
0.000000
0.534700
0.527900
0.000000
0.000000
0.000000
0.530900
0.000000
0.545300
0.000000
0.023500
0.536200
0.000000
0.000000
0.000000
0.000000
0.000000
0.000000
0.000000
0.532400
0.000000
0.525300
0.536200
0.547100
0.536100
0.528900
0.000000
0.000000
0.551300
0.000000
0.530500
0.000000
0.525700
0.524200
0.029800
0.000000
0.000000
0.547000
0.000000
0.000000
0.000000
0.000000
0.531900
0.000000
0.000000
0.000000
0.000000
0.525500
0.520500
0.525500
0.000000
0.000000
0.533600
0.000000
0.525600
0.526100
0.000000
0.000000
0.000000
0.000000
0.527300
0.545300
0.000000
0.533800
0.524600
0.523400
0.000000
0.000000
0.000000
0.524700
0.000000
0.000000
0.538500
0.000000
0.525000
0.000000
0.000000
0.000000
0.000000
0.528500
0.538600
0.000000
0.519800
0.000000
0.000000
0.032300
0.506400
0.546900
0.532700
0.546500
0.536300
0.565400
0.000000
0.000000
0.000000
0.537200
0.015800
0.024200
0.000000
0.000000
0.542000
0.000000
0.000000
0.530900
0.537600
0.000000
0.000000
0.000000
0.528200
0.031800
0.000000
0.000000
0.000000
0.000000
0.000000
0.000000
0.000000
0.544400
0.000000
0.544200
0.000000
0.000000
0.000000
0.022700
0.000000
0.000000
0.000000
0.000000
0.000000
0.000000
0.000000
0.000000
0.000000
0.506900
0.543800
0.506000
0.543400
0.533100
0.000000
0.535800
0.000000
0.000000
0.526400
0.000000
0.000000
0.000000
0.000000
0.000000
0.000000
0.000000
0.164300
0.542600
0.524600
0.000000
0.000000
0.541400
0.507700
0.547400
0.539300
0.000000
0.000000
0.548200
0.000000
0.000000
0.000000
0.000000
0.000000
0.000000
0.000000
0.000000
0.000000
0.000000
0.000000
0.539100
56.555200
48.083400
38.064900
75.554400
32.999800
54.063600
59.067200
15.999900
17.217700
34.433200
18.382200
25.792000
6.717300
3.303000
5.988300
0.000000
0.000000
0.000000
0.545500
0.554700
0.655100
0.585200
0.000000
0.000000
1.938500
0.556600
0.609900
0.533600
0.000000
0.000000
0.000000
0.000000
0.522800
0.000000
0.000000
0.000000
0.000000
0.000000
0.000000
0.000000
0.000000
0.537100
0.000000
0.000000
0.000000
0.000000
0.000000
0.000000
0.000000
0.000000
0.000000
0.000000
0.000000
0.000000
0.000000
0.000000
0.000000
0.000000
0.000000
0.000000
0.000000
0.000000
0.000000
0.506100
0.000000
0.000000
0.000000
0.000000
0.536000
0.529800
0.000000
0.540000
0.000000
0.000000
0.029200
0.000000
0.000000
0.508300
0.539900
0.000000
0.544700
0.543800
0.963900
1.119200
0.542500
0.000000
0.000000
0.000000
0.360100
0.000000
0.000000
0.000000
0.000000
0.000000
0.527000
0.000000
0.000000
0.000000
0.000000
0.000000
0.000000
0.000000
0.000000
0.000000
0.000000
0.000000
0.000000
0.000000
0.000000
0.000000
0.000000
0.000000
0.000000
0.000000
0.000000
0.000000
0.000000
0.000000
0.000000
0.000000
0.000000
0.000000
0.562900
0.000000
0.000000
0.000000
0.000000
0.000000
0.000000
0.000000
0.000000
0.000000
0.000000
0.000000
0.000000
0.000000
0.000000
0.000000
0.000000
0.541800
0.000000
0.000000
0.000000
0.000000
0.000000
0.000000
0.391600
0.000000
0.000000
0.000000
0.000000
0.000000
0.000000
0.000000
0.000000
0.000000
0.000000
0.000000
0.000000
0.000000
0.000000
0.000000
0.000000
0.561100
0.000000
0.532200
0.000000
0.000000
0.000000
0.000000
0.000000
0.000000
0.998900
0.000000
0.000000
0.997900
0.000000
0.000000
0.000000
0.000000
0.000000
0.000000
0.000000
0.000000
0.249000
0.000000
0.000000
0.297600
0.000000
0.000000
0.000000
0.000000
0.000000
0.000000
0.000000
0.000000
0.000000
0.000000
0.000000
0.000000
0.000000
0.539200
0.542900
0.000000
0.000000
0.522000
0.000000
0.000000
0.000000
0.000000
0.563200
0.000000
0.000000
0.000000
0.000000
0.000000
0.000000
0.546900
0.032600
0.000000
0.508300
0.000000
0.000000
0.000000
0.536600
0.554100
0.000000
0.000000
0.000000
0.000000
0.000000
0.554100
0.000000
0.000000
0.000000
0.000000
0.000000
0.546100
0.000000
0.000000
0.000000
0.000000
0.000000
0.000000
0.532000
0.000000
0.000000
0.000000
0.000000
0.611400
0.000000
0.000000
0.000000
0.000000
0.509000
0.507700
0.523400
2.691200
0.000000
0.000000
0.538800
0.000000
0.536100
0.000000
0.000000
0.508200
0.000000
0.000000
0.000000
0.000000
0.000000
0.534200
0.000000
0.000000
0.532700
0.000000
0.530900
0.000000
0.000000
0.000000
0.508200
0.000000
0.000000
0.000000
0.000000
0.000000
0.524600
0.543400
0.000000
0.000000
0.000000
0.000000
0.563100
0.000000
0.982800
0.892300
1.436300
5.483800
0.656600
1.045200
0.000000
0.000000
0.000000
0.000000
0.000000
0.000000
0.526100
0.000000
0.000000
0.000000
0.000000
0.000000
0.000000
0.000000
1.001800
0.000000
0.000000
0.000000
0.000000
0.621400
0.508300
0.000000
0.510500
0.000000
0.000000
0.535800
0.000000
0.532500
0.000000
0.000000
0.000000
0.529200
0.000000
0.000000
0.537200
0.000000
0.505800
0.000000
0.523400
0.000000
0.000000
0.000000
0.000000
0.509100
0.025900
0.000000
0.000000
0.000000
0.000000
0.532800
0.000000
0.000000
0.000000
0.519700
0.536700
0.000000
0.000000
0.000000
0.000000
0.541800
0.000000
0.535700
0.000000
0.521100
0.000000
0.000000
0.029300
0.520700
0.000000
0.000000
0.000000
0.000000
0.000000
0.000000
0.000000
0.000000
0.000000
0.508000
0.000000
0.000000
1.002100
0.000000
0.533900
0.000000
0.035500
0.000000
0.000000
0.000000
0.000000
0.529200
0.000000
0.000000
0.023500
0.511000
0.000000
0.000000
0.000000
0.000000
0.043600
0.000000
0.538600
0.000000
0.000000
0.000000
0.000000
0.000000
0.514000
0.000000
0.000000
0.533200
0.530900
0.000000
0.000000
0.000000
0.530800
0.551200
0.000000
0.000000
0.532900
0.539500
0.000000
0.000000
0.000000
0.510100
0.000000
0.000000
0.536500
0.544600
0.555000
0.000000
0.542300
0.000000
0.000000
0.000000
0.000000
0.000000
0.000000
0.000000
0.000000
0.000000
0.000000
0.533200
0.000000
0.505900
0.527100
0.000000
0.000000
0.000000
0.000000
0.000000
0.506700
0.000000
0.000000
0.534700
0.000000
0.000000
0.000000
0.000000
0.000000
0.000000
0.532200
0.532200
0.541700
0.000000
0.000000
0.531700
0.000000
0.530000
0.000000
0.000000
0.000000
0.000000
0.530600
0.000000
0.556100
0.000000
0.000000
0.031500
0.000000
0.530400
0.000000
0.000000
0.079100
0.000000
0.000000
0.530600
0.534500
0.000000
0.000000
0.531200
0.528700
0.539600
0.535200
0.000000
0.000000
0.000000
0.537700
0.000000
0.000000
0.000000
0.000000
0.000000
0.000000
0.000000
0.000000
0.530500
0.000000
0.533100
0.000000
0.000000
0.000000
0.000000
0.000000
0.611700
0.532100
0.000000
0.000000
0.539700
0.537900
0.550200
0.000000
0.000000
0.508500
0.000000
0.543900
0.533600
0.000000
0.000000
0.535000
0.000000
0.541400
0.538500
0.631600
0.029400
0.000000
0.000000
0.000000
0.000000
0.000000
0.000000
1.254100
1.316200
0.653800
0.921200
0.510400
0.525600
0.000000
0.000000
0.000000
0.016800
0.000000
0.000000
0.000000
0.526200
0.000000
0.538000
0.000000
0.569900
0.729500
0.000000
0.510900
0.000000
0.000000
0.000000
0.000000
0.547600
0.000000
0.548400
0.536800
0.000000
0.000000
0.000000
0.533500
0.529700
0.000000
0.000000
0.000000
0.000000
0.000000
0.523000
0.000000
0.000000
0.000000
0.546700
0.533100
0.000000
0.000000
0.000000
0.000000
0.540600
0.000000
0.000000
0.535600
0.000000
0.000000
0.000000
0.000000
0.024700
0.575400
0.000000
0.000000
0.000000
0.000000
0.000000
0.000000
0.509100
0.000000
0.000000
0.000000
0.000000
0.000000
0.000000
0.000000
0.000000
0.535500
0.000000
1.002200
0.000000
0.000000
0.528500
0.000000
0.000000
0.000000
0.000000
0.522800
0.000000
0.000000
0.000000
0.000000
0.000000
0.000000
0.599200
0.540100
0.000000
0.000000
0.550300
0.000000
0.000000
0.542700
0.547400
0.029100
0.000000
0.548400
0.000000
0.531000
0.000000
0.000000
0.535900
0.000000
0.000000
0.000000
0.000000
0.000000
0.000000
0.000000
0.000000
0.000000
1.051600
0.798400
0.508300
0.000000
0.257600
3.520100
0.533900
0.000000
0.000000
0.000000
0.000000
0.000000
0.507000
0.000000
0.000000
0.000000
0.000000
0.000000
0.000000
0.000000
0.000000
0.048200
0.000000
0.000000
0.000000
0.000000
0.000000
0.000000
0.000000
0.000000
0.000000
0.000000
0.000000
0.000000
0.000000
0.000000
0.000000
0.531500
0.000000
0.000000
1.000200
0.000000
0.000000
0.000000
0.000000
0.000000
0.000000
0.999400
0.000000
0.000000
0.000000
0.000000
0.000000
0.000000
0.000000
0.000000
0.000000
0.000000
0.000000
0.000000
0.000000
0.000000
0.000000
0.000000
0.000000
0.000000
0.000000
0.998700
0.509500
0.000000
0.000000
0.000000
0.986300
0.000000
0.000000
0.000000
0.538500
0.000000
0.529500
0.000000
0.000000
0.506700
0.000000
0.000000
0.000000
0.535700
0.000000
0.000000
0.000000
0.533600
0.034300
0.000000
0.000000
0.000000
0.000000
0.999900
0.000000
0.000000
0.000000
0.630400
0.000000
0.000000
0.000000
0.556000
0.539200
0.000000
0.000000
0.000000
0.000000
0.000000
0.523700
0.542800
0.000000
0.508700
0.535000
0.534800
0.000000
0.529400
0.533300
0.000000
0.532400
0.536200
0.523800
0.000000
0.000000
0.000000
0.999200
1.001100
0.000000
0.000000
0.000000
0.000000
0.016500
0.000000
0.508100
0.031900
0.000000
0.000000
0.000000
0.000000
0.000000
0.539200
0.000000
0.542800
0.000000
0.000000
0.539500
0.533000
0.000000
0.531300
0.529200
0.000000
0.000000
0.000000
0.000000
0.000000
0.000000
0.543200
0.000000
0.000000
0.602500
0.563500
0.000000
0.552900
0.000000
0.000000
0.523600
0.000000
0.000000
0.000000
0.000000
0.000000
0.000000
0.000000
0.000000
0.000000
0.000000
0.000000
0.000000
0.000000
0.000000
0.000000
0.000000
0.000000
0.000000
0.000000
0.000000
0.000000
0.998500
0.000000
0.000000
0.508200
0.000000
0.011100
0.000000
0.000000
0.000000
0.000000
0.000000
0.510900
0.000000
0.536800
0.000000
0.000000
0.535300
0.000000
0.118500
0.000000
0.547400
0.000000
0.000000
0.539600
0.541200
0.547800
0.000000
0.506600
0.000000
0.000000
0.636300
0.572300
0.000000
0.546100
0.000000
0.000000
0.540900
0.000000
0.000000
0.000000
0.000000
0.000000
0.000000
0.543100
0.000000
0.000000
0.000000
0.000000
0.000000
0.000000
0.542300
0.000000
0.000000
0.000000
0.000000
0.000000
0.562600
0.546400
0.000000
0.000000
0.000000
0.000000
0.000000
0.000000
0.000000
0.000000
0.000000
0.532900
0.000000
0.533200
0.000000
0.039200
0.000000
0.000000
0.510900
0.000000
0.000000
0.000000
0.851300
0.094900
0.536000
0.374900
0.247300
0.232900
0.536100
0.000000
0.000000
0.000000
0.000000
0.000000
0.000000
0.000000
0.000000
0.000000
0.000000
0.000000
0.000000
0.000000
0.000000
0.000000
0.000000
0.000000
0.000000
0.509300
0.000000
0.000000
0.000000
0.000000
0.508000
0.000000
0.000000
0.534600
0.000000
1.094600
0.530600
0.506900
0.547400
0.000000
1.074200
0.000000
0.538200
0.024700
0.000000
0.000000
0.000000
0.000000
0.533700
0.535600
0.000000
0.998700
0.000000
0.000000
0.563100
0.000000
0.530900
0.000000
0.033400
0.000000
0.000000
0.000000
0.537300
0.000000
0.000000
0.000000
0.536500
0.000000
0.000000
0.000000
0.529900
0.531100
0.000000
0.000000
0.000000
0.000000
0.532400
0.000000
0.000000
0.000000
0.000000
0.534300
0.531900
0.000000
0.000000
0.543200
0.000000
0.537200
0.000000
0.000000
0.000000
0.027100
0.520700
0.529800
0.000000
0.540200
0.000000
0.531700
0.521700
0.000000
0.033100
0.000000
0.000000
0.561800
0.000000
0.000000
0.000000
0.000000
0.000000
0.000000
0.000000
0.000000
0.000000
0.000000
0.000000
0.535900
0.539500
0.000000
0.547800
0.000000
0.000000
0.000000
0.000000
0.529700
0.526200
0.531800
0.000000
0.000000
0.000000
0.000000
0.528800
0.573400
0.050200
0.541200
0.020000
0.523000
0.528300
0.000000
0.000000
0.529300
0.545700
0.000000
0.000000
0.000000
0.534300
0.000000
0.000000
0.000000
0.000000
0.000000
0.000000
0.549200
0.000000
0.000000
0.000000
0.527000
0.000000
0.524300
0.000000
0.000000
0.000000
0.000000
0.000000
0.000000
0.542300
0.000000
0.000000
0.000000
0.000000
0.000000
0.034200
0.000000
0.000000
0.000000
0.000000
0.000000
0.000000
0.529100
0.000000
0.531200
0.000000
0.000000
0.000000
0.000000
0.537900
0.000000
0.000000
0.000000
0.000000
0.000000
0.000000
0.000000
0.000000
0.533500
0.000000
0.000000
0.000000
0.000000
0.000000
0.550200
0.000000
0.000000
0.535300
0.000000
0.537300
0.000000
0.000000
0.000000
0.000000
0.535000
0.000000
0.000000
0.000000
0.530300
0.000000
0.000000
0.000000
0.000000
0.000000
0.000000
0.000000
0.122600
0.529600
0.000000
0.000000
0.000000
0.000000
0.000000
0.538800
0.537700
0.000000
0.000000
0.000000
0.532400
0.000000
0.000000
0.000000
0.000000
0.024700
0.000000
0.534000
0.000000
0.000000
0.000000
0.000000
0.000000
0.040900
0.000000
0.000000
0.536500
0.540100
0.535500
0.000000
0.000000
0.540200
0.000000
0.534000
0.000000
0.025500
0.535400
0.000000
0.000000
0.000000
0.544800
0.000000
0.000000
0.000000
0.529700
0.023200
0.000000
0.000000
0.531200
0.529400
0.000000
0.538400
0.000000
0.000000
0.000000
0.000000
0.519600
0.000000
0.000000
0.508500
0.543200
0.523500
0.000000
0.000000
0.549000
0.000000
0.000000
0.000000
0.026500
0.520500
0.000000
0.000000
0.000000
0.000000
0.000000
0.000000
0.523600
0.031000
0.000000
0.000000
0.000000
0.000000
0.508400
0.000000
0.000000
0.000000
0.553400
0.533300
0.537700
0.561900
0.532400
0.000000
0.633400
0.534600
0.526000
0.997800
0.000000
0.993500
0.000000
0.000000
0.000000
0.000000
0.537200
0.000000
0.532000
0.000000
0.529400
0.533200
0.000000
0.022800
0.000000
0.538800
0.000000
0.000000
0.000000
0.000000
0.533000
0.000000
0.000000
0.537000
0.000000
0.000000
0.000000
0.539100
0.000000
0.546400
0.523000
0.000000
0.524600
0.000000
0.506900
0.507300
0.000000
0.000000
0.000000
0.000000
0.000000
0.000000
0.000000
0.000000
0.000000
0.000000
0.523300
0.527100
0.000000
0.034800
0.000000
0.000000
0.545400
0.000000
0.000000
0.000000
0.000000
0.529400
0.510600
0.000000
0.000000
0.000000
0.031700
0.000000
0.000000
0.000000
0.525300
0.000000
0.000000
0.000000
0.000000
0.530100
0.000000
0.028700
1.091700
0.545100
0.000000
0.000000
0.000000
0.534400
0.507300
0.562200
0.000000
0.000000
0.000000
0.000000
0.000000
0.000000
0.042400
0.000000
0.534400
0.547800
0.000000
0.506900
0.000000
0.000000
0.530800
0.067000
0.525300
0.509400
0.000000
0.018500
0.559700
0.000000
0.527500
0.000000
0.000000
0.000000
0.000000
0.000000
0.000000
0.532700
0.000000
0.000000
0.000000
0.000000
0.536000
0.000000
0.000000
0.000000
0.506800
0.000000
0.000000
0.000000
0.541400
0.000000
0.000000
0.000000
0.000000
0.000000
0.000000
0.000000
0.000000
0.000000
0.000000
0.000000
0.000000
0.529000
0.508000
0.000000
0.000000
0.000000
0.542200
0.000000
0.000000
0.000000
0.534000
0.000000
0.000000
0.000000
0.000000
0.000000
0.000000
0.000000
0.000000
0.000000
0.532000
0.000000
0.000000
0.534500
0.000000
0.000000
0.000000
0.539800
0.540500
0.547000
0.000000
0.000000
0.000000
0.534700
0.651600
0.000000
0.000000
0.000000
0.000000
0.000000
0.547500
0.000000
0.534000
0.000000
0.000000
0.000000
0.026700
0.544800
0.521900
0.523900
0.000000
0.000000
0.549100
0.527600
0.673400
0.000000
0.000000
0.543000
0.000000
0.000000
0.539300
0.000000
0.000000
0.000000
0.000000
0.000000
0.000000
0.000000
0.000000
0.000000
0.000000
0.000000
0.540400
0.000000
0.000000
0.000000
0.000000
0.991100
0.000000
0.000000
0.000000
0.547300
0.000000
0.000000
0.000000
0.000000
0.000000
0.000000
0.560900
0.530700
0.000000
0.000000
0.000000
0.000000
0.535600
0.000000
0.000000
0.551400
0.000000
0.531100
0.000000
0.522700
0.000000
0.544400
0.000000
0.000000
0.000000
0.000000
0.000000
0.000000
0.000000
0.536900
0.000000
0.000000
0.000000
0.000000
0.521400
0.000000
0.511100
0.000000
0.000000
0.000000
0.000000
0.539500
0.000000
0.540000
0.000000
0.000000
0.000000
0.529900
0.000000
0.000000
0.000000
0.522600
0.000000
0.000000
0.531700
0.000000
0.000000
0.014900
0.535900
0.000000
0.529900
0.536600
0.000000
0.521100
0.548600
0.000000
0.000000
0.000000
0.000000
0.538000
0.000000
0.000000
0.000000
0.000000
0.000000
0.000000
0.019400
0.000000
0.000000
0.000000
0.000000
0.552700
0.000000
0.580800
0.000000
0.000000
0.530100
0.000000
0.000000
0.000000
0.000000
0.000000
0.000000
0.000000
0.546400
0.000000
0.000000
0.000000
0.000000
0.000000
0.000000
0.000000
0.000000
0.000000
0.523600
0.000000
0.000000
0.000000
0.028400
0.000000
0.533500
0.000000
0.000000
0.018100
0.000000
0.000000
0.000000
0.000000
0.000000
0.000000
0.000000
0.505600
0.000000
0.000000
0.000000
0.000000
0.000000
0.000000
0.000000
0.000000
0.000000
0.000000
0.508500
0.000000
0.533500
0.000000
0.529300
0.000000
0.529800
0.000000
0.000000
0.518300
0.000000
0.000000
0.000000
0.000000
0.000000
0.531900
0.537800
0.000000
0.025600
0.000000
0.000000
0.531700
0.528700
0.000000
0.000000
0.000000
0.000000
0.528700
0.000000
0.000000
0.540300
0.538300
0.000000
0.539000
0.000000
0.505900
0.000000
0.521300
0.000000
0.520400
0.000000
0.000000
0.522000
0.000000
0.000000
0.546100
0.000000
0.000000
0.538500
0.000000
0.000000
0.536100
0.535200
0.000000
0.000000
0.000000
0.000000
0.542800
0.000000
0.549800
0.000000
0.542800
0.000000
0.000000
0.000000
0.000000
0.543800
0.541900
0.000000
0.028100
0.000000
0.027500
0.000000
0.539000
0.538700
0.538400
0.541400
0.533000
0.000000
0.541700
0.015100
0.524200
0.507200
0.000000
0.000000
0.000000
0.000000
0.000000
0.000000
0.000000
0.000000
0.543300
0.000000
0.000000
0.000000
0.000000
0.000000
0.000000
0.509400
0.000000
0.000000
0.000000
0.000000
0.000000
0.000000
0.000000
0.000000
0.000000
0.000000
0.527200
0.538300
0.538200
0.000000
0.540500
0.533800
0.534100
0.000000
0.530500
0.533500
0.000000
0.000000
0.000000
0.537700
0.000000
0.000000
0.526800
0.000000
0.000000
0.583200
0.000000
0.550500
0.511400
0.542400
0.552300
0.000000
0.000000
0.000000
0.000000
0.000000
0.526900
0.000000
0.537800
0.554500
0.537600
0.000000
0.000000
0.000000
0.538000
0.534500
0.531200
0.000000
0.000000
0.000000
0.000000
0.000000
0.532800
0.550000
0.535300
0.000000
0.000000
0.000000
0.528200
0.032200
0.536000
0.532000
0.542600
0.000000
0.000000
0.000000
0.000000
0.000000
0.000000
0.527000
0.557500
0.016400
0.000000
0.556600
0.000000
0.000000
0.505500
0.000000
0.552300
0.000000
0.505700
0.542600
0.544700
0.000000
0.070200
0.000000
0.509200
0.524400
0.521400
0.000000
0.536800
0.000000
0.000000
0.561900
0.000000
0.000000
0.000000
0.000000
0.000000
0.549500
0.525600
0.000000
0.000000
0.540000
0.000000
0.030400
0.534600
0.519100
0.000000
0.000000
0.539100
0.000000
0.000000
0.532800
0.537500
0.000000
0.000000
0.000000
0.000000
0.000000
0.000000
0.000000
0.522900
0.000000
0.000000
0.000000
0.000000
0.000000
0.543200
0.000000
0.522600
0.507300
0.533400
0.000000
0.000000
0.526200
0.000000
0.000000
0.000000
0.000000
0.000000
0.000000
0.000000
0.027900
0.000000
0.000000
0.000000
0.000000
0.540000
0.000000
0.000000
0.000000
0.000000
0.000000
0.000000
0.000000
0.000000
0.000000
0.000000
0.000000
0.000000
0.000000
0.000000
0.000000
0.000000
0.000000
0.000000
0.000000
0.000000
0.000000
0.000000
0.000000
0.000000
0.000000
0.000000
0.509500
0.000000
0.000000
0.000000
0.000000
0.000000
0.000000
0.000000
0.000000
0.000000
0.000000
0.000000
0.000000
0.000000
0.000000
0.000000
0.000000
0.533100
0.000000
0.000000
0.000000
0.000000
0.000000
0.000000
0.000000
0.000000
0.000000
0.000000
0.000000
0.284500
0.000000
0.000000
0.000000
0.000000
0.000000
0.000000
0.539400
0.000000
0.000000
0.000000
0.000000
0.000000
0.000000
0.000000
0.000000
0.000000
0.000000
0.000000
0.000000
0.000000
0.000000
0.000000
0.000000
0.000000
0.000000
0.000000
0.000000
0.000000
0.000000
0.000000
0.538000
0.510000
0.000000
0.000000
0.000000
0.000000
0.533300
0.000000
0.000000
0.000000
0.544400
0.532400
0.000000
0.000000
0.000000
0.000000
0.509900
0.000000
0.000000
0.000000
0.557900
0.000000
0.547400
0.538500
0.554000
0.000000
0.000000
0.000000
0.547100
0.531900
0.000000
0.538800
0.000000
0.000000
0.000000
0.000000
0.000000
0.000000
0.532400
0.000000
0.000000
0.000000
0.000000
0.000000
0.000000
0.000000
0.030100
0.535000
0.000000
0.000000
0.539800
0.000000
0.000000
0.000000
0.000000
0.000000
0.000000
0.778600
0.554800
0.646400
0.000000
0.000000
0.000000
0.000000
0.534300
1.869200
0.000000
0.000000
0.535000
0.539100
0.000000
0.539800
0.000000
0.000000
0.000000
0.546500
0.000000
0.532100
0.542600
0.000000
0.000000
0.000000
0.057600
0.000000
0.000000
0.000000
0.990500
0.546200
0.000000
0.000000
0.535800
0.000000
0.523400
0.523000
0.000000
0.000000
0.000000
0.000000
0.000000
0.509700
0.587500
0.560600
0.528500
0.000000
0.000000
0.000000
0.552400
0.029800
0.538000
0.540800
0.539500
0.000000
0.000000
0.530200
0.000000
0.000000
0.508000
0.000000
0.539400
0.510800
0.000000
0.534000
0.000000
0.000000
0.000000
0.000000
0.000000
0.000000
0.000000
0.000000
0.542400
0.536900
0.000000
0.000000
0.542900
0.000000
0.000000
0.000000
0.000000
0.000000
0.035800
0.000000
0.000000
0.000000
0.000000
0.000000
0.000000
0.000000
0.000000
0.000000
0.000000
0.000000
0.000000
0.000000
0.000000
0.000000
0.000000
0.000000
0.000000
0.000000
0.000000
0.000000
0.000000
0.530700
0.000000
0.537500
0.505600
0.024300
0.018500
0.000000
0.563200
0.543600
0.000000
0.000000
0.000000
0.000000
0.521300
0.000000
0.000000
0.000000
0.000000
0.000000
0.000000
0.000000
0.524000
0.000000
0.543300
0.000000
0.000000
0.000000
0.000000
0.028600
0.026500
0.000000
0.000000
0.000000
0.000000
0.000000
0.000000
0.000000
0.549300
0.000000
0.541500
0.544100
0.000000
0.537700
0.000000
0.000000
0.530800
0.035400
0.000000
0.000000
0.000000
0.559000
0.000000
0.546100
0.000000
0.047100
0.000000
0.000000
0.000000
0.000000
0.000000
0.000000
0.540300
0.000000
0.000000
0.000000
0.000000
0.523000
0.000000
0.541300
0.000000
0.000000
0.000000
0.000000
0.000000
0.000000
0.000000
0.000000
0.000000
0.000000
0.000000
0.000000
0.000000
0.000000
0.000000
0.000000
0.000000
0.556300
0.506300
0.000000
0.535300
0.530300
0.540100
0.000000
0.000000
0.000000
0.000000
0.000000
0.544600
0.537900
0.000000
0.000000
0.000000
0.000000
0.538600
0.560700
0.000000
0.000000
0.519900
0.000000
0.000000
0.000000
0.000000
0.000000
0.000000
0.000000
0.542000
0.053000
0.000000
0.000000
0.578200
0.000000
0.000000
0.543800
0.525500
0.000000
0.533700
0.536500
0.000000
0.000000
0.000000
0.000000
0.000000
0.000000
0.000000
0.000000
0.000000
0.000000
0.000000
0.000000
0.000000
0.000000
0.000000
0.526600
0.000000
0.528200
0.509000
0.000000
0.000000
0.529300
0.000000
0.536600
0.000000
0.539100
0.000000
0.000000
0.000000
0.000000
0.523000
0.000000
0.000000
0.000000
0.506200
0.526700
0.027300
0.533300
0.521400
0.000000
0.000000
0.000000
0.529400
0.000000
0.539800
0.000000
0.000000
0.534600
0.000000
0.530100
0.000000
0.000000
0.521600
0.521900
0.000000
0.535900
0.546600
0.000000
0.541000
0.000000
0.031000
0.566800
0.013900
0.533100
0.000000
0.000000
0.016900
0.000000
0.000000
0.000000
0.538400
0.000000
0.000000
0.000000
0.000000
0.000000
0.544400
0.000000
0.000000
0.027700
0.033700
0.000000
0.000000
0.000000
0.534800
0.532400
0.000000
0.000000
0.000000
0.000000
0.000000
0.000000
0.000000
0.545700
0.000000
0.000000
0.556000
0.000000
0.529000
0.523500
0.000000
0.000000
0.530200
0.000000
0.000000
0.000000
0.000000
0.000000
0.000000
0.531000
0.000000
0.524000
0.535000
0.535000
0.531400
0.000000
0.528200
0.000000
0.000000
0.000000
0.528900
0.000000
0.533200
0.544200
0.528400
0.000000
0.000000
0.000000
0.000000
0.000000
0.000000
0.000000
0.000000
0.539200
0.000000
0.530000
0.000000
0.000000
0.523800
0.000000
0.000000
0.000000
0.528000
0.000000
0.000000
0.000000
0.000000
0.546800
0.000000
0.000000
0.000000
0.000000
0.000000
0.000000
0.000000
0.523700
0.000000
0.026600
0.000000
0.000000
0.000000
0.524800
0.508600
0.546800
0.000000
0.000000
0.531000
0.000000
0.000000
0.000000
0.000000
0.000000
0.534100
0.522000
0.000000
0.000000
0.000000
0.000000
0.000000
0.000000
0.000000
0.000000
0.000000
0.000000
0.000000
0.000000
0.567000
0.000000
0.528500
0.000000
0.530800
0.506100
0.000000
0.508600
0.000000
0.000000
0.000000
0.000000
0.000000
0.000000
0.000000
0.000000
0.000000
0.000000
0.000000
0.000000
0.000000
0.000000
0.000000
0.529800
0.000000
0.000000
0.000000
0.000000
0.000000
0.525900
0.000000
0.000000
0.562500
0.000000
0.000000
0.000000
0.041300
0.000000
0.535700
0.097400
0.000000
0.000000
0.000000
0.000000
0.000000
0.000000
0.000000
0.000000
0.000000
0.000000
0.000000
0.000000
0.000000
0.000000
0.000000
0.000000
0.000000
0.000000
0.000000
0.000000
0.000000
0.000000
0.000000
0.000000
0.554200
0.000000
0.000000
39.999900
18.473100
17.960800
33.000100
35.999900
21.002400
18.722100
2.258800
0.000000
0.536200
0.000000
0.608600
0.562900
4.397100
0.531100
0.452100
0.000000
0.543700
0.000000
0.000000
1.004900
0.000000
0.000000
0.000000
0.000000
0.000000
0.534200
0.000000
0.000000
0.000000
0.548600
0.000000
0.539300
0.000000
0.000000
0.000000
0.541200
0.000000
0.000000
0.000000
0.000000
0.000000
0.551400
0.000000
0.000000
0.794000
0.040200
0.000000
0.538800
0.000000
1.077000
0.829900
1.094400
0.073700
0.605600
0.000000
0.548700
0.000000
0.548400
0.000000
0.543900
0.000000
0.526000
0.508100
0.546000
0.573300
0.532700
0.507100
0.522500
0.550300
0.000000
0.606900
0.000000
0.562800
0.000000
0.604900
0.507700
0.000000
0.538900
0.636100
0.525400
1.001100
0.984500
0.000000
0.000000
0.000000
0.999900
0.000000
1.001800
0.000000
0.000000
0.000000
0.000000
0.000000
0.000000
0.522400
0.000000
4.817900
7.065000
0.561900
0.372300
0.542800
0.000000
0.000000
0.535300
0.543400
0.522000
1.969200
0.563800
0.000000
0.000000
0.000000
0.000000
0.602300
0.014600
1.068600
0.000000
0.000000
0.000000
0.000000
0.000000
0.000000
0.000000
0.543000
0.546400
0.000000
0.000000
0.000000
1.000200
0.000000
1.000000
0.000000
0.000000
0.000000
0.521700
0.560000
0.884800
0.147400
1.000200
4.518900
3.126700
0.587700
1.165100
0.149700
0.659100
4.981900
1.181700
4.065300
5.161200
0.582800
0.568900
1.644800
2.553600
2.328000
1.917800
0.547300
0.509000
0.136100
0.000000
0.000000
0.523600
1.385600
1.253100
1.462100
2.921900
0.164400
0.000000
3.051400
1.478500
0.558800
0.000000
0.000000
0.000000
0.521700
0.000000
0.000000
0.575800
0.000000
0.533300
0.000000
0.530400
1.300500
0.541000
0.576700
0.537800
0.646300
0.000000
0.565300
0.545300
0.621000
1.000800
0.928500
0.000000
1.997500
4.135900
13.320300
14.747700
0.549400
2.828100
0.984600
0.615900
0.013000
0.524700
0.522500
0.000000
0.000000
0.000000
1.000900
1.000500
0.998700
0.000000
1.000500
0.000000
0.000000
0.999700
0.998300
0.000000
0.999300
0.997600
0.999000
0.000000
0.000000
0.547500
0.000000
0.000000
0.000000
0.537000
0.530100
0.000000
0.528000
0.000000
1.003000
0.999200
0.000000
0.539200
0.547700
0.525600
1.000700
1.002900
0.000000
0.531000
0.530600
0.536400
0.512000
0.000000
0.000000
0.000000
0.000000
0.548700
0.554100
0.896400
0.509200
0.781700
0.509500
0.508200
0.000000
0.625900
0.546100
0.660000
0.000000
0.000000
0.537600
0.744100
0.591800
0.807100
0.862800
1.169100
0.567800
0.000000
0.752700
0.530000
0.000000
0.000000
0.546400
0.624900
0.000000
0.585400
1.201400
2.524000
0.614600
0.540100
3.558400
1.123500
3.519800
1.668100
0.195400
0.957600
0.640200
0.508900
1.712500
0.000000
0.540000
0.000000
0.507500
2.043200
0.000000
0.000000
0.000000
1.000900
0.996700
1.227000
0.000000
0.000000
0.000000
0.000000
0.000000
0.998800
1.001600
0.000000
0.000000
0.000000
1.000200
0.000000
0.000000
1.001200
0.584400
0.550000
0.000000
0.000000
0.999500
0.000000
0.000000
0.000000
1.000900
1.001700
0.000000
0.541000
0.000000
0.545800
0.533900
0.000000
0.000000
0.536200
1.317300
2.517300
5.189200
0.000000
0.553900
0.000000
0.000000
0.636500
0.761300
0.000000
0.538000
0.542300
0.533100
0.000000
0.528800
0.046600
0.000000
0.000000
0.509800
0.000000
0.508000
1.520500
0.547000
0.000000
0.000000
0.000000
0.000000
0.510300
0.543500
0.536900
1.110600
0.538500
0.000000
0.000000
0.000000
0.022600
0.000000
0.540500
0.000000
0.000000
0.000000
0.558300
0.000000
0.000000
0.225100
0.000000
0.000000
0.551100
0.000000
0.000000
0.000000
0.000000
0.000000
0.000000
0.000000
0.000000
0.000000
0.000000
0.000000
0.000000
0.000000
0.000000
0.000000
0.000000
0.000000
0.000000
0.000000
0.000000
0.000000
0.000000
0.000000
0.000000
0.000000
0.000000
0.000000
0.000000
0.000000
0.000000
0.000000
0.000000
0.000000
0.000000
0.000000
0.175900
0.000000
0.000000
0.000000
0.000000
0.000000
0.000000
0.000000
0.000000
0.998800
0.000000
1.001000
0.385200
0.000000
0.519900
0.000000
0.185400
0.000000
0.508400
0.000000
0.509000
0.509500
0.666100
1.143200
0.645300
0.606600
0.534100
0.584700
0.094500
0.690300
0.508600
0.828700
0.533600
0.510000
1.180100
0.000000
0.024700
0.000000
0.533200
0.000000
0.000000
0.000000
0.000000
0.000000
0.000000
0.538600
0.000000
0.530700
0.000000
0.000000
0.508000
0.535100
0.000000
0.000000
0.000000
0.000000
0.000000
0.000000
0.531400
0.013000
0.525300
0.000000
0.000000
0.000000
0.000000
0.000000
0.000000
0.540800
0.527300
0.000000
0.000000
0.532600
0.536400
0.033600
0.000000
0.538400
0.000000
0.509000
0.000000
0.530600
0.000000
0.000000
0.000000
0.000000
0.000000
0.030700
0.524800
0.000000
0.569000
0.000000
0.000000
0.510600
0.000000
0.538000
0.000000
0.000000
0.544200
0.031900
0.000000
0.000000
0.000000
0.544800
0.048900
0.544100
0.540100
0.000000
0.532500
0.531100
0.556000
0.000000
0.000000
0.531200
0.000000
0.537600
0.000000
0.000000
0.000000
0.000000
0.633700
0.574400
0.000000
0.000000
0.000000
0.000000
0.000000
0.000000
0.000000
0.000000
0.000000
0.000000
0.000000
0.000000
0.000000
0.000000
0.531000
0.000000
0.000000
0.000000
0.530000
0.000000
0.000000
0.000000
0.000000
0.000000
0.000000
0.000000
0.000000
0.000000
0.000000
0.000000
0.000000
0.000000
0.000000
0.000000
0.000000
0.000000
0.000000
0.000000
0.000000
0.000000
0.000000
0.000000
0.000000
0.000000
0.000000
0.000000
0.000000
0.000000
0.000000
0.000000
0.000000
0.000000
0.000000
0.000000
0.000000
0.000000
0.000000
0.000000
1.000800
0.011900
0.000000
0.508300
0.000000
0.000000
0.000000
0.000000
0.000000
0.030500
0.534900
0.000000
0.000000
0.000000
0.544500
0.000000
0.510900
0.528000
0.000000
0.000000
0.000000
0.000000
0.000000
0.000000
0.000000
0.000000
0.000000
0.000000
0.000000
0.000000
0.000000
0.000000
0.000000
0.000000
0.000000
0.000000
0.000000
0.532500
0.000000
0.000000
0.543800
0.000000
0.000000
0.000000
0.000000
0.537100
0.000000
0.529300
0.531600
0.000000
0.000000
0.000000
0.000000
0.000000
0.000000
0.000000
0.531800
0.000000
0.507300
0.000000
0.538000
0.542900
0.000000
0.534100
0.527600
0.000000
0.000000
0.000000
0.542800
0.000000
0.000000
0.000000
0.000000
0.523600
0.000000
0.000000
0.000000
0.000000
0.000000
1.052100
0.000000
0.000000
0.000000
0.000000
0.530900
0.000000
0.543500
0.528500
0.000000
0.013900
0.000000
0.000000
0.000000
0.000000
0.000000
0.548600
0.000000
0.000000
0.000000
0.539300
0.000000
0.000000
0.000000
0.000000
0.538400
0.000000
0.508000
0.529700
0.000000
0.000000
0.000000
0.528300
0.000000
0.000000
0.000000
0.532100
0.000000
0.029500
0.000000
0.506500
0.000000
0.000000
0.000000
0.000000
0.522800
0.508200
0.544900
0.000000
0.000000
0.000000
0.000000
0.026100
0.000000
0.000000
0.508300
0.538100
0.547300
0.000000
0.000000
0.000000
0.532200
0.000000
0.531700
0.535200
0.026600
0.518300
0.000000
0.536100
0.000000
0.000000
0.000000
0.508900
0.000000
0.000000
0.000000
0.015900
0.000000
0.000000
0.000000
0.000000
0.525400
0.000000
0.000000
0.537600
0.000000
0.613300
0.000000
0.000000
0.538700
0.000000
0.000000
0.000000
0.000000
0.000000
0.000000
0.507700
0.000000
0.000000
0.533000
0.542600
0.547200
0.000000
0.000000
0.000000
0.000000
0.506300
0.000000
0.000000
0.000000
0.000000
0.000000
0.541600
0.000000
0.541300
0.000000
0.000000
0.000000
0.000000
0.539700
0.027700
0.000000
0.000000
0.000000
0.000000
0.000000
0.000000
0.000000
0.000000
0.000000
0.527200
0.536700
0.000000
0.547100
0.000000
0.000000
0.533500
0.000000
0.997200
0.000000
0.000000
0.000000
0.545300
0.507700
0.000000
0.000000
0.533200
0.000000
0.544600
0.000000
0.526700
0.540000
0.000000
0.574400
0.507200
0.533700
0.546400
0.527400
0.000000
0.522100
0.000000
0.000000
0.000000
0.000000
0.000000
0.000000
1.000100
0.000000
0.000000
0.000000
0.000000
0.000000
0.000000
0.000000
0.000000
0.536600
0.000000
0.000000
0.000000
0.000000
0.000000
0.000000
0.000000
0.508200
0.000000
0.542600
0.000000
0.000000
0.000000
0.534000
0.524600
0.000000
0.000000
0.000000
0.000000
0.579300
0.541900
0.000000
0.000000
0.522600
0.000000
0.000000
0.000000
0.539700
0.548700
0.505800
0.545500
0.000000
0.000000
0.000000
0.000000
0.000000
0.534200
0.030100
0.000000
0.000000
0.000000
0.000000
0.525400
0.549900
0.000000
0.000000
0.000000
0.000000
0.000000
0.000000
0.000000
0.000000
0.540800
0.000000
0.533200
0.000000
0.000000
0.000000
0.000000
0.532100
0.524500
0.000000
0.024200
0.000000
0.000000
0.000000
0.539700
0.560000
0.551500
0.000000
0.567400
0.000000
0.000000
0.000000
0.528900
0.000000
0.000000
0.000000
0.000000
0.000000
0.024000
0.525900
0.000000
0.000000
0.539300
0.000000
0.000000
0.000000
0.000000
0.540700
0.000000
0.000000
0.000000
0.000000
0.000000
0.100600
0.705800
0.000000
0.000000
0.000000
0.000000
0.000000
0.558700
0.000000
0.570900
0.000000
0.523900
0.000000
0.560700
0.000000
0.000000
0.595000
0.557300
0.574700
0.548200
0.000000
0.232400
0.546100
0.000000
0.000000
0.000000
0.541400
0.000000
0.000000
0.000000
0.548400
2.098800
0.606300
0.090900
0.638300
0.572500
1.114400
0.000000
0.000000
0.533100
0.573800
0.000000
0.581100
0.554500
0.537300
0.590400
0.663700
0.000000
0.000000
2.001700
1.001600
4.999700
1.001400
0.000000
0.648600
0.735200
0.556600
0.000000
0.543800
0.755900
1.686400
0.000000
0.548000
0.040100
0.000000
0.000000
1.052700
0.526700
0.000000
0.540200
0.000000
0.000000
0.999800
0.000000
0.000000
0.000000
0.000000
0.999600
0.000000
0.000000
1.007300
0.000000
0.000000
1.000000
0.000000
0.000000
0.000000
1.000400
0.999600
0.000000
0.000000
0.000000
0.000000
1.000100
1.001500
1.002500
0.994100
0.999300
1.000600
1.000100
