0.000000
3.696700
0.525100
0.541300
0.000000
2.718400
0.518300
0.537100
0.000000
0.542900
0.722500
0.665300
3.269500
0.000000
0.542700
0.520200
0.530700
3.336900
0.554700
0.000000
0.528600
0.548400
5.127800
0.533400
0.555600
0.527100
1.493600
0.000000
2.105100
0.600000
1.404000
1.589600
0.552300
2.770600
0.000000
0.551000
0.000000
0.544900
2.997500
0.552700
1.016800
0.000000
2.997100
0.879400
1.271800
1.036900
0.519600
0.525300
0.649900
1.201700
0.000000
4.211700
0.323500
0.529000
0.565900
0.545900
0.586400
4.056800
0.572000
0.540100
0.040300
0.621900
3.366200
0.520900
0.599200
0.530700
0.000000
0.857200
0.515900
0.000000
4.212100
0.534400
0.540800
0.000000
4.204700
0.627000
1.023100
0.687800
3.366100
0.295800
0.534600
1.072300
0.507000
0.000000
3.424300
0.419600
1.200500
1.183100
3.939800
0.388600
1.308900
1.278100
0.471500
3.180300
0.720400
0.476500
0.644400
0.531800
0.564800
4.245100
0.000000
1.216200
0.397300
0.833600
1.138200
3.216900
0.641600
0.428100
0.731700
1.220200
0.709100
0.658200
0.657400
0.978200
3.222900
0.508600
0.544100
0.527900
0.587300
3.636500
0.532100
0.664900
0.508000
0.547100
1.154400
0.638400
5.376800
0.449000
3.850500
0.517300
1.016400
1.143400
0.633000
2.645500
0.574400
1.208200
1.121000
1.225700
3.671000
0.595300
0.640200
0.749400
0.723200
0.581700
4.082900
0.484300
1.326500
1.282800
0.725000
3.244200
1.042500
1.434200
1.185500
1.151300
3.396500
0.000000
0.497100
0.528200
1.099000
0.818900
0.585300
3.196000
0.585400
0.964900
0.695700
0.979300
3.204600
0.527300
0.554400
0.587900
0.624000
3.183500
0.530800
0.506700
0.525300
0.608000
2.249800
0.522400
0.547200
1.067300
0.537000
4.908900
0.540200
0.536400
0.539100
0.557200
0.617900
0.508200
0.589300
0.000000
0.580600
3.837800
0.716500
0.588000
0.537100
0.552500
0.548900
2.932200
0.694800
0.534900
0.000000
0.000000
0.000000
0.616800
0.665800
0.696500
2.999100
0.713200
0.522200
1.226100
0.527300
4.339500
7.523500
0.000000
0.996900
0.639500
0.521900
0.546700
0.506900
3.705500
0.000000
0.000000
2.449800
0.860000
0.000000
4.301100
0.000000
0.538700
1.321300
0.000000
0.580600
4.604300
0.993800
1.000300
0.000000
0.000000
0.999800
0.541400
0.536000
4.830500
0.000000
4.841700
0.549000
0.569900
0.547000
0.538000
0.550300
4.295600
0.530500
4.717900
0.622300
0.533800
0.558400
0.529900
3.733200
0.544200
0.530500
1.144500
0.533700
0.589300
4.158900
0.832700
0.633800
1.104800
1.329400
0.543700
3.517300
1.000800
0.502200
0.749500
0.000000
3.518300
0.986400
1.203100
0.536500
0.632400
3.284700
0.529700
0.588000
0.000000
0.536900
0.533500
4.903500
1.055800
4.841500
0.534500
0.666300
0.534000
0.000000
3.584500
0.627400
0.000000
0.533100
0.535200
0.534300
2.998200
0.897100
0.997400
0.619800
0.602100
0.646100
0.647500
3.254700
0.452500
1.338200
0.335100
0.400000
1.184600
0.565100
3.920700
0.497300
1.241800
0.457400
0.549600
3.161700
0.814800
1.007700
0.508300
0.528700
4.007400
0.520100
0.542000
1.256200
0.000000
3.458200
0.542300
1.290700
1.076800
0.550000
3.316400
0.612100
1.153600
1.315200
0.537000
3.067900
0.613300
1.121800
0.415200
0.639600
2.604200
0.539700
0.520300
0.544500
0.540700
4.849600
0.546900
3.752300
0.562000
0.567300
0.000000
2.642900
0.000000
0.549600
3.202200
0.023100
0.559300
0.531400
0.546600
2.676000
0.571200
0.510800
0.000000
1.079100
3.757300
0.000000
0.579900
0.527500
0.547300
0.537200
3.197100
0.571800
0.000000
0.536400
0.526100
0.561800
0.000000
2.988300
0.998800
0.573100
0.532000
0.537000
0.556100
0.531000
3.136300
0.527300
0.528500
0.566500
0.687000
3.116500
0.522200
0.000000
0.544600
0.568100
0.518800
3.199400
0.000000
0.065500
0.610700
0.000000
0.000000
3.137500
0.000000
0.540900
0.507900
0.000000
3.148300
0.000000
0.533500
0.534500
0.537200
0.574300
3.061500
0.533200
0.536600
0.535400
0.598200
0.529000
0.000000
2.650600
0.521300
0.531100
0.523800
0.550700
2.096700
0.000000
0.626500
0.604000
0.635700
3.053900
0.536200
0.608800
0.600300
0.532400
0.529700
0.591100
0.000000
4.832700
0.549400
3.022300
0.000000
0.755500
0.616900
0.909700
3.939600
0.988300
0.653600
0.343000
0.886500
0.469500
0.534300
0.954200
0.841300
3.997900
0.594600
0.720900
0.535800
1.141300
0.537600
0.408700
3.986700
0.789800
0.000000
0.998800
0.999700
0.577100
0.818800
0.550300
0.998400
0.519300
0.732200
0.000000
0.998500
1.002800
1.000100
4.330100
0.626300
0.368800
0.501400
0.895000
0.669700
0.742300
3.509200
0.000000
1.159800
0.639800
0.613100
0.652600
3.160300
0.763300
1.137600
0.000000
0.890700
0.557400
1.997000
0.590100
1.195800
1.244500
0.558900
0.589300
4.004200
0.942100
0.846500
0.640200
0.803400
3.800200
0.655800
1.143300
1.312100
0.000000
0.602400
3.993600
0.925800
1.231300
0.533400
0.577100
1.158100
4.009600
1.100400
0.378200
0.999900
0.651300
0.000000
3.269800
0.585300
0.545900
0.000000
0.555300
1.959100
0.762000
4.157700
0.539600
0.000000
0.000000
0.753500
0.000000
0.639800
3.876300
0.557500
0.540900
0.538100
0.000000
0.521800
0.000000
0.532300
2.700500
0.000000
1.331700
0.412500
0.749300
0.353100
4.089300
0.524400
0.519600
0.553500
0.523500
0.557400
2.590800
0.508700
0.535500
0.000000
0.528000
1.159400
2.476100
0.528700
1.012100
0.539000
0.007800
1.076000
2.456400
0.484400
0.582700
0.702100
0.603300
0.660800
1.263600
0.537700
3.746200
0.000000
1.173000
0.000000
1.199300
3.464700
0.882700
0.352500
0.000000
1.231300
3.113900
0.392500
1.184900
1.298700
0.442100
3.045000
0.519500
1.324400
0.779300
0.550100
1.006600
0.543700
3.775800
0.513000
0.000000
0.536500
0.537100
3.382000
0.000000
0.000000
0.527700
0.547200
2.674100
0.000000
0.508400
0.539300
0.568800
0.576900
0.000000
0.668300
3.681200
0.569300
0.520600
0.538200
0.522700
2.589200
0.863200
0.532700
0.530900
0.000000
0.323300
0.750400
2.174500
0.716200
1.274500
0.430100
0.670400
0.583000
2.244900
0.338400
1.114300
0.854700
0.410200
0.323100
2.249700
0.320900
0.925700
0.504400
1.321600
0.659200
1.009900
3.229800
0.394500
1.177200
0.539200
0.528300
0.535500
3.328600
0.506700
0.537300
0.166500
0.000000
0.524200
0.525600
0.523000
0.537800
0.322200
0.584700
3.801900
0.000000
0.622100
0.546400
0.536800
4.327300
0.000000
0.530000
0.542200
0.548000
0.000000
4.994900
0.061000
4.451400
0.640200
0.542600
0.541900
3.403600
0.554500
0.525100
0.541700
0.548100
3.311100
0.541600
0.582800
0.000000
0.509200
3.143700
0.000000
0.547200
0.526000
0.525800
0.548500
3.193600
0.000000
0.576000
0.517400
0.554100
0.525100
3.204900
0.549500
0.535300
0.549500
0.660800
0.000000
0.577800
0.546400
3.760700
0.537200
5.835300
9.818800
0.542200
0.547500
0.641000
0.509300
0.544200
0.559400
0.533700
0.637100
0.535500
0.537300
0.000000
0.000000
1.053200
0.659300
0.676500
0.000000
0.000000
0.480600
0.531500
4.438600
0.516000
1.250000
0.788100
0.650900
3.751800
0.000000
1.000600
0.997900
0.946900
0.484500
0.770500
4.479100
0.610700
0.527800
0.671700
0.000000
3.345100
0.536500
0.575400
0.553700
0.530100
0.000000
3.697400
0.524000
0.542100
0.542600
0.000000
0.534900
5.116900
0.540900
0.580200
0.564100
0.000000
0.544800
0.569600
0.569800
3.981300
0.606300
5.432300
4.075300
0.563200
0.038100
0.622700
10.802100
14.425100
6.379800
8.466200
4.885400
8.620400
3.735000
0.000000
0.534800
0.550500
3.460500
0.619700
0.000000
0.560700
0.786600
0.540600
4.618200
0.535700
3.297600
0.632800
0.642200
0.521800
0.539200
0.531400
0.532600
4.241500
0.513000
1.001100
1.001100
0.000000
0.556100
0.539700
5.007900
0.531000
6.287900
0.594600
0.624100
5.463600
1.093800
4.141800
0.718000
3.740100
0.532200
0.640700
0.768700
1.519100
1.067400
10.177200
11.193600
0.832800
0.702600
0.559100
0.000000
0.599200
0.556800
0.560600
0.551100
0.538600
0.540300
0.540200
0.610100
4.121400
0.554600
0.541500
0.533700
0.528900
0.556400
0.557100
4.819000
0.000000
2.708000
0.818900
0.649600
0.783900
1.255400
5.021200
0.556900
0.508100
0.850800
0.538600
0.000000
0.524900
5.131100
0.539400
4.930200
0.877400
4.839700
4.940400
3.281200
0.608100
0.524200
0.438600
0.802500
0.625800
0.407300
0.640900
0.808800
1.523800
0.639000
4.307500
0.556800
6.081500
3.786500
0.643400
0.537100
0.683700
0.636800
0.793100
0.536300
4.518000
1.000600
3.998700
0.000000
1.001700
0.999100
0.000000
3.999200
0.000000
0.000000
1.001600
0.577400
0.539600
0.508600
2.727500
0.528100
0.524300
0.540300
0.545800
0.573600
0.535100
3.219700
0.544300
0.558900
0.600200
0.563100
0.029700
4.981300
0.543000
0.580600
0.525800
0.572400
2.991800
0.000000
0.525600
0.000000
0.597000
2.781400
0.000000
0.521600
0.535500
0.568600
1.541800
0.563200
1.097600
1.321700
4.757900
0.534200
1.337000
1.390000
3.128600
0.000000
1.312600
0.000000
1.277900
0.548200
0.029400
0.532000
0.779300
4.414700
0.828200
0.896400
0.944000
1.355300
0.759500
1.026700
3.204200
0.647300
1.203600
1.272100
1.011300
3.179300
0.698600
1.175800
1.307600
0.438000
1.400600
1.173300
3.996600
0.000000
5.192900
0.830400
0.510200
0.999800
1.121000
3.828000
0.328600
0.576500
0.389200
0.972500
0.500500
0.505700
3.771100
0.618600
0.383000
1.154400
1.192700
2.921800
0.465200
0.813500
0.745100
1.292400
0.187800
3.511400
0.598000
1.206000
1.114000
3.692400
0.380000
1.244600
0.581800
0.857500
0.598700
0.665800
1.176300
3.903800
0.539900
1.001200
0.525900
1.212700
3.549100
0.623700
1.193100
0.535900
1.361300
5.534300
0.641600
0.553100
2.411400
0.633600
0.562900
0.000000
0.034100
0.681000
3.402500
0.533900
0.142700
0.530600
0.537600
0.582100
3.681300
0.000000
0.000000
0.545900
0.604800
0.000000
0.612900
0.585500
0.600500
0.000000
0.378200
1.065700
3.141700
0.000000
0.554200
0.507200
4.242400
0.000000
0.544900
0.521200
0.543900
3.212100
0.000000
0.551600
0.000000
0.539100
0.532800
3.941400
0.649800
3.720000
0.588800
0.530400
0.670800
0.527600
4.067700
0.699400
0.474000
0.805300
0.960700
3.894000
0.674400
0.851000
1.354200
0.629700
0.000000
0.956500
2.528300
0.464600
0.621600
1.164900
0.388900
3.390100
0.728500
0.301700
1.202200
0.698900
3.996300
0.505300
0.000000
0.838900
0.721200
0.999600
0.902300
4.620900
0.544900
3.724900
0.547800
0.636500
0.532600
0.705500
3.146700
0.078000
0.794500
0.536700
0.622500
3.265300
0.025600
0.567100
0.523900
0.575600
0.687800
3.279700
0.514100
0.566200
1.268600
1.231900
3.010900
0.533000
0.000000
1.199900
1.007300
3.172700
0.513700
0.544600
0.982700
1.116400
1.074900
3.202700
0.546000
0.550300
0.532200
3.793600
0.552000
0.610200
0.663900
0.575400
3.173900
0.536600
0.636600
0.542200
0.000000
0.535100
3.325200
0.589700
0.544500
0.568800
0.543200
0.542900
0.539500
0.534400
0.533800
0.541400
2.197200
0.586900
0.539500
0.583300
0.530000
4.261000
0.000000
0.546200
0.537000
0.664000
0.579500
3.804000
0.617800
0.538300
0.600400
0.531800
0.000000
3.473800
0.000000
0.526400
0.543800
3.211100
0.000000
0.534800
0.642200
0.589100
3.157900
0.000000
0.530200
0.000000
0.583100
0.658500
1.127900
4.852200
0.000000
0.696300
0.022100
0.607800
0.546800
0.545800
2.641700
0.534400
0.000000
1.271300
0.548000
4.136900
0.274400
1.373700
0.695300
0.000000
3.742200
0.696300
0.411500
1.058500
0.531000
2.627400
0.000000
0.567100
0.566000
0.542300
0.508200
3.134000
0.000000
0.579500
0.506900
0.624000
3.542700
0.000000
0.705100
0.000000
0.535300
0.539400
0.574200
0.000000
3.760200
0.506900
0.551400
0.614800
0.532800
3.670500
0.524800
0.530700
0.523600
0.000000
3.192100
0.538000
0.000000
0.530100
0.719900
0.517300
0.575600
0.537200
4.484800
0.529200
0.604000
0.559700
0.533400
0.568800
0.535600
0.528600
0.598500
0.688100
3.302400
0.541600
0.559300
0.535100
0.516800
0.000000
0.663700
3.753100
0.533900
0.537400
0.595900
0.534800
0.535500
0.688100
0.539800
2.337200
1.091100
0.503900
1.142900
0.636500
3.687400
0.476300
0.559500
0.639500
0.615400
2.448200
0.544700
1.120000
0.572600
0.664200
0.442100
1.132100
0.511100
1.442700
1.185600
0.693000
0.615700
4.474000
0.531700
0.000000
0.583700
3.138800
0.874400
1.162900
0.934200
0.540300
3.835400
0.534800
1.124600
0.997000
0.860200
3.493700
1.144600
1.267100
0.541500
0.969500
0.551100
1.309600
0.529200
0.921300
0.522300
3.708500
0.000000
0.532000
0.529700
1.269100
0.558900
3.759000
0.000000
0.542200
0.030400
0.541400
0.554000
0.539500
0.666900
4.007400
0.728000
0.490200
0.632400
0.577500
4.078900
0.822200
1.000600
0.522100
1.354000
0.942900
3.152200
0.719800
0.769600
0.831900
1.107000
4.618400
2.681600
0.468400
1.264700
0.549400
0.000000
1.095900
2.392000
0.000000
1.239900
0.586800
0.530500
0.499700
3.053900
0.402000
0.803600
0.041400
1.316300
0.000000
0.747900
1.330900
0.552700
0.538500
2.576300
0.000000
0.532500
0.532600
0.527400
3.233300
0.508800
0.531900
0.519800
0.556700
2.667600
0.544700
0.540600
0.000000
0.522800
2.997900
0.480100
1.334300
1.253500
0.691900
0.519600
3.587500
0.654100
1.253600
0.844300
0.749100
0.572700
0.539300
3.931000
0.940000
0.806100
1.047900
0.000000
0.683000
3.173800
0.258900
1.154900
0.344500
0.546000
3.575100
0.000000
0.539300
0.532700
0.554200
3.606600
0.536800
0.757200
0.528100
0.535500
0.025500
2.195000
0.563100
0.000000
0.547300
0.550700
2.200100
0.523000
0.558700
0.543400
0.544800
5.326400
24.258500
6.087800
16.945300
3.769300
0.568000
1.647100
0.000000
0.531000
2.626000
0.000000
0.536400
0.522500
0.550400
3.107700
0.000000
0.616600
0.541700
0.000000
0.539700
0.516000
3.317600
0.000000
0.510900
0.587400
0.000000
3.211000
0.000000
0.540500
0.525600
0.037100
2.187700
0.536500
0.562800
0.518300
0.539800
3.183700
0.000000
0.592900
0.533800
0.549000
0.000000
3.121600
0.000000
0.588000
0.000000
0.591100
0.531800
3.786900
0.541900
0.513500
0.540200
0.032200
2.585600
0.000000
0.531900
0.526200
0.532600
2.617000
0.553600
0.530000
0.542300
0.535500
3.219700
0.000000
0.605500
0.544000
0.529200
3.276700
0.509500
0.000000
0.523200
0.540100
2.313900
0.536200
0.528700
0.508300
0.539700
0.528600
3.696100
0.525900
0.578800
0.527200
0.536200
3.195000
0.000000
0.547700
0.545300
0.517200
3.241700
0.541000
0.577400
0.528400
0.542200
3.676800
0.507300
0.541800
0.648600
0.000000
3.784400
0.000000
0.538400
0.518300
0.542900
3.075100
0.000000
0.534600
0.577400
4.553800
0.558100
0.010000
0.527300
3.157700
0.000000
0.549900
4.097100
0.725600
1.206100
1.095600
0.701700
3.509900
0.525900
1.253300
0.412800
0.595500
0.542100
0.577600
3.416400
0.844400
1.056300
0.626200
1.222200
2.888900
0.000000
0.538500
0.607400
4.161400
0.511000
0.577600
0.521700
0.574800
3.708800
0.533800
0.725200
0.000000
0.000000
0.525500
0.507400
3.625900
0.752500
0.710700
0.000000
0.588400
3.084700
0.657100
0.524900
1.163800
1.073500
3.586700
0.306800
0.534600
0.528500
1.022700
3.559400
0.633300
0.661500
1.139200
1.194500
3.636500
0.526800
0.545000
1.173300
1.041300
3.195100
0.508800
0.000000
1.142700
0.000000
2.614100
0.309700
0.909100
0.426400
1.359300
1.014400
0.606700
0.979000
0.391700
2.076700
0.450100
1.034700
1.032700
0.562600
3.152100
0.745500
1.173400
1.232900
0.424200
0.774900
4.361200
0.532900
1.254400
0.437000
1.275700
4.333800
0.582300
3.279600
0.940800
1.226500
2.944600
0.553700
0.815900
1.193200
1.195600
1.341000
3.879800
0.392400
0.713100
0.653400
3.968400
0.429900
1.309200
0.555600
0.568500
3.485100
0.553600
0.000000
0.545000
0.531300
0.527800
0.550000
0.546700
4.504100
0.000000
0.665200
1.152400
0.000000
0.886100
0.931300
0.000000
1.234300
3.575200
0.995500
0.537100
0.000000
0.000000
4.179900
0.557500
3.893500
0.000000
1.000100
0.513200
3.885900
0.535900
1.156100
1.236500
1.217000
2.998000
0.000000
0.000000
0.999300
0.532400
3.278000
0.528600
0.000000
0.569000
0.530300
2.921400
0.519200
0.529600
0.516400
0.531300
2.667900
0.516000
0.536400
0.000000
0.584600
0.921200
1.459000
2.544400
7.542600
15.062500
5.693200
0.964900
8.569800
1.293900
7.734200
9.115700
13.302500
14.199000
22.550600
12.036100
21.545100
14.435500
12.738100
10.887000
16.464000
12.575200
18.853600
8.953300
25.138000
5.715500
5.843000
5.985500
13.262700
5.134500
3.818000
4.103200
1.054600
0.562600
27.212100
27.130300
17.908400
16.444900
18.470700
8.645900
9.310600
11.697800
11.073000
1.110700
7.882700
0.028900
1.520700
4.957000
6.604100
6.604100
0.537100
0.507700
0.535300
0.525300
0.000000
0.000000
0.575800
3.240600
0.596600
0.530200
0.751100
0.542300
0.529900
0.530200
0.847100
5.086900
0.854000
0.615100
0.761500
0.733500
0.000000
0.000000
0.000000
1.000600
5.000000
1.003400
0.000000
0.000000
0.000000
0.000000
0.000000
0.000000
0.000000
2.993200
0.000000
0.000000
0.000000
0.000000
1.003700
0.000000
0.000000
0.000000
4.004100
0.000000
4.996300
5.002800
1.003300
0.000000
0.997700
0.592200
0.847000
0.414700
0.578600
0.820100
0.399800
1.188600
3.011000
1.118700
0.530000
0.466000
0.621000
0.863000
3.602700
0.523000
0.555100
1.334200
0.668400
3.011600
0.715800
0.947600
0.508600
0.636300
0.413600
0.738300
4.122600
0.291400
1.122000
0.875400
1.339800
3.297800
0.521900
0.455900
0.413200
0.526900
1.345700
0.469500
4.769700
0.735000
0.000000
0.577000
0.611300
0.718400
4.374200
0.544300
0.024200
0.539300
0.566700
0.569500
3.184600
0.000000
0.571300
0.539300
0.515000
3.574300
0.000000
0.524600
0.543600
0.517100
4.322900
0.530700
0.567400
0.674800
0.581600
0.543600
0.521000
0.524700
4.343500
0.506900
0.000000
0.552800
0.530600
0.533500
0.540100
0.642000
0.629200
3.355100
0.000000
0.550800
0.000000
3.709200
0.395500
0.771700
0.478600
0.665900
0.886300
0.593800
4.349600
0.508000
0.000000
0.780100
0.000000
0.535600
0.000000
4.276200
0.507100
0.000000
0.503800
0.000000
0.865500
0.965800
0.537600
3.996100
0.543600
0.573600
0.551000
0.055300
0.528400
3.970700
0.737600
0.780100
0.537600
0.754900
1.032100
2.668300
0.325600
0.708800
0.751600
0.508000
0.532600
4.217000
0.526900
0.531600
0.514000
3.359000
0.000000
1.127000
0.554100
1.281200
3.999300
0.742400
1.427800
0.508800
0.641200
0.569300
0.915000
0.762500
0.351500
0.271800
1.278500
0.807700
0.670100
1.259700
0.476300
0.765400
2.383700
0.621900
0.542000
3.875000
1.052500
0.591400
0.615800
0.000000
0.000000
1.053600
3.008200
1.887900
0.538000
0.542800
0.531400
0.506800
0.581900
0.531900
0.000000
2.120500
0.000000
0.813000
1.010500
0.664300
1.160300
2.891700
1.695800
1.001200
0.000000
0.000000
1.987900
2.352800
0.477500
0.375500
0.000000
0.383600
0.418700
2.681600
2.082900
0.707800
0.000000
0.525700
0.527700
2.180500
0.575100
0.000000
0.524300
0.023800
0.538600
2.167600
0.539000
0.000000
0.614400
0.533400
2.135000
1.262300
0.614100
0.539400
0.537200
2.133000
1.043400
0.529800
0.560600
0.000000
0.618400
4.305100
0.536100
1.620000
0.543000
0.682400
0.510600
0.571300
1.600600
1.568600
0.000000
0.542500
0.527400
2.276100
1.124600
0.561600
0.655400
0.660500
2.129200
0.543100
0.559000
0.568600
0.000000
0.567500
0.682700
0.523300
1.057600
0.538100
0.579200
0.000000
0.551700
0.000000
0.595300
2.142900
1.127100
0.000000
0.560600
0.517400
0.000000
2.157600
0.528000
0.315200
1.091800
0.637000
0.583400
2.378300
0.465900
1.179000
0.492000
0.534000
0.528700
2.866800
0.255000
0.991000
0.485100
0.889900
0.525700
2.453300
0.406700
0.000000
0.496200
0.610200
0.518200
0.389300
2.729700
0.554200
1.328400
1.029000
1.304100
0.000000
0.523100
0.000000
2.912200
1.370500
0.673100
0.399900
0.916000
1.331200
2.630300
1.499700
0.377500
1.203700
0.000000
2.559700
1.010400
1.187800
0.000000
2.879100
1.288800
0.981500
0.424400
0.828000
2.472800
0.380600
1.218100
1.010000
0.527400
2.993700
0.293400
1.250500
0.507900
0.000000
2.783500
0.565400
0.419500
1.104100
0.537700
3.437100
0.294100
1.270900
0.545500
0.988300
0.000000
0.535000
4.283900
0.521100
1.253900
0.531500
5.392900
0.070000
0.533300
3.692300
0.000000
0.580100
0.580900
0.000000
0.523100
0.000000
0.000000
0.604400
0.538800
0.613400
2.722400
0.000000
0.521800
0.763100
0.000000
0.712000
0.334200
3.485000
0.000000
1.276700
0.558700
0.524500
0.980600
4.301900
0.538900
3.272400
0.523000
0.535700
0.000000
0.542200
2.922000
0.000000
0.521400
1.383400
1.332300
5.637400
17.155600
1.685300
1.858000
0.524800
0.000000
11.614300
12.288400
11.811900
7.451300
2.365700
0.611400
0.545200
0.581900
3.231500
0.624200
0.532200
0.758100
3.588400
0.562900
0.433900
1.231400
0.398400
4.349000
0.761400
0.826400
0.601200
0.880100
5.940800
0.550300
3.955100
0.841100
1.215000
0.605700
0.564200
0.000000
0.641500
3.775600
0.000000
0.636900
0.553700
0.811500
0.717700
1.395100
0.525100
3.187300
0.533200
0.544200
0.000000
0.000000
0.536500
0.660600
4.477300
12.516100
8.445200
4.747000
17.932300
7.914600
16.355300
7.133100
10.712700
8.085600
5.322100
4.288400
4.628100
0.023800
3.745300
0.000000
0.539300
0.548200
0.531200
0.000000
0.563300
3.277400
0.000000
0.882400
0.000000
0.520500
0.000000
1.116500
0.773600
4.451800
0.297500
1.270800
1.308400
3.206600
0.801300
0.340600
1.130000
1.261800
3.155800
0.000000
0.603700
0.549600
0.524700
0.611500
0.064900
5.006900
0.540800
3.184600
0.534300
0.518100
0.529900
2.669100
0.556400
0.596900
0.555100
0.538600
0.569100
0.547800
2.000200
0.545100
0.000000
1.088000
0.534500
0.545700
0.547400
4.779000
0.599700
0.630300
1.071700
0.506300
4.427500
0.509200
0.630200
1.322400
1.322400
3.041700
0.796100
4.057000
1.012600
6.398400
0.534000
2.649400
0.522300
0.521700
3.991900
0.531700
0.605900
0.530100
0.541400
0.523900
3.760300
0.549400
2.196200
0.000000
0.535300
0.554700
0.531900
2.129500
0.518700
0.546500
0.688200
0.032300
0.598300
4.324700
0.529700
3.236200
0.540500
0.509400
0.568300
0.631000
4.327800
0.000000
3.182800
0.000000
0.151800
0.635200
3.227800
0.515300
0.527200
0.000000
0.609800
0.051700
3.816000
0.543200
3.782300
0.538100
0.523500
0.549100
3.276500
0.538800
0.531200
1.346900
3.227100
0.549200
0.541100
0.628600
1.472200
0.811200
0.749300
3.234800
0.686100
1.112100
0.703500
0.460400
0.604500
1.293200
0.753300
0.996200
1.249600
0.581600
0.674500
3.175100
0.434200
0.966400
0.479600
1.334800
0.507700
0.531700
4.342500
1.087100
5.944200
4.311600
0.556800
0.032000
0.000000
0.536500
3.184000
0.000000
0.566600
0.738800
0.827000
3.600700
0.907600
0.863400
0.882400
0.523100
0.682100
0.754600
0.795400
0.948900
2.410800
0.395000
1.364000
0.432800
0.000000
0.729800
0.596100
0.561600
3.528300
0.763100
1.170700
0.543700
1.240200
0.837600
0.558200
2.933000
0.464600
1.238800
1.218300
1.158900
3.211500
0.000000
1.112800
1.116900
0.464200
1.092100
0.491100
3.741700
0.542100
0.535600
0.653500
0.568100
0.506900
4.820100
0.547800
0.000000
0.548400
0.533800
0.525200
0.529600
4.350200
0.508700
0.034800
0.528200
0.753500
0.531100
0.024200
2.986500
0.527800
0.525200
0.540600
3.392800
0.548000
0.515900
0.667800
0.524400
0.000000
3.379300
0.582800
0.546900
0.215600
0.669100
0.546200
0.547500
4.367400
0.546900
2.842000
0.545400
0.579400
0.000000
0.848200
4.007400
0.457600
0.527400
1.079800
0.630900
0.557500
0.000000
3.859100
0.000000
3.129900
0.538100
0.521300
0.556900
3.857500
0.601500
0.675300
0.000000
0.506400
0.000000
0.000000
0.774600
4.126400
1.017600
1.003900
4.995700
0.537500
1.919300
7.192600
7.081000
8.306700
5.982500
0.542300
4.370400
5.006200
4.341100
0.521600
0.648100
0.024600
0.563000
0.633700
0.565300
0.605500
0.555600
4.830000
0.616800
6.394100
10.871000
5.559000
1.280900
4.847200
4.226000
0.000000
0.529300
0.555200
0.583700
1.054800
0.729900
0.014400
4.102200
0.773700
5.417300
0.570200
8.538000
7.513400
10.852000
5.474700
0.594100
2.998600
0.536500
0.000000
0.528900
0.521800
0.549300
0.000000
0.520800
3.184000
0.999400
0.541900
0.632100
0.000000
0.538100
5.640400
0.726100
1.877900
0.606200
0.599200
1.231800
0.391000
3.018800
1.356400
0.671000
0.000000
0.923500
0.000000
0.541900
1.361600
0.642900
0.568800
3.926200
0.425100
0.549800
0.546600
0.162600
1.390200
0.457200
3.998600
0.000000
0.582200
0.887000
1.149800
3.150200
0.000000
0.341800
0.526500
1.152200
3.627600
0.949300
1.235300
0.524800
1.194200
1.284800
3.475800
0.664800
0.525800
0.523700
1.084700
0.508000
0.673000
0.531900
4.246500
0.506500
0.000000
0.643600
0.761700
0.408400
1.136300
3.498000
1.055000
0.555300
0.524300
0.505400
3.258900
0.000000
0.671900
0.510000
0.555900
0.621700
0.000000
3.872800
0.578700
0.531300
0.537000
0.514600
4.997900
0.000000
2.692900
0.000000
0.535400
0.515100
3.196500
0.578100
0.578500
0.000000
0.521700
0.000000
4.294900
0.344900
0.595500
0.326800
0.460800
1.004700
3.995400
1.471100
3.754000
0.533600
0.532700
0.535800
3.293800
0.576200
0.541200
29.608300
7.859700
1.647900
2.219400
9.832700
9.266600
2.671200
0.549200
1.491400
1.037900
1.074300
0.523200
0.518400
0.624700
0.588800
0.607200
0.576600
0.543600
0.061700
0.547200
0.519000
2.549800
0.506900
0.529900
0.188200
0.000000
0.649500
3.413200
0.000000
0.559800
0.516900
0.528000
0.528400
6.410800
3.428600
0.532100
0.543500
0.541800
3.127900
0.000000
0.581400
0.534700
0.527200
2.643500
0.000000
0.550400
0.541000
0.607400
0.000000
3.186200
0.000000
0.624100
0.541500
0.536100
3.149400
0.566100
0.545300
0.036300
0.672200
0.579300
0.457700
0.833300
1.354600
0.555200
0.532700
0.000000
1.081600
4.005000
0.650600
0.999800
0.568600
0.523700
1.219400
3.435300
0.542800
0.532800
0.519400
0.552700
0.565600
3.311300
0.000000
0.554800
0.000000
0.605400
0.528600
3.348200
0.017400
0.590600
0.541200
0.548400
3.046700
0.000000
0.506700
0.000000
1.127500
3.032600
0.287800
1.321200
0.876800
1.347100
3.162100
0.527100
0.501100
0.000000
0.979200
2.686300
0.000000
0.530800
0.000000
0.000000
3.028500
0.000000
0.624300
0.000000
0.539500
0.530700
0.000000
2.121400
0.000000
1.013600
0.540600
0.871500
0.446000
0.997200
3.379100
0.373400
0.368200
0.527100
0.681100
0.713100
2.623200
0.782500
0.319800
0.839900
0.674600
0.000000
3.587400
0.446600
0.000000
0.741400
0.493500
0.816000
4.361900
0.000000
1.292800
0.626200
1.108200
3.185200
0.532400
0.000000
0.557100
0.584100
3.714700
0.000000
0.534200
0.577400
0.695500
0.000000
0.517100
0.000000
4.620600
0.541000
0.625900
0.541800
0.000000
0.550100
0.000000
3.080600
0.000000
0.545800
0.644700
0.608100
3.216600
0.000000
0.642800
0.549400
0.533100
0.535200
3.225400
0.000000
0.540000
0.568900
0.654700
4.568500
0.532400
4.338500
0.615800
0.634100
0.654100
2.813400
0.000000
0.534400
0.619000
0.550700
2.900400
0.541100
0.000000
1.040300
0.542300
0.535500
4.258400
0.000000
0.508000
0.561500
0.538500
0.527900
3.176200
0.000000
0.000000
0.546300
0.515900
2.709600
0.016200
0.000000
0.544200
0.535000
3.558900
0.516800
0.533800
0.000000
0.539400
0.599600
3.204500
0.000000
0.531300
0.525800
0.513400
3.191300
0.000000
0.534100
0.532800
0.568400
2.643600
0.000000
0.000000
0.593700
0.563500
0.000000
0.539000
2.323500
0.541200
0.652700
0.542500
0.529200
0.000000
0.524400
0.618700
3.452900
0.000000
0.531700
0.505800
0.569300
0.597000
3.029400
0.567700
0.509200
0.538000
1.000000
3.172600
0.525800
0.518100
0.814600
3.957200
0.524500
0.490400
2.708600
0.794000
1.154000
1.290900
1.203700
5.640300
0.538100
0.000000
0.539900
0.532500
3.662700
0.562800
0.574700
0.523100
0.585300
0.000000
3.023200
0.532100
0.000000
0.548100
3.299200
0.000000
0.639700
0.551900
0.528500
0.663600
3.426500
0.000000
0.546900
0.624700
0.553300
0.568100
0.000000
0.607800
0.610100
0.532100
2.671800
0.000000
0.562400
0.589600
0.690000
3.112100
0.535900
0.541600
0.519400
0.000000
0.591200
0.525000
2.949800
0.000000
0.657300
0.000000
0.669500
0.552200
3.310400
0.538200
0.606100
0.617900
0.538800
0.558500
0.000000
3.419800
0.000000
0.613500
0.548200
0.614900
0.537300
2.095600
0.000000
0.000000
0.000000
3.202900
0.000000
0.542700
0.000000
0.000000
0.535700
3.234600
0.000000
0.027500
0.142700
0.516600
2.251700
0.552100
0.581100
0.547300
0.538200
2.545600
0.000000
0.535700
0.529600
0.635500
2.440000
0.000000
0.041100
0.531700
0.000000
0.529200
3.145600
0.000000
0.535900
0.538500
0.540100
0.723300
3.178400
0.530600
0.000000
0.533500
0.512100
2.683600
0.000000
0.557200
0.606600
0.560700
3.742700
0.540500
0.591700
0.539400
0.533300
3.082700
0.531300
0.517100
0.540400
0.000000
1.119400
0.586300
3.163400
0.000000
0.000000
0.594000
0.538300
3.167600
0.000000
0.579700
0.533000
0.000000
0.604700
3.129400
0.508700
0.547800
0.582700
0.532700
3.162700
0.000000
0.521600
0.595900
0.513900
3.220000
0.538500
0.000000
0.000000
0.625700
0.591400
0.538100
2.713300
0.000000
0.601000
0.578400
0.533500
0.000000
2.802800
0.000000
0.535900
0.552900
0.506700
0.571500
4.293000
0.000000
0.591400
0.785200
0.629600
3.180400
0.000000
0.548800
0.555400
0.978600
3.143200
0.517200
0.626700
0.607200
0.529400
3.170100
0.575200
0.756900
0.634600
3.666900
0.000000
0.524700
0.000000
0.621900
0.000000
3.223700
0.000000
0.634700
0.598500
0.526900
0.544700
3.129000
0.000000
0.000000
0.562800
0.544200
1.260700
0.000000
3.804000
0.527200
0.530500
0.522800
0.000000
0.523700
0.965100
1.149700
3.816300
0.538600
0.367000
0.682900
2.088400
0.552900
0.539700
0.531200
0.522400
0.562100
3.248500
0.000000
0.000000
0.539400
0.511000
0.590300
2.490600
0.557800
0.532900
0.629900
0.746400
2.664700
0.579700
0.000000
0.540400
0.564400
2.863300
0.546200
0.536700
0.000000
0.613200
3.134400
0.520300
0.532200
0.528100
0.580000
3.083700
0.000000
0.523700
0.586200
0.536800
3.118400
0.000000
0.567800
0.531400
0.000000
2.876800
0.524800
0.536000
0.526500
0.589400
0.639300
0.530200
3.998200
0.533300
0.000000
0.870200
0.665000
3.720900
0.041000
0.541400
0.687700
0.832700
0.439800
3.500500
0.545100
0.544700
0.770400
1.424700
0.329900
2.614600
0.599200
0.455100
0.457200
1.168500
2.661000
0.018300
1.144400
0.418500
1.316300
3.253000
0.858700
0.906100
0.429700
0.820200
0.792800
3.739100
0.696100
0.368200
1.246500
1.224300
3.163600
0.620600
0.341000
1.267200
1.111500
3.274500
0.493100
1.165000
0.418800
0.362800
0.875300
3.493100
0.544500
1.216000
1.251700
0.546700
0.483100
5.826100
0.582600
0.410500
0.000000
0.620800
0.000000
1.233800
3.595600
0.557300
1.342000
0.035900
3.447100
0.531200
1.274600
1.086500
1.397700
0.421400
3.754000
0.440200
0.317600
0.669800
0.392200
0.853800
3.448300
0.519800
1.145900
0.618500
0.552200
3.046700
0.909000
1.245100
1.193700
0.000000
3.676700
0.475200
0.376600
1.268300
0.814500
0.778700
0.725100
4.002100
0.000000
1.246000
0.547300
0.532200
3.132000
0.324600
1.161300
0.334300
1.278000
0.533100
4.527200
0.674900
0.342500
0.519800
0.669400
0.546500
0.542500
1.060000
0.590100
0.580200
0.593000
0.000000
0.576800
0.597400
0.537300
1.327000
0.548900
0.536300
0.539000
0.709100
0.000000
0.957500
0.409100
1.250400
5.087000
0.545700
3.288500
0.558200
0.543500
0.527300
0.618300
0.211500
0.014700
4.841000
0.532900
5.356000
0.941500
3.925600
0.549900
0.981800
0.873500
0.727800
4.483700
0.548800
3.736900
0.888600
1.082800
0.662200
0.529100
0.602100
1.127900
2.972600
1.001400
0.998800
0.873600
1.035800
0.579900
0.500700
1.002100
3.995600
0.609300
6.370300
0.609700
1.268700
0.614700
0.000000
0.842300
0.398000
1.002400
0.522400
0.537500
0.596600
0.789200
0.627500
0.295900
1.001100
1.234300
0.000000
3.312300
0.389700
1.333900
0.510300
0.597200
0.622900
4.193000
1.255900
0.777400
0.998000
0.615300
3.040800
0.768800
0.391600
0.764400
0.579000
0.530800
3.447800
0.467500
1.180200
0.405300
0.509300
3.611500
0.335300
0.576800
0.000000
0.030400
3.532100
0.000000
0.574900
0.571200
0.534000
3.405400
0.000000
0.537100
0.536100
0.536900
3.147200
0.000000
0.000000
0.539000
0.025000
0.530500
3.176400
0.532700
0.532800
0.580700
0.579300
0.027200
2.897300
0.000000
0.526400
0.604000
0.525000
3.111700
0.597500
0.000000
0.543200
0.538500
0.589000
3.756300
0.000000
1.168000
0.000000
0.949700
0.508400
0.538600
3.002200
0.406900
1.132900
1.394900
0.486700
0.541500
3.956900
0.768900
0.000000
0.703500
0.560900
0.906200
0.000000
3.314600
0.533200
1.103500
0.754500
1.122600
5.505900
0.532000
0.706500
0.998600
0.605800
0.716100
3.503500
0.691100
1.337000
0.625100
0.899000
0.587300
0.043500
0.000000
0.704500
3.999100
1.021900
0.791000
0.767200
1.100300
1.003200
1.365400
2.798600
9.098100
7.765500
2.523500
4.045800
1.248500
2.123800
5.307500
8.349300
9.353000
7.887700
7.074400
5.975800
4.420100
3.181900
0.520900
0.525900
0.610000
3.577800
0.351900
0.040900
0.512300
0.997300
0.501400
0.369600
4.939300
0.529500
5.626600
4.487100
3.805000
0.541000
0.508000
1.812900
0.546100
0.544700
0.701100
0.524700
0.691000
0.522800
3.279800
0.558200
0.541200
0.508600
0.598400
0.611000
0.528300
3.823600
0.529900
0.525100
0.665900
0.525400
0.551700
3.615600
0.000000
0.537700
0.529000
0.000000
0.528900
3.146800
0.580100
0.535600
0.548800
0.545600
0.515100
3.709800
0.538600
0.533000
0.548500
0.532200
0.741200
1.080400
0.851500
3.864900
0.433900
0.845800
0.908100
1.329800
1.085100
0.834200
0.574300
3.026800
0.539100
0.690000
1.157900
0.539800
0.650800
0.603800
3.995700
0.786000
0.522900
0.000000
0.537600
0.762600
0.592600
4.685000
0.541400
4.455400
0.546700
0.552600
0.534000
3.055100
0.000000
0.506400
0.617000
1.069300
3.405100
0.535400
0.558600
0.516000
0.732200
0.599500
4.931900
0.535500
0.296900
1.270700
1.087600
1.100100
0.530400
3.479200
0.276000
1.139300
0.368800
3.831700
0.000000
0.405200
1.200400
1.319800
0.320400
4.255100
0.598900
4.630400
0.531800
0.566600
0.546600
0.561100
0.650400
0.529800
0.610000
1.640000
0.507800
0.026600
0.996900
1.001000
0.000000
1.002400
3.001400
0.997600
0.000000
0.000000
0.000000
1.276500
3.333900
0.292300
0.580400
0.649100
0.857600
1.359800
0.872400
4.815500
0.000000
0.547800
10.614000
1.415100
4.912600
8.370400
0.538500
5.941500
0.524700
0.535400
0.862800
0.533800
0.572700
0.522400
0.531000
0.524000
3.231500
0.523500
0.000000
0.000000
1.258800
1.106800
0.447000
4.001100
0.549500
0.702000
0.460600
1.275200
3.357000
0.542900
0.521500
0.562000
0.000000
0.000000
1.375100
1.047400
1.083900
2.855500
0.571700
0.000000
1.001400
1.337200
0.000000
0.000000
0.716000
3.549200
1.996500
5.157200
3.778600
1.343800
0.598800
0.529700
0.079800
3.477700
0.670200
0.486200
0.380500
1.258900
3.834300
0.451400
0.867800
1.258800
1.263200
3.278200
0.735500
0.714700
0.551900
1.259000
0.725800
1.121300
0.490700
3.319000
0.000000
1.160500
0.862500
1.119900
1.217100
3.188100
1.041200
0.390200
0.740200
1.233400
1.147300
3.231700
0.526500
0.686500
0.663100
0.396100
0.858000
0.872300
0.834300
0.430000
0.903700
0.000000
0.544300
3.764100
0.000000
1.251700
0.931100
1.021700
0.526600
0.000000
0.654200
0.783900
5.153900
0.000000
0.540300
0.565400
0.546600
0.523500
0.000000
1.000300
0.000000
3.998500
0.000000
0.000000
1.003200
0.000000
0.000000
0.999200
0.537100
0.522900
0.538500
3.265200
0.550900
0.531800
0.533400
0.525800
0.523800
0.526800
0.530300
0.540800
0.000000
0.000000
0.533500
0.533500
0.507000
0.544600
0.000000
0.000000
0.506600
0.584900
0.573300
0.528900
0.544400
0.534500
4.365100
0.511300
0.799600
5.074000
3.259600
0.872300
0.449300
1.306600
3.417600
0.709100
1.229400
0.518400
0.446100
1.001300
3.134800
0.494600
1.198200
1.238100
1.264500
3.153000
0.752700
1.327100
0.594900
0.774000
4.950300
0.543400
0.893500
0.524000
1.237600
0.640500
1.038700
4.030200
0.972300
1.216600
0.900000
3.861300
0.552400
0.522600
0.536800
0.586900
3.282200
0.000000
0.545500
0.000000
0.531500
0.528600
3.830200
0.536500
0.541000
0.554300
3.204000
0.535800
1.410700
2.676200
0.025900
0.588200
5.321600
0.532400
3.067300
0.533700
0.000000
0.576000
3.175700
0.659800
0.686200
0.560700
0.526600
0.585400
3.547700
0.000000
4.297300
0.533100
0.573400
4.827100
0.000000
0.000000
0.511900
0.522400
0.532300
2.600100
0.530400
0.000000
0.540000
0.421400
4.263200
0.541600
4.422700
0.540000
0.578000
0.558200
3.769400
0.548200
0.000000
0.527800
0.556900
0.508400
0.000000
2.920200
0.555700
0.523700
0.558000
0.701400
0.619100
2.907300
0.523000
0.556600
0.579400
0.515100
0.573800
3.605500
0.525200
0.553200
0.531400
0.555200
0.528600
3.272300
0.546100
0.000000
0.546500
0.600300
5.014200
0.609700
0.552000
0.534700
0.572500
4.014400
0.521100
0.522700
0.536200
0.018300
0.524600
3.171000
0.000000
1.214600
0.418000
0.936400
0.661000
1.280900
3.525000
0.000000
0.000000
0.000000
0.620400
0.775600
0.643600
0.562600
0.000000
2.264200
1.731400
0.000000
1.097900
0.318100
0.615000
1.044400
0.559300
0.510900
0.326300
3.741000
0.679000
1.243000
1.259800
0.611900
2.646100
0.555000
1.023500
0.768900
1.137700
0.406800
0.571000
4.263000
0.301200
0.560300
0.554300
0.571400
0.546300
0.000000
0.545500
2.123300
0.540000
0.542200
0.558200
0.560000
0.644400
2.128000
0.579700
0.585800
0.000000
0.699300
0.542100
0.610200
0.541600
0.550000
2.651300
0.508200
0.000000
0.536600
2.327800
1.427700
0.616700
0.544400
0.539000
0.602300
2.174400
0.458100
0.635200
0.542500
0.600600
2.122600
0.525200
0.000000
0.607200
0.525900
0.506900
0.000000
2.530800
0.832200
0.569600
0.536300
0.541200
0.552000
0.000000
0.560500
0.000000
0.540200
1.217100
2.126300
0.000000
1.167400
0.459100
0.000000
1.315700
0.658100
2.161200
0.535200
0.948000
0.899100
1.020500
0.534300
2.670700
0.601000
1.220800
0.495600
0.504900
1.278700
2.193500
0.843000
0.364600
0.477700
0.539000
0.530300
2.647800
0.546600
0.576300
0.543000
0.545500
0.560100
0.535500
1.918600
1.574300
0.000000
0.539400
0.526500
2.650200
0.437000
1.238000
0.500900
0.346400
1.612800
0.849700
0.460300
0.946600
0.533300
0.473800
0.541000
2.443700
0.573000
0.352000
0.410500
0.326200
0.564300
2.119200
0.402500
0.516300
0.580400
0.579900
1.149600
2.211500
1.995500
0.591200
0.671400
1.328200
0.765800
2.143300
0.386600
0.474800
0.000000
0.704800
2.151600
0.521700
0.736000
0.845900
0.652300
1.134300
1.243000
2.672300
0.501100
1.364100
0.828200
0.000000
1.182500
0.782700
2.164700
1.177500
0.699800
1.115100
0.778900
2.142100
1.976200
0.523100
0.531800
0.570700
0.596600
2.637400
0.533900
0.000000
0.480700
1.158000
1.185100
2.160800
0.617800
0.000000
0.000000
2.142500
1.524500
0.000000
0.509900
0.000000
0.525900
2.139600
0.000000
0.541600
0.524300
0.613900
3.010300
0.530300
0.000000
0.546000
0.000000
0.531300
0.528800
0.560900
1.047100
0.685000
0.556700
0.000000
0.547400
0.536200
5.058700
2.716700
2.273700
0.521100
0.523700
0.000000
0.524200
2.053600
0.531400
0.658300
0.000000
0.000000
0.538500
2.164000
0.000000
0.468000
0.496600
0.448000
0.834400
2.123500
0.572300
0.000000
0.537500
0.000000
0.519000
0.550900
0.000000
2.101000
1.065600
0.590100
0.559500
0.590500
2.018300
0.832200
0.569900
0.523800
0.620900
2.959700
0.542600
0.000000
0.525700
0.538900
0.000000
2.179900
1.606100
0.536700
0.541100
0.000000
2.178800
0.995200
0.776000
0.000000
1.045900
0.350500
0.333300
1.117500
2.111900
0.653900
0.539800
0.539000
0.544100
0.531800
0.604500
0.532900
0.541600
2.760600
0.000000
1.137200
0.570600
0.000000
1.600400
0.533200
1.591500
1.588900
0.555900
1.074500
0.000000
0.559400
0.554400
0.540100
0.000000
0.538900
0.000000
0.601700
0.666200
0.646300
0.000000
2.150000
1.587300
0.000000
0.577800
0.537000
0.533900
2.132100
1.668700
0.362800
1.189900
2.989200
0.000000
2.584500
0.525000
0.526100
0.588900
0.626300
1.607900
0.567200
0.547200
0.556800
0.000000
0.544000
0.000000
0.569100
0.402800
0.445300
0.343700
1.307400
2.288400
0.979900
0.348600
0.000000
1.257700
2.664600
0.684600
0.470400
0.983400
0.456500
2.082000
0.449000
1.297300
0.000000
0.470000
1.133300
2.152300
0.509300
0.530400
0.697700
0.256600
1.062900
2.267800
0.639400
0.000000
0.702100
0.584100
0.000000
0.521800
2.136700
0.653800
0.831500
0.549800
0.354300
1.996200
5.349300
3.853800
0.552200
0.613500
0.662900
0.000000
2.839700
0.721300
0.532300
0.523600
1.051700
0.000000
0.607400
0.000000
0.540200
5.833100
1.795500
0.633500
2.120000
1.047800
2.140200
1.402500
0.533600
0.038600
0.000000
0.563700
2.784600
0.000000
0.668500
0.537700
0.000000
2.673400
0.512700
0.000000
0.535000
0.711300
0.000000
2.104000
0.719600
0.527300
0.000000
0.527100
0.529600
0.588600
2.172100
0.550000
0.536900
0.000000
0.032400
0.000000
0.983100
1.001700
1.036300
1.613200
2.751800
0.894900
0.649800
0.771700
0.448400
0.536800
0.584300
2.352700
0.708900
0.533500
0.533700
0.000000
0.543900
0.000000
0.519300
1.145100
0.999400
0.000000
0.538300
1.105000
0.539500
0.000000
0.543100
0.535600
0.000000
2.000400
0.000000
0.000000
0.000000
2.005500
1.859000
2.157200
0.445600
2.001500
3.287200
8.999900
8.119700
3.305000
12.528700
7.272500
0.000000
0.000000
3.269400
3.951100
3.104600
0.524700
0.620900
0.524700
0.531000
0.525000
1.820400
0.576200
1.227300
0.583800
0.561500
0.755400
0.595200
2.067400
1.670700
0.545400
0.023400
0.665800
0.521100
0.534600
0.000000
1.625600
0.527100
0.000000
0.516800
1.178000
0.522000
0.508900
1.315100
1.993100
0.540800
0.508300
0.024100
1.507400
0.549100
0.499600
2.788800
0.000000
0.000000
0.000000
0.000000
1.002500
0.235600
1.006600
0.411800
0.675800
0.642600
0.515300
1.176100
1.478900
0.819300
0.000000
0.000000
1.893800
1.996100
1.848200
0.547900
0.657200
0.000000
2.112800
2.223500
9.018000
2.138100
0.507500
0.532200
0.000000
2.189400
1.597700
0.675700
0.525100
0.525200
0.536800
0.539000
2.710600
1.596100
0.000000
0.543700
0.541600
0.000000
0.000000
2.670900
0.536300
0.000000
0.000000
0.000000
0.999500
0.566500
0.533000
2.528400
0.584500
1.230300
0.989900
0.541400
2.766200
0.287600
1.204300
0.831400
0.733700
0.759100
0.508200
0.499700
1.176600
0.383600
0.517600
0.722200
0.739100
2.749800
1.728000
0.604600
0.536700
1.002400
0.337600
0.411300
0.748200
2.662900
0.999100
0.890600
0.511800
1.021300
0.000000
0.695300
2.770200
0.628900
1.281000
4.051700
0.376200
0.559200
3.706200
0.000000
0.535300
0.966500
0.572500
0.605700
2.571900
0.529000
0.549200
0.533200
0.568500
2.958500
0.563100
0.535100
0.527600
0.542200
3.282700
0.514400
0.000000
0.534900
0.528800
3.749200
0.550700
0.515100
0.616600
3.558500
0.523700
0.545400
0.609000
0.590900
4.731800
0.031100
4.848300
0.000000
0.597500
0.526300
2.957200
0.000000
0.535100
0.551200
0.628600
0.516500
3.938900
0.548000
0.531900
0.538000
0.523700
0.000000
2.640400
0.540200
0.511900
0.533400
0.000000
4.771300
0.000000
0.000000
0.558100
0.025800
4.266100
0.506700
0.556900
0.533100
0.000000
0.868200
3.250300
0.562500
0.373100
0.440400
0.389900
2.651800
0.573800
1.135800
1.259500
0.537400
3.413100
0.544200
1.000300
0.667400
0.465500
0.384700
1.365500
3.006300
0.407800
1.070200
1.163600
1.300500
1.004800
3.273800
1.133300
0.793100
0.586800
1.345400
0.665300
0.637000
3.329500
0.347400
0.666400
0.428200
0.999900
0.562000
3.457700
0.629000
0.420600
1.339300
0.725400
0.999800
0.769600
3.978800
0.481200
0.520700
0.664700
1.191200
1.171700
3.164200
0.563300
1.392700
0.579200
0.633200
3.626300
0.713300
0.537200
0.755500
1.242800
0.580600
5.599900
5.599900
0.530400
0.000000
0.542100
0.510300
0.523500
3.151100
0.000000
0.000000
0.554500
3.173200
0.741500
1.187200
1.003400
0.551400
3.576000
0.602500
0.894000
1.311900
0.754500
0.000000
4.907200
0.439100
1.341100
3.184800
0.552200
0.257800
1.289600
0.569000
0.532400
0.585600
1.997500
0.552500
1.127900
1.275200
3.130600
0.525300
0.529300
0.867300
1.239400
1.131600
3.364100
0.500300
0.683500
0.919400
0.511500
0.377200
1.154800
3.208600
0.411300
0.000000
0.544800
0.492500
0.401800
3.373600
0.325200
0.544800
0.509900
0.535300
3.041600
0.000000
0.512600
0.000000
0.561100
0.524000
0.000000
3.718400
0.523900
0.531600
0.000000
0.564200
0.521000
3.308100
0.535800
0.544200
0.518000
2.986300
0.000000
0.528500
0.508900
0.529700
4.008300
0.021400
0.531100
0.538500
0.958900
0.576700
0.595700
4.976700
0.520900
0.540700
0.531100
0.867400
0.827100
0.605900
4.115400
0.561200
0.000000
0.000000
0.532200
4.027600
0.473500
0.893700
0.572000
0.000000
0.793700
0.927500
0.860800
0.698900
4.396200
0.794900
0.772300
0.810300
1.309500
0.714600
3.993300
0.000000
2.998100
0.000000
1.002400
1.002200
0.538200
0.538000
0.575900
0.534400
0.000000
0.526400
1.083500
0.000000
0.583600
0.524000
0.000000
4.461800
3.721100
2.832400
0.000000
0.528900
0.525500
0.521500
0.593900
0.169800
1.898700
0.787000
0.000000
0.579700
0.577900
0.824800
0.525900
4.997000
8.489900
4.253400
0.000000
0.616900
0.505800
0.000000
0.000000
0.383600
0.702900
0.551700
3.385100
0.503500
1.056500
1.254900
1.205800
2.997000
0.298200
1.324600
1.227900
3.748400
0.000000
0.595700
0.620000
1.210700
0.778800
1.342600
3.700800
0.540700
0.606000
0.800300
0.000000
3.306000
0.000000
0.491200
0.486200
0.915700
0.771600
3.703800
0.448500
1.196900
1.280600
3.707500
1.284800
0.715900
0.815200
0.808800
0.805000
4.180200
0.550600
1.048500
0.000000
0.552900
0.535500
0.000000
3.725400
0.535300
0.000000
1.272500
1.316500
2.997300
1.088100
0.520300
4.570200
0.681000
0.805900
2.999800
0.560000
0.537000
0.596700
0.629600
3.700200
0.543700
0.600200
0.521900
0.527600
0.535200
1.069100
0.522700
4.279800
0.566000
4.365600
0.546100
0.000000
0.724600
0.543400
0.604600
5.174800
0.571200
4.863800
0.582300
0.563800
0.585900
4.033500
0.554200
0.511000
0.000000
0.567900
0.000000
1.000900
2.512400
0.000000
1.094600
0.988600
1.079000
0.630900
0.548100
0.957300
0.597800
2.375700
0.770000
0.414800
0.521600
0.589800
3.844400
0.822800
0.988200
1.242600
0.617700
3.550300
1.080100
0.770700
0.646800
0.798500
0.841500
4.179700
0.945800
5.000600
1.091200
7.534000
9.120100
6.183500
0.977700
3.573400
0.589200
5.170600
0.543700
0.525600
0.529400
0.515900
0.000000
2.593900
0.526700
0.551600
0.520500
0.618800
3.683700
0.510100
0.544600
0.537800
5.470600
0.574400
3.785600
0.000000
0.507200
0.521600
3.555200
0.386300
0.664900
1.438200
0.487200
1.393200
0.975700
4.806900
0.446500
1.324200
1.418700
3.771800
0.000000
1.217000
1.223900
1.249300
4.435400
0.288100
1.102300
0.981100
1.190900
3.979200
0.655800
1.308400
1.260100
0.805600
1.035800
0.611700
0.499000
0.837300
3.753500
0.545400
0.614700
0.000000
0.000000
0.514200
3.786800
0.000000
0.545500
0.526300
0.000000
0.542100
3.471300
0.000000
0.000000
0.000000
0.524100
0.000000
0.557000
3.696100
0.000000
0.550200
0.643800
2.516700
0.525900
0.540700
0.739900
0.000000
3.643800
0.544300
0.571300
0.532300
0.538500
2.617600
0.526400
0.000000
0.533700
0.514600
0.000000
2.716900
0.000000
0.543500
0.560200
0.000000
3.285700
0.000000
3.699400
1.023500
2.956200
1.607000
0.852800
1.832300
2.073400
0.984500
1.226400
1.648000
1.366200
1.192300
1.634400
1.163000
1.257700
2.362300
2.698000
4.801300
2.337800
1.731800
1.723500
1.082400
1.081900
2.337400
1.616400
1.097000
1.109100
0.535700
1.047300
1.093500
1.615600
1.043700
1.069800
1.330700
0.959700
1.578500
1.279900
3.119300
1.046500
1.194700
1.036200
1.056300
1.275200
1.110700
1.466000
2.556100
1.656300
2.048500
1.369600
2.999800
1.114300
1.000800
1.799600
1.832700
1.344500
1.434700
0.997500
2.196700
2.883400
1.000700
3.066000
1.414600
1.261300
2.526400
1.734200
1.496500
1.469800
3.310700
1.634000
1.486300
2.877100
0.000000
5.125100
3.981700
3.787300
2.926700
1.690200
0.736300
2.119700
0.655100
1.195600
3.016500
1.055500
1.064700
1.843700
1.128800
1.361800
2.005700
1.530300
1.716700
0.996800
1.884900
1.505800
1.119300
1.426400
1.635900
1.300000
1.605400
1.847600
0.993500
1.002100
1.001800
0.534500
0.908800
2.129500
0.822500
1.155700
0.523200
1.157700
1.069300
2.133800
1.643000
1.042900
1.630400
1.171300
1.058500
1.192100
1.627800
2.084200
1.050300
1.654300
1.338100
2.367600
1.072800
1.751900
0.543900
4.491800
1.090600
1.250400
1.555200
1.809100
1.729000
1.059300
2.529700
1.135300
1.864400
1.518400
2.885200
1.817400
1.961600
3.655600
1.588300
5.996400
3.001400
3.001400
1.515000
2.303300
0.550200
2.630200
0.519700
2.482700
2.213200
1.617900
3.845700
2.698100
0.507200
0.000000
0.000000
2.661400
0.536800
0.645400
0.000000
1.039200
1.105900
0.770200
0.686200
0.948300
0.498000
1.134100
0.772900
0.627500
0.926000
0.920900
0.807900
0.823200
0.580800
0.000000
1.317100
0.860800
1.284900
0.558500
0.015000
0.558700
1.358800
1.251700
1.340000
0.489600
0.673700
0.518600
0.579100
0.792500
0.455400
0.835300
0.492200
1.243800
1.049400
0.430200
1.191800
0.647800
1.020700
1.407800
1.192100
1.145700
1.009600
1.111900
1.220900
1.022100
1.050200
1.062900
1.179800
0.457900
1.057100
0.000000
0.518300
0.000000
0.538800
0.545100
0.517000
0.556600
0.000000
0.663200
0.519700
0.548200
0.645800
0.585200
0.566600
0.549400
0.534700
0.541300
0.522700
0.997600
0.512100
0.461300
1.309600
1.180500
1.204900
1.339600
0.643000
0.355400
0.542000
1.205800
0.896000
0.853200
0.606600
1.679100
0.793500
0.609800
0.382700
0.540900
0.600500
0.542900
0.533900
0.000000
0.550300
0.533500
0.000000
0.537200
0.529900
0.529000
0.562300
0.000000
0.665700
0.527600
0.626200
0.524000
0.524200
0.541200
0.549600
0.543600
0.527600
0.562400
0.528300
0.582400
0.583400
0.575900
0.000000
0.569100
0.528200
0.523200
0.600400
0.000000
0.664900
0.510100
0.607700
0.521000
0.539600
0.623600
0.660200
0.598700
0.584200
0.549300
0.535000
0.526500
0.599000
0.531800
0.527500
0.553700
0.508400
1.002900
0.656800
0.542100
0.516600
0.532700
0.574600
0.521000
0.539900
0.027900
0.598400
0.000000
0.527500
0.544700
0.555100
0.540600
0.609200
0.546500
0.000000
0.543100
0.000000
0.591200
0.506400
0.526300
0.515700
0.541300
0.000000
0.000000
0.540800
0.581300
0.538800
0.600500
0.000000
0.625300
0.547100
0.549700
0.000000
0.523900
0.551700
0.522700
0.530500
0.663000
0.530100
0.529400
0.534500
0.518600
0.671300
0.530900
0.548100
0.000000
0.525700
0.536500
0.575400
0.540000
0.533800
0.597400
0.524900
0.550400
0.535000
2.377000
0.029500
0.000000
0.608200
0.524100
0.017400
0.553700
0.621900
0.534400
0.656700
0.615800
0.595900
0.646900
0.527600
0.542400
0.000000
0.530900
0.568300
0.519900
0.528700
0.539700
0.525400
0.000000
0.546500
0.624900
0.540500
0.532500
0.507000
0.594400
0.539200
0.000000
0.650800
0.580400
0.521300
0.534600
0.000000
0.572800
0.523900
0.522200
0.518900
0.533200
0.607400
0.518300
0.552500
0.587100
0.557200
0.507200
0.519400
0.527300
0.000000
0.558000
0.539100
0.000000
0.583000
0.544700
0.523900
0.541200
0.535900
0.526300
0.743700
0.603800
0.562500
0.531600
0.517300
0.531000
0.531300
0.000000
0.520800
0.547800
0.593500
0.556600
0.532300
0.000000
0.567900
0.522300
0.528400
0.561800
0.557600
0.530100
0.519100
0.000000
0.552700
0.729300
0.798800
0.523300
0.561000
0.000000
0.000000
0.000000
0.526400
0.540100
0.000000
0.000000
0.544100
0.529900
0.000000
0.528500
0.564200
0.535300
0.529500
0.543600
0.560200
0.000000
0.000000
0.530300
0.562300
0.566800
0.528600
0.520200
0.559100
0.000000
0.588500
0.641700
0.000000
0.527900
0.545400
0.539100
0.541100
0.556200
0.000000
0.520300
0.578200
0.662800
0.000000
0.532600
0.000000
0.523400
0.608900
0.538300
0.517800
0.000000
0.529100
0.608300
0.526700
0.549300
0.522500
0.553000
0.580700
0.534000
0.525600
0.550500
0.526900
0.605900
0.540100
0.000000
0.552600
0.590900
0.539400
0.540700
0.611500
0.529500
0.023400
0.565200
0.541000
0.573600
0.027800
0.549300
0.000000
0.520100
0.520700
0.570900
0.000000
0.000000
0.537200
0.531500
0.525300
0.571900
0.533200
1.086000
0.536700
0.581300
0.520400
2.643300
0.000000
0.539900
0.548900
0.618600
0.527300
0.536100
0.519200
0.536000
0.531400
0.522700
0.000000
0.530000
0.523700
0.627800
0.523800
0.028500
0.535200
0.000000
0.000000
0.542700
0.515800
0.593700
0.662100
0.605100
0.563500
0.022400
0.586300
0.532100
0.000000
0.565800
0.585000
0.524500
0.605500
0.000000
0.526500
0.516400
0.527300
0.541900
0.529200
0.533400
0.600500
0.525200
0.535200
0.000000
0.612500
0.628400
0.703300
0.557200
0.000000
0.553400
0.537400
0.588400
0.539300
0.534600
1.927100
0.000000
0.525000
0.533100
0.542500
0.682600
0.545200
0.555500
0.541900
0.516900
2.411800
0.538300
0.514700
0.549300
0.538000
0.000000
0.524300
0.525300
0.527000
0.522700
0.555200
0.531500
0.547200
0.532100
0.570600
0.579100
0.530100
0.528900
0.525900
0.546000
0.575200
0.537700
1.702900
0.512100
0.530800
0.533700
0.607200
0.519700
0.577400
0.540400
0.515700
0.506400
0.523400
0.533300
0.533700
0.522000
0.539800
0.514900
1.300500
1.307100
1.225100
1.289100
1.001400
1.183500
0.668600
0.633100
0.452600
0.980400
0.000000
0.575000
0.551000
0.572400
0.584400
0.000000
0.491100
0.673000
0.912600
1.151000
1.237700
0.382300
0.520100
0.896200
1.063800
0.993500
1.036300
1.087300
0.707500
0.588800
1.069400
1.161800
1.229500
0.979700
1.333300
1.000500
1.290300
0.000000
0.551000
1.349300
1.337600
1.247100
1.143600
1.202400
1.072600
0.655900
0.514800
0.000000
0.574500
0.527400
0.627500
0.535000
0.543100
0.598100
0.535300
0.000000
0.000000
0.562200
0.000000
0.555400
0.517500
0.559300
0.535600
0.543300
0.000000
0.529500
0.000000
0.616800
0.533600
0.625800
0.534400
0.526500
0.535300
0.583000
0.536800
0.560700
0.525300
0.655500
0.555200
0.654500
0.535400
0.618400
0.542700
0.546900
0.646300
0.000000
0.540400
0.000000
0.519900
0.523100
0.555300
0.650800
0.533000
0.666500
0.526400
0.602400
0.589300
0.127400
0.550900
0.000000
0.522900
0.554800
0.663900
0.555000
0.537200
0.534100
0.566800
0.537700
0.551900
3.973700
27.993800
7.867000
3.497700
12.379600
1.139400
2.619500
1.520800
2.623800
1.297700
1.865900
0.535000
0.533000
0.530300
0.520200
1.616800
1.053500
1.060800
0.000000
0.645500
0.000000
0.546100
0.506900
0.768800
0.521800
0.533300
0.537100
0.529100
0.542300
0.621800
0.572200
0.655800
0.534200
0.521300
0.619300
0.519500
0.521200
0.568700
0.530000
0.528600
0.604000
0.619900
0.533200
0.560200
0.520500
0.519000
0.525100
0.535100
0.000000
0.527100
0.522800
0.540300
0.546000
0.933000
0.562500
0.604600
0.639200
0.619200
0.531300
0.572000
0.000000
0.000000
0.571900
1.252300
0.541400
0.697400
1.213600
1.168000
1.286000
0.842700
0.310900
0.443700
0.633000
0.453500
0.285800
1.206900
0.447900
1.118800
1.252000
1.133300
0.000000
1.168700
1.017100
0.964500
1.096700
1.037600
0.777700
0.546400
2.991300
0.367500
1.072200
0.916600
1.053400
1.325500
1.189200
0.496800
0.366100
3.475200
0.921300
0.838300
1.261900
1.207300
1.186000
1.078900
0.633500
0.541700
0.268400
1.235800
1.185400
1.154100
1.173000
1.242600
1.179300
0.801900
0.512700
1.130500
1.215700
1.240300
0.827700
0.710500
0.435200
1.406800
0.626400
1.346100
1.328600
1.283400
1.245700
1.164500
0.434000
1.199000
0.628300
0.807800
0.493900
1.201500
1.374000
0.617100
0.873500
0.495900
0.433800
1.113000
1.128700
1.179800
0.979400
0.448400
1.001200
0.455200
0.695500
0.625400
0.831200
0.736800
0.395700
1.155000
0.954000
1.181600
1.378800
1.125400
1.161500
1.042800
1.195600
1.238400
0.990200
0.703600
1.161200
0.647500
0.445400
1.344000
1.294900
0.983400
0.506400
0.649700
0.649700
0.555800
0.598500
0.583600
0.610800
0.547700
0.545300
0.511000
0.524100
1.122900
0.582000
0.632800
0.545600
0.535500
0.569800
0.561700
0.000000
0.534300
0.528200
0.538800
0.000000
0.618900
0.525100
0.595400
0.532100
0.000000
0.541600
0.576000
0.524100
0.591900
0.000000
0.559700
0.526900
0.548000
0.566400
0.530200
0.527900
0.546800
0.559200
0.535900
0.000000
0.545800
0.526400
0.643300
0.526400
0.601900
0.643700
0.548500
0.557000
0.535000
0.545000
1.128200
0.605700
0.638500
0.000000
0.529000
0.532200
0.525100
0.539500
0.000000
0.507700
0.546600
0.530900
0.546600
0.582900
0.717900
0.531600
0.642300
0.000000
0.528200
0.610900
0.539000
0.533000
0.611300
0.557400
0.563600
0.000000
0.520700
0.507800
0.523300
0.600800
0.518600
0.577200
0.520700
0.000000
0.532300
0.546200
0.643100
0.638800
0.000000
0.000000
0.530600
0.652700
0.549000
0.555500
1.424200
1.237000
0.721100
0.583800
1.221500
0.613400
0.583000
0.828300
0.560500
1.308300
0.736600
0.748500
1.302200
1.264000
1.282000
1.272900
0.987100
1.204900
0.992100
0.963800
0.979300
1.285200
0.000000
1.025300
0.000000
0.516200
1.247000
1.241800
0.902100
0.704700
1.296000
1.001100
1.217900
1.210600
0.672200
0.992900
1.015600
0.398700
0.417000
1.001000
0.656900
0.000000
1.201000
1.216600
0.361400
1.339900
1.082400
1.340500
1.787300
1.188000
1.048500
1.204400
1.270800
1.005700
0.943100
0.541200
0.521000
2.465000
1.332400
1.200800
0.601600
0.525400
0.979700
1.086900
0.000000
1.080000
1.007300
1.219000
1.333300
1.310700
0.000000
0.676500
1.302300
0.435200
0.565500
0.520700
1.285300
0.505500
1.014900
0.730700
1.004700
0.532500
0.537000
0.022800
0.580200
0.535300
0.538600
0.669400
0.588000
0.579300
0.567400
0.538700
0.000000
0.000000
0.000000
0.551000
0.000000
0.549600
0.531900
0.539500
0.661600
0.524100
0.534100
0.509000
0.000000
0.524700
0.524400
0.575200
0.543700
0.000000
0.000000
0.526000
0.522700
0.591500
0.522700
0.000000
0.540300
0.524200
0.547200
1.216000
1.044700
0.557900
1.106100
0.650400
0.523700
1.013800
0.536700
0.541800
0.528700
0.532100
0.532200
1.281900
0.546900
0.535400
0.523300
0.000000
0.564700
0.000000
0.000000
0.531800
0.000000
0.602600
0.541000
0.554900
0.622800
0.543600
0.538300
0.533300
0.541700
0.542900
0.522900
0.525400
0.000000
0.413800
1.205300
1.316200
0.000000
1.001500
0.649500
1.005700
1.001800
1.177800
0.999300
1.335400
0.456200
0.000000
1.311600
1.238000
0.853700
0.337900
0.377800
0.446200
0.497600
0.433100
0.401300
1.103400
0.987400
1.293300
0.400900
1.156200
0.000000
1.127800
0.987200
1.073000
1.009800
1.006800
1.321400
1.275700
1.210600
1.117500
0.980300
1.004000
0.896100
0.300300
1.148200
0.725500
1.080700
0.496200
1.241900
0.861300
1.277400
1.035500
0.515300
1.217700
1.235100
1.024800
1.314300
1.003200
1.193300
1.231400
0.456700
0.296400
0.527700
0.353000
0.430300
1.109500
0.000000
0.416600
0.000000
0.582500
0.807600
1.176800
1.419500
0.691200
0.843600
0.576900
0.457700
0.546300
0.483300
0.720200
0.391900
1.178100
0.653700
0.000000
1.390800
1.001100
1.134300
1.309900
1.164200
0.446000
0.372600
0.807500
0.454400
1.303900
1.328200
1.216100
1.250600
1.279100
0.540200
1.031400
0.535400
1.312200
0.000000
1.316700
0.350400
0.853800
0.630900
0.531100
0.542700
1.134200
1.307700
1.019400
0.423600
1.005600
1.188900
0.998700
0.923100
0.998900
1.090700
0.455900
0.538700
1.214100
0.811400
0.556600
0.891900
1.020400
0.569800
1.442800
0.404200
1.127700
0.367900
1.249300
1.338400
1.211100
0.658200
1.183500
0.359700
1.000800
0.401400
0.610100
0.582300
1.023600
1.361000
0.318600
1.029000
1.161800
0.552100
1.096200
0.000000
0.529500
1.018700
1.318700
1.198000
0.980200
0.425200
2.012100
1.265700
1.150800
1.130500
1.243100
0.000000
0.524000
0.583100
0.000000
0.535700
0.598600
0.527000
0.571000
0.611300
0.530300
0.524000
0.533400
0.532400
0.524500
0.667600
0.533000
0.563800
0.576000
0.629900
0.523700
0.539800
0.565600
0.582500
0.550200
0.535000
0.585300
0.613800
0.539600
0.523700
0.524000
0.538500
0.000000
0.621400
0.531200
0.000000
0.662200
0.000000
0.000000
1.055100
0.533300
0.000000
0.547300
0.656700
0.593000
0.550200
0.551800
0.616400
0.524700
0.000000
0.546500
0.000000
0.514100
0.524200
0.523400
0.641400
1.086000
0.545500
0.537900
0.551800
0.524500
0.613100
0.586800
0.589400
0.537400
0.016800
0.530100
0.509500
0.539500
0.547900
0.540700
0.571500
0.552500
0.000000
0.524200
0.545500
0.524300
0.526700
0.567100
0.539800
0.607400
0.625500
0.598500
0.572800
0.539300
0.517400
0.531700
0.000000
0.584100
0.649200
0.548600
0.533300
0.000000
0.542300
0.844000
0.628200
0.721600
0.581500
0.655300
0.753400
1.337400
1.157400
1.224800
1.178100
1.163700
1.091800
0.405000
0.642600
1.242700
0.655900
1.209900
1.349800
0.546900
1.000600
0.536500
0.541100
0.590300
0.000000
0.558200
0.637500
0.546800
0.525000
0.000000
0.618100
0.603000
0.523000
0.541500
0.552400
0.608100
0.528700
0.508900
0.548300
0.000000
0.597200
0.536600
0.516400
0.584100
0.594100
0.546000
0.587000
0.512500
0.000000
1.087100
0.000000
0.532200
0.598300
0.509800
0.527000
0.531500
0.600900
0.532400
0.605700
0.025900
0.539100
0.566900
0.601800
0.543600
0.646300
0.544300
0.000000
0.524000
0.586200
0.638200
0.585400
0.572300
0.556900
0.575100
0.551000
0.000000
0.000000
0.521400
0.000000
0.539400
0.530800
0.553500
0.527500
0.529000
0.000000
0.517300
0.000000
0.596600
0.000000
0.523500
0.582200
0.527300
0.639200
0.541500
0.545900
0.523100
0.548000
0.000000
0.543600
0.538200
0.544000
0.670800
0.507800
0.537500
0.533600
0.542600
0.534700
0.451600
0.666700
0.783800
0.690200
0.752300
0.507600
0.537700
0.527000
1.257600
0.543500
0.996700
0.522400
0.000000
0.347700
0.415200
0.932700
1.003000
1.000400
0.000000
1.078400
0.554000
0.000000
0.617500
0.845600
0.000000
0.000000
1.144900
1.415900
0.531700
3.998000
0.797500
0.540000
0.000000
0.533900
0.587000
1.333900
0.856500
1.458300
0.536300
0.784300
0.735300
0.561100
0.999600
0.999600
0.000000
0.000000
0.569700
0.933000
1.003200
0.000000
1.001600
1.002200
1.404300
1.299200
0.570400
0.400400
1.475100
0.910000
0.462200
0.845200
1.352400
0.789100
0.440800
0.724700
0.461900
1.124300
0.808800
1.193400
1.226000
0.302100
0.806900
1.272600
1.350500
1.221600
1.241200
0.793300
0.000000
0.665900
0.416000
1.286200
1.401400
1.367700
0.506700
1.271400
0.531200
1.000900
1.254100
0.696300
0.498100
0.507000
0.541300
0.567200
0.550100
0.534800
0.540400
0.681100
0.568600
0.533400
0.543200
0.557400
0.528000
0.543100
0.025600
0.000000
0.531700
0.000000
0.000000
1.002400
1.203100
1.215800
0.386300
1.006600
1.011100
0.715600
0.619400
0.700600
1.309900
0.832400
0.683200
1.358700
1.225200
1.309900
0.607500
0.325500
1.174100
1.195500
1.223000
1.336900
0.952000
0.621000
0.000000
0.440400
0.584900
0.703700
1.252700
1.232200
1.021600
0.974000
0.481000
1.293900
0.481400
0.991100
1.000300
0.802900
0.912700
1.084500
0.978500
1.226900
0.000000
0.886700
1.276000
1.173900
0.999100
1.160100
0.534900
0.870700
0.832600
0.343000
0.980300
0.000000
0.533000
0.571100
0.505900
0.000000
0.000000
0.531800
1.050600
0.521300
0.615500
0.000000
0.543100
0.000000
0.514800
0.578100
0.577900
0.567400
0.000000
0.592300
0.522000
0.531600
0.579200
0.000000
0.000000
0.000000
0.528700
0.543800
0.534300
0.550700
0.551900
0.519700
1.141800
0.410800
0.590600
1.316000
1.318800
0.709100
1.096800
1.268900
0.535900
1.102500
0.566900
0.559200
1.203400
1.243700
1.096200
0.335900
0.529300
0.994100
1.331800
0.390700
1.022700
0.526500
1.477100
0.552200
0.000000
0.876600
0.580000
0.531900
0.544600
0.533400
0.660700
0.000000
0.534300
0.543800
0.000000
1.067000
0.534200
0.532200
0.020900
0.551000
0.536100
0.545400
0.000000
0.521700
0.540700
0.541100
0.540100
0.723100
0.845300
0.609600
0.660300
0.663000
0.518200
0.531600
0.000000
0.558800
0.000000
1.075700
0.764500
0.000000
0.792500
0.000000
0.535800
0.520700
0.539700
0.541900
0.443100
0.804300
0.574000
0.539500
9.673900
1.654000
14.124800
6.983500
0.531700
0.000000
7.482100
3.622900
0.538200
0.000000
0.628100
0.000000
1.000900
0.695700
0.338900
0.456300
0.572400
0.547000
0.000000
0.507300
0.543900
0.637400
0.591100
1.018800
0.560500
0.536900
0.545400
0.527200
0.541400
0.542400
0.538500
0.565500
0.532100
0.544500
0.569800
0.634100
2.139400
0.543400
0.000000
1.370800
0.545600
1.013100
1.036400
0.413100
0.368600
0.778600
0.627100
1.211400
1.257600
1.174000
0.645200
1.067000
0.996800
1.106000
1.061600
0.605500
1.995800
0.999900
0.000000
1.275300
0.388500
1.098300
0.637500
1.001400
0.762500
1.186600
0.726200
1.228500
1.341200
0.995100
1.047800
0.646800
0.925500
0.740200
0.543200
0.496100
0.675300
1.328700
0.720100
0.998100
0.818600
1.244000
0.518800
1.269900
0.895900
0.706100
0.716400
0.846500
0.912200
0.814300
0.608700
2.201900
1.734100
0.633700
0.541600
0.533100
0.510800
0.529100
0.669800
0.530200
0.902300
0.558400
0.588400
0.530600
0.531000
0.531100
0.660400
0.520500
0.541900
0.731800
0.481800
0.702000
1.582500
1.000400
0.999900
0.995400
0.000000
0.996400
0.000000
0.000000
0.999400
0.000000
0.000000
1.000000
1.000300
1.005000
0.000000
1.002500
0.000000
0.000000
0.000000
1.000300
0.000000
1.000800
0.999200
1.002200
0.000000
0.999800
1.001300
1.000000
1.000400
0.997700
1.002900
0.000000
1.005100
0.000000
1.001000
0.000000
0.000000
0.536200
0.684900
0.582900
0.508200
0.526900
0.533400
0.551900
0.537600
0.522100
0.551400
0.595700
0.557000
0.641200
0.519200
0.541700
0.582600
0.527400
0.507600
0.533400
0.564800
0.537700
2.239700
0.586400
0.579000
0.000000
0.642800
0.632200
0.588100
0.518700
0.531100
0.559000
0.538300
0.526500
0.541800
0.531000
0.693500
0.572100
0.543200
0.700400
0.506900
0.599500
0.048300
0.547100
1.099400
0.508300
0.548900
0.000000
0.041300
0.644500
0.528500
0.526500
0.000000
0.548800
0.541900
0.532200
0.541000
0.544900
1.320700
1.152200
0.991000
0.729900
1.084100
1.023500
1.094700
0.538600
0.591300
1.192200
0.716800
1.974500
0.675800
0.705100
1.369700
0.457100
0.000000
0.527500
1.295000
1.283300
1.010700
0.555000
0.496700
1.307000
1.204100
1.188200
1.238700
1.213300
0.587600
1.290800
0.806300
0.615100
0.398800
0.706700
0.381600
1.000800
0.825900
1.112300
1.084400
0.383500
0.530100
0.517700
0.536200
0.530700
0.509200
0.000000
0.543300
0.557800
0.533800
0.526000
0.536400
0.570300
0.529200
0.584800
0.536500
0.612700
0.545300
0.550500
0.535500
0.533700
0.531800
0.000000
0.555400
0.549600
0.630300
0.612600
0.561400
0.534100
0.538400
0.547800
0.562300
0.651300
0.534600
0.605200
0.518200
1.328700
0.578900
1.338500
0.567400
0.420800
0.555900
1.311000
0.756900
0.828300
0.000000
1.151300
1.288700
1.253100
0.651300
1.353400
0.000000
0.510700
0.000000
0.527800
0.530600
0.530600
0.523400
0.591200
0.535700
0.532700
0.515900
0.619800
0.530000
0.530100
0.525500
0.551600
0.518900
0.523900
0.558000
0.542800
0.537900
0.531600
0.527000
0.523100
0.526300
0.712000
0.636300
0.527700
0.535500
0.539400
0.561800
0.531000
0.712200
0.547100
0.526800
3.651000
1.733900
1.995600
1.386100
2.872400
2.440200
1.350600
1.791700
0.000000
2.583600
1.051700
2.165400
0.535600
1.600600
0.531600
0.578500
0.575800
0.000000
0.627800
0.541700
0.508600
0.676200
0.000000
0.656600
0.618800
0.584200
0.705700
0.559500
0.689500
0.749400
0.532100
0.000000
1.000200
0.627100
0.754200
0.560100
1.025400
0.000000
0.690500
0.544900
0.517700
0.520300
0.000000
0.524800
0.703600
0.523900
0.569900
0.525800
0.523600
0.000000
0.000000
0.632600
0.717900
0.666000
0.556800
6.230200
0.975200
4.027300
3.843700
6.603500
0.000000
0.000000
0.538200
0.543800
0.544300
0.508200
0.648700
0.000000
0.537400
0.611800
0.530800
1.640700
0.575700
0.000000
0.530000
0.633200
0.534700
0.000000
0.530300
0.537900
0.000000
0.569700
0.736100
0.000000
0.000000
0.642100
0.524700
0.523700
0.000000
0.556900
0.591100
0.531000
0.668000
0.025400
0.575300
0.634600
0.540500
0.533900
0.606300
0.509300
0.529100
0.558600
0.000000
0.000000
1.003700
0.538300
1.103400
1.256300
0.396800
0.624300
0.966200
0.000000
1.190200
1.104000
1.191900
0.570800
1.033400
0.486000
1.138300
0.534100
0.699100
0.760100
0.766800
0.670900
0.955600
1.193000
0.529500
1.145800
0.917800
0.857600
0.938500
1.233900
0.585500
0.606400
0.594200
0.537100
0.530000
2.297900
1.706600
0.584900
0.741600
0.536000
0.535600
0.543200
1.146900
0.000000
0.752000
0.000000
0.819600
0.773600
0.862500
0.726800
0.856500
0.559800
0.666700
1.043600
0.507100
1.331700
0.534500
0.518900
0.402200
1.162400
0.798400
0.470000
1.303400
1.343600
0.040200
1.246800
1.001800
1.361400
1.070600
0.772300
1.356700
0.000000
0.733400
0.895600
0.627200
1.042300
0.540800
0.709600
0.427600
0.632800
0.000000
1.343800
0.430600
1.218500
0.016400
0.374800
1.270300
1.271500
0.584100
1.245700
0.704000
0.509500
1.228300
0.617300
0.567500
1.018000
0.464300
0.325000
0.707600
1.079200
0.602400
1.001000
1.546700
0.801600
0.000000
0.755100
0.676900
1.223700
0.757500
0.000000
0.449100
0.025200
0.000000
0.586600
1.195100
1.180800
0.717600
0.484300
1.286500
0.442100
0.540700
0.310400
1.291400
0.444800
0.000000
0.751700
1.001800
0.719800
1.007300
0.338200
0.592100
1.138800
1.034100
0.941600
0.000000
1.441400
0.338400
1.184300
1.256400
0.912000
1.257300
1.355500
1.090000
0.994300
0.467400
0.997100
0.592600
1.039800
1.002300
1.335600
0.536000
0.690700
1.150600
0.550900
0.417700
0.000000
1.098900
0.985300
1.005500
1.022300
0.544800
1.300500
0.973000
0.661400
0.532800
0.519300
0.427000
0.931600
0.703700
1.008400
0.525500
0.525400
0.000000
0.536000
0.627000
0.533500
0.000000
0.573300
1.834800
0.506700
0.000000
0.538600
1.157200
0.609800
1.235300
0.000000
1.080500
0.575000
0.999900
0.000000
0.763100
0.814800
0.924800
1.002900
1.494300
0.925000
0.852500
0.462100
0.453600
0.595200
0.349900
1.254100
1.330600
1.049800
0.544400
0.456700
0.998700
1.187100
1.198000
0.509500
0.497000
0.356700
1.244900
1.195500
0.521200
0.944200
0.848200
0.778300
1.115500
0.641400
0.522500
0.550500
0.876400
1.127800
0.385100
0.525600
0.325000
1.016400
1.124900
0.383700
1.091400
0.520200
0.747300
1.057000
1.079000
0.530100
0.000000
0.000000
0.567000
0.000000
0.000000
0.560900
0.528300
0.020800
0.529400
0.616800
0.513800
0.000000
0.543100
0.631600
0.584900
1.052700
0.522500
0.526900
0.530700
0.568700
0.540300
0.534600
0.522600
0.534700
0.538800
0.550800
0.527300
0.582100
0.766600
0.549900
0.547700
0.555300
0.698600
1.000700
0.383600
0.000000
0.356200
1.151400
0.651600
0.578300
1.316400
1.195900
1.253000
0.000000
1.191300
1.201500
1.286200
1.097200
0.754500
1.253800
1.309000
1.235200
0.000000
1.049700
1.338700
1.321100
1.240300
0.535300
0.328600
1.304300
0.975200
0.552600
0.431000
1.128200
1.061600
1.285500
0.000000
0.399100
0.422800
1.215800
1.305100
0.710400
0.554100
0.480400
0.642800
0.000000
0.511500
1.281700
1.200800
0.629700
0.860400
0.432800
0.000000
1.167100
1.161200
0.410200
0.770100
0.362900
1.167000
1.000800
1.238400
0.734600
1.281100
0.544000
1.205900
1.181200
0.595900
1.166800
0.780600
0.660900
1.267600
0.560100
1.193200
1.213600
1.319100
0.536400
0.817200
1.320000
0.704100
1.000400
0.507900
0.640700
0.899500
0.347800
0.426000
0.841900
0.879200
0.506600
1.190800
0.981300
0.512900
1.086500
0.000000
1.224800
1.010500
1.303900
0.542000
1.269100
1.003900
1.334700
0.979300
0.563200
0.674300
1.099200
0.000000
1.214500
0.717700
0.539800
0.532900
0.535800
0.527000
0.557100
0.596200
0.000000
0.516100
0.541800
0.550300
0.576300
0.568600
0.529200
0.000000
0.539200
0.564500
0.536100
0.633600
1.058900
0.527500
0.529600
0.530100
0.534000
0.593800
0.686900
0.540000
0.539000
0.000000
0.530800
0.543100
0.021000
0.000000
0.599700
0.531900
0.531500
0.634900
0.533700
0.573500
0.528400
0.584000
0.526500
0.000000
1.229100
0.561900
2.099400
0.531900
0.646400
0.618800
0.573000
0.523500
0.529000
0.000000
0.540400
0.669900
0.564100
0.538800
0.534900
0.631600
1.168100
0.639100
0.000000
0.582700
0.545400
0.534900
0.531900
0.534500
0.526800
0.000000
0.518000
0.000000
0.534600
0.000000
0.533500
0.532700
0.000000
0.597800
0.511400
0.712000
0.000000
1.081100
1.162500
0.000000
1.005300
0.000000
1.047000
1.280000
0.538200
0.391000
1.266200
0.936500
0.559900
0.868000
1.254100
1.021800
1.248300
0.020600
1.110600
0.326200
0.000000
0.538200
0.000000
0.625400
0.549000
0.753000
0.571600
0.000000
0.529200
0.532800
0.520400
0.534800
0.522400
0.535300
0.000000
0.528000
0.519400
0.532500
0.541500
0.521300
0.543700
0.529300
0.530100
0.515900
0.978800
1.311100
0.854400
1.385400
1.059700
0.609500
1.040900
1.305800
0.829600
0.979400
0.508500
0.531600
0.000000
0.000000
0.524500
0.517500
0.499400
1.200500
1.125600
0.623100
1.295300
1.088400
1.179200
0.542700
1.380700
0.000000
1.000800
0.532600
0.560100
0.550500
0.000000
0.563600
0.532700
0.585000
0.545300
0.535800
0.527000
0.543900
0.536900
0.525500
0.534000
0.527000
0.676600
0.000000
0.588800
0.570900
0.543700
0.539500
0.581900
0.362700
0.000000
1.015700
1.244100
0.574600
0.000000
0.966200
1.380200
1.094700
0.871900
0.540000
0.970100
0.643400
0.570000
0.584700
0.571900
0.528600
0.533700
0.000000
0.716200
0.548800
0.000000
0.508100
0.000000
0.000000
0.574500
0.531300
0.559900
0.645800
0.727100
0.654300
0.565200
0.523900
0.562900
0.564700
0.553700
0.575800
0.529300
0.000000
0.527100
0.526400
0.637600
0.577600
0.530200
0.543800
0.625900
0.532200
9.821700
16.054900
25.366900
18.454100
17.912700
18.925300
1.028500
2.171100
18.552300
5.996500
5.996500
0.999300
1.999400
1.001100
0.516300
0.560200
0.000000
0.611600
0.521000
0.531900
0.532800
0.575200
0.522700
0.540800
0.032900
0.000000
0.522700
0.535400
0.000000
0.529200
0.520800
0.538800
0.548400
0.518600
0.582400
0.548400
0.541400
0.533400
0.583600
0.642800
0.533700
0.000000
0.000000
0.543600
0.635300
0.530300
0.000000
0.532500
0.000000
0.556400
0.555600
0.388000
1.163800
1.169300
0.650600
0.543300
0.000000
1.197200
0.979100
0.535800
1.000600
1.230700
0.365900
0.672500
0.574500
0.517800
0.535000
0.603000
1.822200
0.587900
0.515700
0.537200
0.586500
0.564400
0.558900
0.517100
0.525000
0.751500
0.575500
0.564100
0.590200
0.580800
0.532500
0.526100
0.577000
0.535000
0.601100
0.000000
0.000000
0.627300
0.528700
0.533300
0.000000
0.603400
0.582400
0.517800
0.563300
0.542200
0.536900
0.546400
0.550300
0.587100
0.530100
0.553400
0.527600
0.651300
0.547800
0.524400
0.542000
0.524500
4.791200
0.546000
0.516800
1.239500
0.533800
0.982300
1.483400
0.689600
0.594500
0.545900
0.608600
0.521600
0.515900
0.590600
0.554700
0.528100
0.529300
0.590900
0.530700
0.541800
0.535800
0.643100
0.524300
0.640500
0.598900
0.000000
0.547100
0.554800
0.532300
0.562200
0.715100
0.442000
1.361500
0.655900
0.947900
0.448900
1.592500
0.718600
0.545300
0.684400
0.836500
0.981500
0.000000
1.480300
0.778500
0.517600
0.805900
0.997300
1.324400
1.007200
0.536800
1.281900
1.287900
1.147700
0.532600
0.000000
0.261500
1.419000
1.075700
0.761900
1.368100
1.261700
0.520300
0.761100
0.393200
0.453400
1.167400
0.148000
0.425600
1.001000
0.765300
0.353400
1.090800
0.555800
0.646100
0.499900
1.276300
1.183700
0.542300
0.527200
0.000000
0.496300
1.183100
1.251500
0.362000
0.000000
0.539100
0.657900
1.340800
0.700300
0.712200
0.565500
0.496100
0.670700
0.770100
0.370100
0.559900
0.719700
0.036600
0.551100
0.727700
0.755900
0.980300
0.639900
0.614300
0.540400
0.641000
0.531900
1.085800
0.543600
0.563700
0.530000
0.529500
0.000000
0.596500
0.546600
0.526300
0.540700
0.548700
0.570400
0.528200
0.573000
0.538900
0.527800
0.527400
0.000000
0.653600
0.540300
0.531400
0.030100
0.582800
0.523500
0.530300
0.958900
0.000000
0.547500
0.637900
0.536700
0.536600
0.551600
1.204400
0.711800
0.465800
0.482400
0.911000
0.650700
1.180300
0.541100
1.280000
1.270700
1.268600
0.000000
0.572600
0.540000
0.718700
0.454000
0.556000
1.071000
0.877900
1.263900
0.585200
0.489400
0.858400
0.918200
0.000000
0.497700
0.942900
1.219000
0.000000
0.472900
1.009500
1.005200
0.000000
0.480500
0.666700
0.784900
0.374100
0.000000
0.847100
0.611100
0.629300
1.087100
0.515900
0.950000
1.034300
0.553400
1.200300
1.173300
0.907900
0.521000
1.023300
1.352800
1.438300
0.620400
0.679300
0.546900
0.868300
0.445500
0.535300
1.405200
1.290000
1.348700
0.684600
0.000000
1.094200
1.004600
1.140800
1.399500
0.400400
1.026800
1.163100
1.262400
0.143400
2.564600
1.143000
0.482600
0.000000
0.000000
0.542500
0.600900
0.557600
0.536400
0.735000
0.544000
0.643000
0.608200
0.761400
0.538700
0.533900
0.546200
0.560300
0.618400
0.134100
0.543300
0.144800
0.563900
0.517700
0.530300
0.564700
0.517900
0.594500
0.534200
0.592100
0.605900
0.534200
0.578400
0.517300
0.559900
0.515900
0.666400
0.527200
0.563700
0.550900
0.557400
0.523500
0.559100
0.554500
0.547000
0.543300
0.087500
0.547400
1.141900
1.370500
0.835900
1.085200
0.578300
0.523500
0.643400
1.252100
1.200400
0.562500
1.292600
1.186500
1.092100
0.527200
1.212000
0.637300
0.653000
0.432700
0.496600
0.909400
0.587600
0.529000
0.378900
0.402200
1.084800
1.585600
1.192600
0.687900
0.533100
1.186600
1.312300
1.532500
0.756200
1.342900
1.277100
1.227600
0.208200
0.615100
1.346100
0.421500
1.350600
0.476900
0.424600
0.129000
0.330900
0.786500
0.396200
1.207200
0.622500
0.379600
0.415100
1.312600
1.267100
1.171300
1.290900
1.317900
0.571000
0.768900
0.632200
0.364600
1.099200
1.270200
1.253800
0.557500
0.468500
0.342200
1.234000
0.552600
0.623800
0.980600
0.875200
0.798200
0.557000
0.511700
1.049100
1.300800
0.331700
0.680900
0.544900
1.036800
1.203300
1.053800
1.251600
0.730500
0.459800
1.203500
0.000000
0.000000
0.546100
0.725100
0.375000
0.000000
1.320300
0.528900
0.928000
0.929900
0.000000
0.750800
1.020700
0.871600
1.001100
0.000000
1.323400
1.250100
1.115700
0.821200
3.135600
0.851600
0.995600
1.286300
0.535900
1.004200
1.122300
0.379400
0.542300
0.527100
0.474500
1.460800
0.556200
1.058900
0.523100
0.988600
1.208000
0.867600
0.000000
0.508500
1.116300
1.112300
1.226700
0.534900
1.070700
1.027700
1.146300
0.816700
1.033500
1.246400
1.107400
1.750200
0.781300
0.785100
1.000800
1.290400
0.000000
1.001100
0.653800
0.000000
0.520900
0.527100
0.542500
0.620900
0.563200
0.517100
0.579600
0.676000
0.552700
0.611800
0.531400
0.589500
0.000000
0.605900
0.534300
0.683400
0.589800
0.514600
0.537900
0.538600
0.523700
0.542600
0.566500
0.524700
0.542000
0.000000
0.587000
0.528900
0.574500
0.000000
0.530300
0.555100
0.547900
0.641800
0.628000
0.000000
0.558900
0.569600
0.531700
0.547500
0.579100
0.525600
1.127700
0.532200
0.507000
0.548300
0.586300
0.533800
0.544200
0.000000
0.605500
0.548200
0.535500
0.000000
0.542300
0.529700
0.533900
1.546700
0.566200
0.517400
0.585300
0.540200
0.000000
0.576500
0.550200
0.534300
0.540500
0.620300
1.965900
0.535700
0.522600
0.657100
0.774800
0.583200
0.533000
0.530000
0.550700
0.528700
0.534900
0.548400
0.303700
1.406900
1.286100
0.716900
0.635200
0.594800
0.542400
1.175000
1.256600
1.269200
1.101200
0.636200
0.664800
1.006100
0.553900
1.070300
0.628900
0.819500
0.762500
1.572300
1.258600
1.037300
0.691300
0.000000
0.676800
0.855600
0.840300
1.109300
0.801400
0.762200
0.000000
1.001200
0.998900
0.538600
0.994800
1.188400
1.224300
0.590300
0.460600
1.280000
1.283200
0.619200
0.491500
0.789100
0.537800
0.527900
0.502900
0.777700
1.131500
1.117400
1.214500
0.617900
0.000000
1.381500
0.501500
0.413900
3.000100
0.000000
1.172100
0.022100
0.727300
1.237400
1.208700
1.134000
0.805300
0.416300
1.362800
0.542600
0.649700
0.668600
1.201300
1.271200
1.221400
0.719000
0.541300
0.453900
0.790500
0.591100
0.636700
1.245500
0.539200
1.374900
1.249200
1.225600
0.000000
1.123600
0.669800
0.998500
0.597600
0.537700
0.521000
0.554500
0.749300
0.000000
0.522800
0.458600
0.535700
1.310700
0.405500
1.264300
0.121700
1.235900
0.000000
0.738200
1.225000
0.520500
0.568300
1.433700
0.697800
0.785800
0.790400
0.903000
1.405300
1.134400
1.012200
0.758000
1.434400
0.685800
1.139000
1.000900
1.100300
1.085300
1.388600
0.520800
0.000000
0.000000
1.002000
0.000000
0.996800
0.528300
0.415800
0.594100
1.226000
0.752300
1.105700
0.396800
0.000000
0.987600
0.552100
0.884100
0.453700
0.600500
0.000000
1.242200
1.232300
1.343600
0.524300
0.537800
1.361000
0.701000
0.000000
0.793400
0.761100
0.413600
1.013600
1.218300
0.819900
0.540300
0.045100
0.502700
1.308300
0.580900
0.474500
0.492800
0.659800
0.641100
1.335000
0.613800
0.661300
0.524300
0.795000
1.294600
0.000000
0.577100
0.536100
0.527000
0.554400
0.530000
0.520100
0.853500
0.556300
0.000000
0.000000
1.239800
1.015000
0.526400
1.164800
1.184300
1.063300
0.718000
0.640200
0.684900
0.672600
0.728000
0.661000
0.651700
1.289800
0.445200
0.756000
1.070300
1.312400
0.958600
0.827300
0.530100
1.311200
0.000000
3.189700
0.000000
0.545000
1.105500
0.508100
0.536500
0.539700
0.542200
0.560900
0.000000
0.605000
0.542100
0.564200
0.538700
0.520800
0.538100
0.546700
0.000000
0.506100
0.535900
0.567900
0.507500
0.559200
0.529900
0.529800
0.548300
0.535100
0.000000
0.559300
0.525900
0.508900
0.644200
0.000000
0.623800
0.000000
0.525800
0.558400
0.546400
0.526400
0.534800
0.507000
0.538400
0.000000
0.508000
0.523400
2.557700
0.548800
0.588000
0.578200
0.522400
0.545000
0.611800
0.000000
0.000000
0.537500
0.544500
0.538100
0.000000
0.511100
0.545200
0.616500
0.515700
0.525700
0.000000
0.522100
0.578700
0.534300
0.548300
0.531900
0.537100
0.547500
0.541900
0.021300
0.603500
0.507400
0.535100
0.542700
0.579400
0.539500
0.601600
0.555300
0.000000
0.000000
0.766200
0.000000
0.507800
0.608100
0.545500
0.000000
0.531300
0.531100
0.533400
0.544100
0.532200
0.549200
0.570000
0.521900
0.586200
0.549200
0.548800
0.000000
0.537700
1.031500
0.572000
0.446600
0.624000
1.120300
0.940300
1.049200
0.541300
1.789300
6.895400
1.912900
2.422700
0.979800
1.278600
2.392000
2.117900
1.250600
1.827000
1.341600
3.433900
1.126500
0.641200
0.723000
1.752200
1.372200
1.120900
0.577700
0.543500
0.536000
0.000000
0.948300
0.784600
0.632700
0.658300
0.586900
0.000000
1.268500
1.218900
0.778700
1.140800
0.782600
0.534900
0.523300
0.636800
1.330900
0.507000
1.199000
0.000000
0.555800
0.483400
1.295000
1.437300
0.954000
0.859100
0.718000
0.525200
1.306000
1.328100
0.487700
0.555700
0.732800
0.548000
0.340500
0.716600
1.113400
0.554400
0.726400
1.156900
0.763500
0.483000
0.532800
0.547000
0.545500
1.260800
1.000700
4.096500
1.322900
0.534000
0.597900
0.000000
0.507800
0.000000
0.564400
0.527000
0.000000
0.528300
0.609500
0.536700
0.543300
0.000000
0.536200
0.850400
0.541400
0.999100
0.962900
1.248800
0.597300
0.604300
0.638500
0.619100
1.083100
0.770200
1.348200
0.563000
0.796300
1.322100
0.866400
0.544700
0.926400
1.327000
0.775000
0.538500
0.866200
1.174000
0.466000
0.541900
1.341700
1.330000
0.616100
1.200700
0.566600
0.748600
1.170700
1.237000
1.000600
0.355400
0.546000
0.000000
0.543700
0.530100
0.665200
0.689800
1.064500
0.546100
0.862400
0.531900
0.542800
0.547100
1.080200
0.583700
1.360900
0.493100
0.077800
1.101700
0.826300
0.543200
0.621000
0.543100
0.616200
0.554300
0.525600
0.541000
0.536300
0.000000
0.601300
1.043200
0.865500
0.617300
0.679500
0.532200
0.659700
0.542900
0.529100
0.000000
0.000000
0.000000
0.535100
1.002800
0.796000
0.836300
0.677500
5.748500
0.565500
0.533200
0.506800
0.527800
0.525900
0.739700
0.579100
0.605800
0.619900
1.555400
3.232800
0.590100
0.526700
0.000000
0.574500
0.535200
0.538200
0.683500
0.638800
0.531400
0.545300
0.519300
0.592800
0.554000
0.576100
0.535300
0.574300
0.605800
0.535700
0.539600
0.535100
0.724400
0.000000
0.609300
0.539200
0.586900
0.529200
0.539800
0.534600
0.539100
0.674300
0.708000
0.515700
0.591300
0.540200
0.535400
0.530300
0.507000
0.576200
0.547600
0.565600
0.649900
1.061100
0.529400
0.551900
0.530700
0.544900
0.014600
0.000000
0.674400
0.789700
0.000000
0.557200
0.924300
0.969500
0.767600
0.529400
0.354500
0.706900
1.068400
1.302300
0.592800
1.054900
0.625000
0.415900
1.950200
0.830000
0.000000
0.383700
1.205200
0.000000
0.445700
0.333200
0.895200
0.733800
1.039200
0.627100
0.862500
0.857300
0.459600
0.484400
1.003100
0.564200
0.535700
0.608800
0.778200
1.115900
1.221400
0.528200
0.979400
0.467400
0.374200
0.509300
1.082500
0.000000
1.199300
0.534100
0.425900
1.355800
0.615600
1.031200
0.341000
0.735000
1.175000
0.500400
0.902000
0.800100
0.539300
0.842800
0.618000
0.527700
0.409500
1.253500
1.222500
1.000700
0.536200
0.427800
0.793000
1.184600
0.000000
0.533900
0.976600
0.979400
1.231000
0.515300
1.263500
0.533400
0.572900
0.660700
1.150900
0.622900
0.705000
0.533100
0.644900
0.535400
1.188200
0.999000
0.545600
1.335600
0.393800
1.246300
0.547700
0.535700
0.530100
0.551700
0.549100
0.551800
0.548400
0.535100
0.029700
0.000000
0.412500
0.333000
1.368200
1.171700
0.517800
0.043600
0.913300
0.774000
0.000000
1.084300
0.000000
1.257200
0.540200
1.209100
0.479000
0.923700
0.801100
1.036000
0.979200
1.361000
0.759300
0.484300
1.139900
0.611400
0.490000
1.173100
0.544000
0.507700
1.304700
0.972600
0.534300
0.000000
1.001000
0.908500
0.579200
0.570100
0.778700
0.523900
0.535200
0.558500
0.521300
0.532300
0.526800
0.554500
0.970200
0.000000
1.000600
0.000000
0.766500
0.000000
0.000000
0.000000
0.996900
0.000000
0.000000
0.000000
0.000000
1.430200
0.000000
1.177000
0.594800
0.741100
0.964100
0.000000
0.000000
1.336500
1.104900
0.654100
0.610800
0.742300
0.643300
1.237000
0.696700
0.443000
0.541600
0.544700
0.998200
0.937600
0.041500
0.547000
0.543700
0.554600
0.641700
1.267500
1.262000
0.665700
1.280000
1.229100
1.225600
0.552900
1.353000
1.331400
1.251700
0.546500
0.554800
1.378800
0.350600
1.167200
1.160200
0.601000
0.525100
1.294700
0.725000
1.007700
0.603800
0.531900
1.262100
1.230300
0.391900
0.000000
1.232300
1.348700
0.579800
1.220500
0.171200
0.532000
1.188200
1.102300
0.000000
0.527600
1.104800
1.190500
1.206400
0.635600
1.246400
1.361300
0.776200
1.311500
0.546500
0.435700
0.634100
0.000000
0.627000
0.674700
0.507300
0.749500
1.294800
0.000000
0.575000
0.424600
0.382800
0.543200
0.614700
0.791800
1.551700
0.560000
0.682000
0.702600
0.661200
0.405000
1.262900
0.589000
0.550200
1.265200
1.220800
1.237600
0.515700
0.667400
0.594000
0.355400
1.169200
0.000000
0.695800
0.681000
1.141700
0.562900
1.258900
0.669500
0.521800
1.141800
1.231500
0.553900
0.000000
1.582100
1.521000
1.000800
1.998700
1.002100
1.671900
2.002700
1.831800
2.001400
0.559200
0.652200
1.065000
1.079300
0.000000
0.521500
0.614700
0.543000
0.523300
0.545000
1.570500
0.586900
0.594800
0.535700
0.591900
0.000000
0.561400
0.026700
0.000000
0.536900
0.842000
0.978000
1.251700
0.558600
1.166000
0.892100
0.953700
0.525600
0.667300
0.000000
1.045600
0.433100
0.804100
0.533500
1.296300
0.364200
0.602500
1.123700
0.765300
0.527600
1.156100
0.569900
0.946100
0.908400
0.000000
0.882600
0.699100
0.862100
0.552000
1.320200
1.251700
1.223200
1.055500
0.102200
1.195200
1.310100
1.139900
0.510400
1.145000
0.984100
0.547500
0.635300
0.533700
0.516900
0.633900
0.534000
0.536600
0.000000
0.619300
0.648200
0.537300
0.531200
0.605900
0.521600
0.543400
0.516800
0.578700
0.581500
0.534400
0.527400
0.539400
0.079100
0.574800
0.665000
0.999000
0.567600
1.066900
0.743700
0.551900
1.180100
1.000600
1.211700
0.519500
0.575600
0.531300
0.521100
0.000000
0.000000
0.998000
0.521900
0.547600
0.613600
0.523900
0.514900
0.000000
0.000000
0.574800
0.000000
0.000000
0.524800
0.000000
0.691400
0.309100
1.063600
1.258500
1.178400
0.527000
1.341600
0.965700
1.285000
0.000000
1.273700
1.096100
1.038100
0.522000
1.070000
0.541800
1.156700
0.743100
0.544900
0.600900
0.954100
0.404400
0.406300
0.542400
0.631400
0.532900
0.563100
0.515300
0.548300
0.538100
1.162900
1.192400
1.205700
0.794900
1.280200
1.145500
0.000000
0.523600
0.507700
1.300300
0.639900
0.367200
0.312200
1.201100
1.142900
1.018600
0.613000
0.973500
1.042100
0.313400
1.035100
0.588100
0.960900
0.000000
0.905500
0.681600
0.679700
0.541100
0.999900
1.162000
0.000000
0.000000
1.248400
0.994300
0.542400
0.485000
0.562500
0.556100
0.549300
0.000000
0.565300
0.540700
0.581900
1.116400
0.000000
1.010800
0.528700
0.532400
0.000000
0.000000
0.547900
0.000000
0.520100
0.544000
1.155300
0.000000
0.539500
0.000000
0.522700
0.987900
0.000000
1.000200
0.777200
0.941000
0.000000
0.987300
0.907100
0.549100
0.893900
0.000000
0.920100
0.748600
0.625600
0.527300
0.000000
0.000000
0.535700
0.415900
2.350000
3.655500
0.580200
0.536600
0.000000
0.543600
1.104600
0.983600
0.183300
0.796500
0.535700
0.000000
0.709300
0.522800
0.021600
0.532900
0.000000
0.000000
0.667500
0.000000
0.998700
1.000500
0.000000
0.532400
0.436500
0.890500
1.730300
0.542200
0.526500
0.537900
0.555400
1.314800
0.534600
0.944100
0.551200
0.649700
2.069900
2.205000
3.032700
2.843300
2.798100
5.683000
7.132400
0.730900
1.338900
6.660600
6.000000
2.809800
4.747500
0.508000
3.941500
0.533600
0.637800
0.724300
0.000000
0.691800
0.541600
0.559000
0.544900
0.000000
0.529200
0.000000
0.525600
1.042100
0.000000
0.541900
0.000000
0.529000
0.000000
2.819400
0.000000
0.000000
0.529800
0.000000
1.001900
0.521700
0.526600
0.000000
0.531800
0.000000
0.546900
0.000000
0.644000
0.528600
0.575100
0.588600
1.083100
0.519900
0.000000
0.527100
0.000000
0.605500
0.533100
0.530400
0.529700
0.594400
0.540600
0.541100
0.000000
0.718400
0.567500
0.510000
0.557400
0.529700
0.548600
0.530900
0.557100
0.611400
0.555500
0.792500
0.738300
0.626500
0.996100
0.658100
5.246200
0.662400
0.868800
0.555800
0.762400
0.616900
0.563000
0.579400
0.554600
0.999200
0.903100
0.554600
0.591600
0.705500
0.755400
0.588800
0.603200
1.186200
0.999100
0.000000
0.000000
1.000900
0.000000
0.000000
0.999800
1.000700
0.999500
1.001500
0.000000
0.000000
0.999700
0.999200
1.001300
0.000000
1.001900
3.001200
1.998100
2.001000
0.999800
0.998400
0.000000
0.000000
0.995900
0.000000
0.526600
5.002000
10.999300
6.698000
6.557900
0.588500
0.629300
0.545500
0.575900
0.533000
0.620300
0.533700
2.658700
2.099000
1.045300
0.000000
0.722300
0.000000
0.554600
0.506700
0.000000
0.736400
0.539500
0.678900
0.529900
0.507800
0.528100
0.663500
0.545000
0.533400
0.542800
2.856800
0.000000
0.537400
0.000000
0.533100
0.544000
0.540600
0.528300
0.573900
0.543000
0.539800
0.554700
0.542900
0.000000
0.661600
0.666100
1.004500
0.795000
0.485000
0.956400
0.000000
1.420600
1.221400
0.537700
0.632400
0.419700
0.574000
0.601100
0.844000
0.581300
0.834500
0.534300
0.000000
0.671900
0.547700
1.551600
1.041400
0.995700
1.122400
0.800400
0.652500
1.232300
0.813300
0.531700
0.997600
1.000400
0.644000
1.146500
0.535600
0.521800
0.524900
0.000000
0.000000
1.006900
0.566200
1.004100
0.852200
1.262400
0.584200
1.227500
0.567700
0.827800
1.142000
1.181400
0.516800
0.580000
0.578900
0.408100
0.463600
1.252600
1.342400
0.840200
0.838900
0.572400
0.707300
0.506200
1.000600
0.410400
0.768900
0.723900
0.607700
1.266500
0.658500
0.332100
0.787100
0.593600
0.617800
0.521200
0.000000
0.510100
0.534000
0.850400
0.000000
1.193700
1.169500
0.000000
1.002100
0.467700
1.134300
1.001400
0.760800
0.520300
0.537000
0.000000
0.531900
0.574700
0.000000
0.000000
0.042500
0.538300
0.534900
0.548100
0.000000
0.520400
0.602300
0.029200
0.000000
0.594300
0.543100
0.000000
0.564600
0.000000
0.547700
0.561300
0.622600
0.000000
0.553400
0.000000
0.000000
0.651400
0.534200
0.524700
0.000000
0.581900
0.546400
0.000000
0.000000
0.000000
0.522600
0.000000
0.813900
0.000000
0.000000
0.236000
0.000000
0.000000
0.521400
0.577500
0.616300
0.542400
0.528700
0.000000
0.000000
0.000000
0.671300
0.531700
1.050200
0.522500
0.000000
0.000000
0.000000
0.634400
0.514100
0.532500
0.527500
0.000000
0.000000
0.553900
0.521400
0.000000
1.903200
0.612700
0.056400
0.731000
0.566400
0.543000
0.000000
0.978300
0.000000
0.540600
1.099600
0.531700
0.526300
0.534400
0.000000
0.542100
1.311200
0.593600
0.948100
0.385700
0.549900
0.437200
1.223800
0.963000
0.576000
0.905500
0.983000
1.337900
0.000000
0.835200
3.699800
0.395600
0.352600
0.643800
0.798500
1.873000
0.676700
0.425200
0.751700
0.788100
1.097900
2.140100
2.098600
0.697200
0.650900
0.510700
0.439600
0.626000
2.733100
2.047300
0.701400
0.853600
1.201900
1.319900
0.546500
0.475400
4.371800
0.542600
3.582900
0.445100
1.364600
3.765700
0.730800
1.155100
1.285500
1.316600
0.670100
2.993300
0.522800
1.005500
1.155000
0.000000
3.160100
0.000000
0.000000
0.566300
0.542500
2.357200
0.516800
0.000000
0.000000
0.554300
0.042200
0.000000
2.996800
0.508600
0.542700
0.067100
0.000000
0.000000
0.511600
8.866300
0.509900
0.533300
0.522400
3.457900
0.000000
0.564600
0.533200
0.562100
0.490700
4.029900
0.534600
0.000000
0.526000
0.538400
0.000000
3.371600
0.539400
0.696600
0.522100
2.077100
1.622700
0.585000
0.578600
0.538100
3.459300
0.535200
1.176800
1.200000
0.955800
2.652400
0.514500
0.534400
0.524300
0.759300
0.693900
0.705600
2.151600
2.033700
0.971600
0.544600
1.287600
1.558100
1.617300
1.342100
5.998200
1.002300
0.000000
1.000200
1.000000
1.999500
2.997300
6.162400
1.019200
1.078900
0.541500
0.000000
0.516300
0.578400
4.215600
0.657200
4.760900
0.540600
0.520100
0.534600
3.159900
0.000000
0.534300
0.540800
0.597700
0.509100
3.737600
0.524800
0.000000
0.523200
0.000000
3.847300
0.017300
0.547900
0.000000
0.522400
0.568200
0.528700
0.571600
2.710800
0.000000
0.529600
0.630100
0.000000
0.534600
3.259600
0.574900
0.545100
0.536500
0.031600
0.525400
0.747300
0.772300
0.723000
0.670700
0.997200
